timestamp,table,transaction_hash,block_number,from_address,to_address,value,gas_price_gwei,status
2025-10-24T17:56:42.075961,ethereum_tx,0xab9b982da8148898fdf815d34f84843e6c29633ed7e3b4fb7b29322d4b80ac98,9481627,0x757B2400A3BE0949dEC8DCa42719a5dDe0BA0F1e,0xcA11bde05977b3631167028862bE2a173976CA11,0.0,3.00000001,confirmed
2025-10-24T17:56:42.075961,ethereum_tx,0xe57679e186b4f842ded89cdb29a88a00eb286118170c43489a18113259da722a,9481627,0x615E0671717121f54A741f5CEf5aB14d9E8f0695,0x0071679f8024e420A6E2138B2F3bAaA3095BC782,0.0,2.00000001,confirmed
2025-10-24T17:56:42.075961,ethereum_tx,0xa96902901a8277a554a4e5b7205b8e5751e7d4f5f264bdb767923bcd36122eaf,9481627,0xee1E8FE18bE6f3e731AE3e0fF080A20b0f5aC15D,0x009d83eA2AFDa4ADDbe5C32F34e2aEAA31Ca61Ba,0.0,1.00000001,confirmed
2025-10-24T17:56:42.075961,ethereum_tx,0x40065b1165ce3adb4964d3d84fded20c9383c215d53068c13824f5b724a05e17,9481627,0xAf6b508bF1f658fa9DF0FEB1E431b3334E1EC8fA,0x18bCB94F6334100A6f9b942D7E5DF214287238b0,0.0,48.00000001,confirmed
2025-10-24T17:56:42.075961,ethereum_tx,0x821b324ac23807f5fd4a66acdb6b17b3333b7909c7066d5ccab2687145b49ba6,9481627,0x55A07F9f7eD7F110c2Ddd8f2f5d8677Dc94aF4E2,0xeA30c4B8b44078Bbf8a6ef5b9f1eC1626C7848D9,0.0,2.20000001,confirmed
2025-10-24T17:56:42.075961,ethereum_tx,0x6fc4455a142ef1ec60b87e97a145c7ce6c4b660b01a3e37a85080d3a7ff62ab5,9481627,0x319dd63E0AC72e7Ac74443029d074032c043460F,0x1c7D4B196Cb0C7B01d743Fbc6116a902379C7238,0.0,2.00000001,confirmed
2025-10-24T17:56:42.075961,ethereum_tx,0xb20ef6c196ddfe7771ba73a77872fa118c661bd38a44990468fe581f2b1a9be9,9481627,0x6a433a9762dE9b9D3aEf3831Adf4753251291405,0xfD4559b473fbcEABc0F68631646d6CEadF7B7040,0.0,2.000000009,confirmed
2025-10-24T17:56:42.075961,ethereum_tx,0x050d1f0f0e2edaf7cc8631a311cc81832493bcae14b985265ba1deb3ab2b9c11,9481627,0x6a433a9762dE9b9D3aEf3831Adf4753251291405,0xfD4559b473fbcEABc0F68631646d6CEadF7B7040,0.0,2.000000009,confirmed
2025-10-24T17:56:42.075961,ethereum_tx,0xb0d2ebc85a86ff5cbe35015cb9c32b27ad81a51ee45b1f7ac7d3fa6aa2f068b4,9481627,0x5a7439cD04f06Fc586B8Fea048bE4380550eb685,0xffD8e69183221c2363b0ae9166742f220fBFF844,0.0,1.50000001,confirmed
2025-10-24T17:56:42.075961,ethereum_tx,0xd28a649795c9c2abeb9bbe3c634bacaf5382d818b33beb1d029be0a9f0ba49a6,9481627,0xEf2d3039A9EC95Cb8CaE162059E95112BC8C4944,0xBC04d69Ecd7890699b2BE7924eA86474e15098E6,0.599968499999895,1.50000001,confirmed
2025-10-24T17:56:42.075961,ethereum_tx,0x988386b8d5c9afa0ed37df1000052a0ed6fd7d960c7bf9e7d83b9a198c78d0f3,9481627,0x0D3633251Cc5157304f5088B99c5ae62D43FbD4D,0x87A3effB84CBE1E4caB6Ab430139eC41d156D55A,0.0,1.50000001,confirmed
2025-10-24T17:56:42.075961,ethereum_tx,0xac632b84fa47fdd7207f4b3a239603007ff4d72a2f9263c7c8cc024988aa28ae,9481627,0xe3Af309aE645E5D57c47BC29c222b2E633961fb7,0x74004d8F4094Fc628A1f9A9240CDa90B81F113C0,0.0,1.50000001,confirmed
2025-10-24T17:56:42.075961,ethereum_tx,0x602d6bb4b99c2bc3861c14fe5f950e91f6dc3ec71890d427bee4b12dbd9e8b59,9481627,0x3e3fe9D33AfbBca3D5514379b73c7D364c260635,0x844737f8977b57d2931caAF987307Ce9AD2f01eB,0.0,1.50000001,confirmed
2025-10-24T17:56:42.075961,ethereum_tx,0xa6d7135722358a413b12497cb86640b05772b6b1547fc3656140f0fc0ead62f5,9481627,0x3e3fe9D33AfbBca3D5514379b73c7D364c260635,0x844737f8977b57d2931caAF987307Ce9AD2f01eB,0.0,1.50000001,confirmed
2025-10-24T17:56:42.075961,ethereum_tx,0x474e572f532751267e6f64394e1a59f10cac809ed1470223ca591ba3f5ed82a6,9481627,0x796E2B5fd93aaa28968AA1eFCb72EbB3797405Ff,0x57c5dC670eB6f571bDD8Fc1CF178c46c9A917A74,0.0,1.5,confirmed
2025-10-24T17:56:42.075961,ethereum_tx,0x9d41cb25aa97e07ef217e59d9af8e2fdfef7502880d518964d225aa383ce66ec,9481627,0xEae3e0D41321BCad56A94805135B0820cbce5877,0x2A4496bbC344414e3bDbE6a8E7c40EF007DAeEd1,0.0,1.5,confirmed
2025-10-24T17:56:42.075961,ethereum_tx,0xd58e0681eca262f3008f775f37a7d67eaf02f695dfc6403866c3bf07592278fe,9481627,0xD61a6BaB67F89A1789Cf0C324b0cCdb0e66BfbD6,0x2A4496bbC344414e3bDbE6a8E7c40EF007DAeEd1,0.0,1.5,confirmed
2025-10-24T17:56:42.075961,ethereum_tx,0xa0c706a9ceacb25f5e2d7c82b826d11784d9b0232e5c0eae90dee958cb3b0607,9481627,0x9e0F72Ba7a535EB2c7eb9DC1D240Da4e3BdBDc53,0x2A4496bbC344414e3bDbE6a8E7c40EF007DAeEd1,0.0,1.5,confirmed
2025-10-24T17:56:42.075961,ethereum_tx,0xac6cedfcf071ebeaecb07baf91bcce57c821913397d8fb58db2f496135b2fa9f,9481627,0xFAd375c46FF1362dEde4c1dC2665D9d9F3295DBd,0x2A4496bbC344414e3bDbE6a8E7c40EF007DAeEd1,0.0,1.5,confirmed
2025-10-24T17:56:42.075961,ethereum_tx,0x24d97b5dd8a0e8aab69a1199ccbd4a650fdfe7b0c3cfc962edab7b4f8383a695,9481627,0x2f517FEbb3ec80a1b72155A19D3A542587a5f95C,0x2A4496bbC344414e3bDbE6a8E7c40EF007DAeEd1,0.0,1.5,confirmed
2025-10-24T17:56:42.075961,ethereum_tx,0xf95d8801ad60e9c0ef457bb3950564a72ae403780695155fe1bde85f93d5e773,9481627,0xc6e62F7909A8Db1762eb7C809F928f94C8DaDdf5,0x2A4496bbC344414e3bDbE6a8E7c40EF007DAeEd1,0.0,1.5,confirmed
2025-10-24T17:56:42.075961,ethereum_tx,0x9901d2f1bb4dc17af93ec6185d121c91972f352d8967d607a6fbd6ad320668b1,9481627,0x0CcB51b07c492A21B24f2D631c34b52cf249ef81,0x2A4496bbC344414e3bDbE6a8E7c40EF007DAeEd1,0.0,1.5,confirmed
2025-10-24T17:56:42.075961,ethereum_tx,0x37652c731b04012c637929830e6d54c69e7e5692b70b318a88c763739e96c777,9481627,0xfC1088eeaBC37E2B04A2E11631B4E8E81523e67E,0x0002f5b812dB3144aB73adC153bc8d876485C4B8,0.0,1.00000001,confirmed
2025-10-24T17:56:42.075961,ethereum_tx,0x46f59e6c6104a481d079dd2867d8a338a9518ed47ec4b9631b441e416a0c2825,9481627,0xEbDf9256B79b2ca70Dfc4392280f4D39C64E48E4,0x157dF160081dC8b97900F4D0D276ed8DEa29976d,0.0,1.00000001,confirmed
2025-10-24T17:56:42.075961,ethereum_tx,0xac2fa0597ffded45f3717418fc13b4712d5bb20dd4631863d74270e60b7b58e8,9481627,0x919934826c7DE1B30ff94Afe772898B09D502cdF,0xFF00000000000000000000000000000000695569,0.0,1.00000001,confirmed
2025-10-24T17:56:42.075961,ethereum_tx,0xeb18d36c57f3c471e3eb157012a5dac552741724febba6dbd1f69e4e3a497e6c,9481627,0xa7A272a1FF0122e4Be4Bf0Ad644f2F5343181cc8,0xBaa9E8Cb44c7c4b259E4B39301104c894b73952D,0.0,1.00000001,confirmed
2025-10-24T17:56:42.075961,ethereum_tx,0xf8e35c341960df6429290e95a82443debb1ff56c5578127fab3a76426a33c9c4,9481627,0x45A9E762151139bA4059404989DcFAb068D69823,0xFf00000000000000000000000000260011155008,0.0,1.00000001,confirmed
2025-10-24T17:56:42.075961,ethereum_tx,0x2950143eb35b01f43e1c5f66dcab60ff750450edb00af30c97ad95cb41bf0745,9481627,0xAC1CCFB1826502E9E9B01F21124EfE5a9c228186,0x725eA3FEc0a01F99E89DFE47DB89C458FBEE1ac9,0.0,1.00000001,confirmed
2025-10-24T17:56:42.075961,ethereum_tx,0x7b3371d4d4330fc29ee43164badf9f034a4a5b3ab7f28e720654c967cbb2f6d3,9481627,0x2a66A77dEe2ec1c6c59A33b070665607d777B122,0xb9248E5E679E251443a52f0d481C6736162ceA0e,0.0,1.00000001,confirmed
2025-10-24T17:56:42.075961,ethereum_tx,0x59b94a1d0429db961b0a8225ec141dc21e9d28e66f70460dc9c0bc46ded95f6d,9481627,0x0aCeC9CFc210d164A1D03757F003Fd2485F14Fdf,0x071fC5761544A9a3b9f01DbBBa5D01818C6BdACe,0.0,1.00000001,confirmed
2025-10-24T17:56:42.075961,ethereum_tx,0xc6baa2a829de63251e5f5beef01f448d2edf9e04e0dfce475b91f58a36225d59,9481627,0xa029e2E511d10CC73b681a7BA0A0cb443AE956Ed,0x5F9364fd5F86091f0c654910c9Db71D3E2c889c3,0.0,1.00000001,confirmed
2025-10-24T17:56:42.075961,ethereum_tx,0x6b4e3527def28197b99854088a93d089e3af4c60b63b1bc408f8066e66e34085,9481627,0x0F801fADe05143616983E0184f828797092a7bBE,0x846eFB0FD8051472291AF4F5633Ace5C0994A533,0.0,1.00000001,confirmed
2025-10-24T17:56:42.075961,ethereum_tx,0xd3f72d5a254fdfbe0e58c372b877c08b36aee617c5dd48059c18f744c6bf6567,9481627,0xF0FEd0C0192539a1076d8BDa1233f414704d98Be,0x00D22efF04CF7d0f5A355A6D9A06E43120398dA6,0.0,1.00000001,confirmed
2025-10-24T17:56:42.075961,ethereum_tx,0xb68af4136800169c666b22575d19b8c2ae3f4265acec3dc7b00988db30aa2d67,9481627,0x5070BFaD0BEbd52AE6970f4f8fdB0bb3D25c0c04,0x425b27a4D2F3025e40C371907B9d8ceb02E1f1Ce,0.0,1.00000001,confirmed
2025-10-24T17:56:42.075961,ethereum_tx,0x69425d4e942da38215adc465b524bf464726a8659e8cad1d93e36b73c9f38e33,9481627,0x10eddC00D507E4C161e3A57C2920B2564ddBcB99,0x0017534462B1f8d26fCf0cb4042Cf1c5ae0BF65d,0.0,1.00000001,confirmed
2025-10-24T17:56:42.075961,ethereum_tx,0xccc699e5e0e6829972b3acc14e2d729ca2a8d2ecc1e142105f22a71f0a5e6d71,9481627,0xF33827175e9414dfa1E4f0827F106359F6b52AB7,0xea86b43278159379686B220b0f858086e631cE1e,0.0,1.00000001,confirmed
2025-10-24T17:56:42.075961,ethereum_tx,0xc368cbc48b6bdbd473aa5e8f948d4df630ab5e3654b1944aa6660d96936ce0c4,9481627,0x54E3db163288b3b4AEBF00655ebC5f04dB906E22,0x7b79995e5f793A07Bc00c21412e50Ecae098E7f9,0.0001,1.0,confirmed
2025-10-24T17:56:42.075961,ethereum_tx,0x78327f85285641cf3eb34d37e8bb75c0c729739918ed8446feee4be2a5c13f03,9481627,0x5d6D80BF648E0B6023149b06f4cBB4d9ff4339DD,0x55414C542b7AD44C56741205757Ec0b7007c64C7,0.0,1.0,confirmed
2025-10-24T17:56:42.075961,ethereum_tx,0xe73bd898e611b2be9223cde49d9b6d77bd5544d6ab8f90bd3c9bc1dae4206e0b,9481627,0x4Db7E4E00401Db46c0Afb3f93E5E06A3E5966872,0xfFAEF09B3cd11D9b20d1a19bECca54EEC2884766,0.0,0.10000001,confirmed
2025-10-24T17:56:42.075961,ethereum_tx,0x3e669548b217a42327e6ff24c80be82cb39cc936955683c51c9b8fb5d5424243,9481627,0x70d4f60BF0482CFf6E48cA7A31D272a2e375925b,0x0000000071727De22E5E9d8BAf0edAc6f37da032,0.0,0.10000001,confirmed
2025-10-24T17:56:42.075961,ethereum_tx,0x4e826a11f9a3482233965da3085215779a22c090ad4e97ed9e2e18bb902d8c40,9481627,0x786c85102Bc04De32FAECc1532692c02daf19953,0x5FF137D4b0FDCD49DcA30c7CF57E578a026d2789,0.0,0.10000001,confirmed
2025-10-24T17:56:42.075961,ethereum_tx,0x579483be6181b103d862b6abc4ee826ce0c381cebfab70425c86fcb7e2654487,9481627,0xFcC86E3d8eC051bD0BdcF3D492C3dEF0B9D325fe,0xDFe1f6a4F26aDd4CB688027b2e86d8cBF7CCA1a7,0.0,0.05000001,confirmed
2025-10-24T17:56:42.075961,ethereum_tx,0xfa72f8595c1d39fe46a62decee8ba5bb4eced13190c24c8a90c49f7799fc9a45,9481627,0x3741aa5d075edaD785e2DD809960c4D3eEd8060b,0xf993E10C83Fe26DddFc6cb5E82444C44201e8a9C,1e-06,0.02000001,confirmed
2025-10-24T17:56:42.075961,ethereum_tx,0xc49f628b86e983cf51e47413fb818e310ca526eb025aeafc93839584b7472dd2,9481627,0x4a694B1A8e2c9D8237885C15Bd928277bC832336,0xf993E10C83Fe26DddFc6cb5E82444C44201e8a9C,1e-06,0.02000001,confirmed
2025-10-24T17:56:42.075961,ethereum_tx,0x6555cc8dce42bd54ae82f5a5892497d1e0f49e5f2584c26d6453034e1f81decb,9481627,0xA5CCE65FfBD27EcCe1020bAEd18C24c87A0942af,0xf993E10C83Fe26DddFc6cb5E82444C44201e8a9C,1e-06,0.02000001,confirmed
2025-10-24T17:56:42.075961,ethereum_tx,0xd0e3597a241ed5ceb94c42dd5311012f4d4bb8540bd642b376c0a3935934b52a,9481627,0xD30434864E3ff5ae3Ca0c260849741D267200E77,0xf993E10C83Fe26DddFc6cb5E82444C44201e8a9C,1e-06,0.02000001,confirmed
2025-10-24T17:56:42.075961,ethereum_tx,0x9a5e06f449e6f683896e6c92cfac4e73fbb1574459aa60f09800c24d42044d96,9481627,0xb3a1956Cff1ecc8054B81b0C83b9847CB71384b8,0xCf8EDB3333Fae73b23f689229F4De6Ac95d1f707,0.0,0.003700832,confirmed
2025-10-24T17:56:42.075961,ethereum_tx,0x57358c91f7a7b1eb5cdfc2e0973f13a6ff5ae7d6f4e0365a6658ec63e40b7f0e,9481627,0x61d8838f9A00250C9AF13D622DA7c08c372ee587,0xCf8EDB3333Fae73b23f689229F4De6Ac95d1f707,0.0,0.003700832,confirmed
2025-10-24T17:56:42.075961,ethereum_tx,0x5728babc82ae4f6c6c33e066059e01acb04c4f1bb859a9da172e92e6c5f4821f,9481627,0xb3a1956Cff1ecc8054B81b0C83b9847CB71384b8,0xCf8EDB3333Fae73b23f689229F4De6Ac95d1f707,0.0,0.003700832,confirmed
2025-10-24T17:56:42.075961,ethereum_tx,0x88a8cffe47a0998de80fb1a90c5e9f7bc1e7f86ec90f64f7bb90e224e23ca9c4,9481627,0xb3a1956Cff1ecc8054B81b0C83b9847CB71384b8,0xCf8EDB3333Fae73b23f689229F4De6Ac95d1f707,0.0,0.003700832,confirmed
2025-10-24T17:56:42.075961,ethereum_tx,0xab7257e468910ce35b2357e575b3508f3506f08d1b1d90b51c1dc33bea023a00,9481627,0xb3a1956Cff1ecc8054B81b0C83b9847CB71384b8,0xCf8EDB3333Fae73b23f689229F4De6Ac95d1f707,0.0,0.003700832,confirmed
2025-10-24T17:56:42.075961,ethereum_tx,0x26b046d27547c266cd3a34e5ecd7d0f17a46f0773202583e8b7281769119a578,9481627,0xc999cd4c3C7C6411b46b19517Bc95D9fB3f5ff35,0x956962C34687A954e611A83619ABaA37Ce6bC78A,2.5449141598807e-05,0.001500015,confirmed
2025-10-24T17:56:42.075961,ethereum_tx,0x5847a2f2b869901e1f6519079271ae97308b4b35a56ca89eff4f87c4f13d4e28,9481627,0xf06D3cf8636b81c160bb02E040B348df7D75FfE4,0x956962C34687A954e611A83619ABaA37Ce6bC78A,2.418341506035e-06,0.001500015,confirmed
2025-10-24T17:56:42.075961,ethereum_tx,0x84b1118e177a39dae3d0b69af77c9cef994c5b4b802bdb73cfe05e5c61f64ce8,9481627,0x6d7927C0D236388319864007681BC0C6b844Def8,0x12e1181a741b70BE6A9D81f85af3E92B6ba41897,0.0,0.001300013,confirmed
2025-10-24T17:56:42.075961,ethereum_tx,0x2a16ac4023b7b01e232a20bb5cbe4b47223dd8e4c65e1c50a7b3b61834c9ae50,9481627,0x366feCDE346D636f02Ed55DfDF69Ce379386f737,0xa643Eb6F37Cba6bd7cB4E6fb930Dfe165838dF86,0.0,0.001250013,confirmed
2025-10-24T17:56:42.075961,ethereum_tx,0xe4ea103d2915c70c154b5285252de5d5f2675773df7d5e0803316804f4c6cb10,9481627,0x65141CA3329DA9A83458017474b5Bc62097Cf24f,0x69C6b28Fdc74618817fa380De29a653060e14009,1e-18,0.00120001,confirmed
2025-10-24T17:56:42.075961,ethereum_tx,0x9058218624a72f2e366ca3e1cfd8a1637d6bf1736cf5e5f2a885290bc54d5360,9481627,0xCb080E52fDa6231784bCBd0304940C54D749EB36,0x0820f975ce90EE5c508657F0C58b71D1fcc85cE0,0.0,0.00110001,confirmed
2025-10-24T17:56:42.075961,ethereum_tx,0x7308f4dc67a1a5b9031efc3fc8c89a1552bceb790bbc986d7761581b77d6fcbc,9481627,0x6A4025022967656C35a26AAFACeFf1f2375C5059,0x7215691F60C4fA7Bb82c5Ac44c7d57dc32bB0493,0.0,0.001052642,confirmed
2025-10-24T17:56:42.075961,ethereum_tx,0x8bc0b0a2fe34c7c4a96ff29505f27e886e9b07a8929e1ba5f20995017c155638,9481627,0x30Bd3B970d09c6F0CFB2691cbA4d4feAd0A69206,0xB88Ca91Fef0874828e5ea830402e9089aaE0bB7F,0.0,0.001010278,confirmed
2025-10-24T17:56:42.075961,ethereum_tx,0x1cb1fae2eb274ba01fe06f2230023b60ed6aed08a6f7f17795c69741ce5612f8,9481627,0x49c36b3BEc6b6e0e77305273FAFC68f479630535,0xd0dbB2486e3Fbf371D1B2e35Fa330bef6529d2f4,0.0,0.00100002,confirmed
2025-10-24T17:56:42.075961,ethereum_tx,0xea30fb92faa7cd2d295a5beb0e38aa09eb51546d0a81426b9c72010ae5ee7071,9481627,0x7cE347ce7dbf3FC95e1abaa6E9994f4217b03764,0xA73aFb610aC79A729A393D679029fCf9618854AD,0.0,0.00100002,confirmed
2025-10-24T17:56:42.075961,ethereum_tx,0x66d8cf73e8b10b0b14dbf139cd911308e3a47353c27c1aabd07b4a03d05df340,9481627,0x5d72984B2e1170EAA0DA4BC22B25C87729C5EBB3,0xd4116f515A6958da851080B390DDE4B81f408978,0.0,0.001000011,confirmed
2025-10-24T17:56:42.075961,ethereum_tx,0x45ab187b654f5563e537c12c2c7ce490d54791be247edaf1a5f96eca424b4b17,9481627,0xdb3aDCD20043d426b743f26C96080FB40a11a546,0x0000000000000000000000000000000000000000,1e-05,0.00100001,confirmed
2025-10-24T17:56:42.075961,ethereum_tx,0xc2f4ec1827b97f174627707913381808393c667b4f36151ae0efda373fe0372e,9481627,0x6d95AbF89c16Bb1682DEa4b31C85e311D569567e,0xEa1499503adDDC74Fc284a5707D29bCAc8cd48ca,0.0,0.00100001,confirmed
2025-10-24T17:56:42.075961,ethereum_tx,0xdf3ae2ddbc724445c32d1c9f197699adee6682e9177f6d497dccccc2d2432fc6,9481627,0x1856Ff9427Ef06017EC602b611Cc63909902e868,0x03C66CB1826BDB0395BF31E68Bf7E873e9564fFB,0.0,0.00100001,confirmed
2025-10-24T17:56:42.075961,ethereum_tx,0x86ac28d89e2330f1db0206f0715f9e071de155474116079dc743e242058abef6,9481627,0xfe6323d0336D8e7BFb1Ce1dD8444580C25Aa6b8c,0x3eDF60dd017aCe33A0220F78741b5581C385A1BA,0.0,0.00100001,confirmed
2025-10-24T17:56:42.075961,ethereum_tx,0x3dcc0dbb70f8624e2903706913d9a93e41f25f5d9eecddbe350b84c05030dd27,9481627,0x2BFaadCa3865BEf692e68B16A3A655bB3167e004,0x358e500d87F6d4630a8bF2fBDA09298C0873DA18,0.0,0.00100001,confirmed
2025-10-24T17:56:42.075961,ethereum_tx,0xc2165f438a3380c0c65f85ff782b248cdebd109ee310f472ba22b9c15114d867,9481627,0x85d49b7d955c46aFeBD43533B93161E250689Ba2,0x3eDF60dd017aCe33A0220F78741b5581C385A1BA,0.0,0.00100001,confirmed
2025-10-24T17:56:42.075961,ethereum_tx,0x18974e73005e34d5430d159bc166838cd781c752334968bff1faf59f70b1b1e3,9481627,0x06e1071db43Ae35DE15471433994D036ea9B778b,0x03C66CB1826BDB0395BF31E68Bf7E873e9564fFB,0.0,0.00100001,confirmed
2025-10-24T17:56:42.075961,ethereum_tx,0xe049b2ce1ef7eb29d07f56135b51398ba4cd2b949443f0581166e448dbed94c6,9481627,0x7bB9ED0B232E230617fFa6b01c442C1BbbE33656,0xc810c10B50116B77b22aF16cbF99978eb6B9327c,1.73e-06,0.00100001,confirmed
2025-10-24T17:56:42.075961,ethereum_tx,0xed8545cc297a9cc22a598b9b0b739b081da8050143b55f8e3764f037783f7527,9481627,0x011a3B322a3583ee7De22E0242Ae74274F5B7D97,0xBf20267F7DB344B0205Ca51E38ce5f5c48827a21,0.0001,0.00100001,confirmed
2025-10-24T17:56:42.075961,ethereum_tx,0xe2d65f579a072582aea7980e38bc24f536b06533b50610f0a2bb730703923679,9481627,0x2a66009892Ecd083967fbcfF4C2411c874489860,0x03C66CB1826BDB0395BF31E68Bf7E873e9564fFB,0.0,0.00100001,confirmed
2025-10-24T17:56:42.075961,ethereum_tx,0x1cba51288342b1eaf4cf71decc6d66f869da0647261e48ac8e736f3e69f036c2,9481627,0x5bD2523552Ca7EBAd5FCD72d0C373F2ccA4D09Bf,0x03C66CB1826BDB0395BF31E68Bf7E873e9564fFB,0.0,0.00100001,confirmed
2025-10-24T17:56:42.075961,ethereum_tx,0x91cf98e727a8d611a718929f0fc039a35fc2dae06cae77c0aa7f17a365517194,9481627,0x30Ea251dceFf18FE90c253Ffd7dAC3c3de0188E9,0x3eDF60dd017aCe33A0220F78741b5581C385A1BA,0.0,0.00100001,confirmed
2025-10-24T17:56:42.075961,ethereum_tx,0x70de715fedff4fd5a6d8ad9cbe0fb6f4ade451677da25526a11fe2198d34b00a,9481627,0xB7Ec060660107273520Ff493447B9284C909627C,0x03C66CB1826BDB0395BF31E68Bf7E873e9564fFB,0.0,0.00100001,confirmed
2025-10-24T17:56:42.075961,ethereum_tx,0x39ff43cbd9243fa2b4cd124cfbefe28259d422360c0543d4f10dfec57f94ac05,9481627,0xcFC38baBff8a83C5Ea7De9A6AD47a4A992794845,0x03C66CB1826BDB0395BF31E68Bf7E873e9564fFB,0.0,0.00100001,confirmed
2025-10-24T17:56:42.075961,ethereum_tx,0x1ecaba62c0d0aebea96adc4fa1a69693cd173c70965b3e6a53136d48e259728e,9481627,0x5707bdB07C618E355DA4437609d13909769aeec5,0x03C66CB1826BDB0395BF31E68Bf7E873e9564fFB,0.0,0.00100001,confirmed
2025-10-24T17:56:42.075961,ethereum_tx,0xf22e1bb2fa16fc2c9d0a817d544ad5bd0d8cf7745197b0046d46eac803c35a55,9481627,0xc4E71564AfC0ebf9cf7A16c4B9eC00E64F5df4b9,0x03C66CB1826BDB0395BF31E68Bf7E873e9564fFB,0.0,0.00100001,confirmed
2025-10-24T17:56:42.075961,ethereum_tx,0x607d6e7c3fc78661d1043fc4d2f40051d8040675f2c40cb2d7e01642da81438f,9481627,0x39D87faC48aa0BeBA20D4F00f5d6664b2E6d0578,0x03C66CB1826BDB0395BF31E68Bf7E873e9564fFB,0.0,0.00100001,confirmed
2025-10-24T17:56:42.075961,ethereum_tx,0x79d23bda6b347ba6de322ab7d7b048336e525d1088572abeb46188c51cfbb840,9481627,0x5895599A8bC5C75cD01Fe5B11A7Fd4a19Ccc950d,0x03C66CB1826BDB0395BF31E68Bf7E873e9564fFB,0.0,0.00100001,confirmed
2025-10-24T17:56:42.075961,ethereum_tx,0x224251dac7b8b8a7756d73df55cc5223570220c9db9d9ef4f06204a0f03b5710,9481627,0x491aE4A7bE91BB6b84232bAC79A9Cd5AB017E715,0x8f6E15d9A4d0abCe4814c7d86D5B741A91bDCC04,2.5627e-06,0.00100001,confirmed
2025-10-24T17:56:42.075961,ethereum_tx,0xc0c125a20db4533d88624c60d44b9a7083d326ae618e892d5f0bd98ee859c60c,9481627,0x222fB5a19De86eA02a04Cd31DcC335811D9230e5,0x5C03627DCeee5A5D96f48FDb71a37AeB96c5Dff4,1.89e-06,0.00100001,confirmed
2025-10-24T17:56:42.075961,ethereum_tx,0xb5ef66b413bbb202444b392ca31f3ca929fbff6443a980d10d45d5cd0789e477,9481627,0x9898B361d2F7de08589F87c8043807806B5c4f22,0x03C66CB1826BDB0395BF31E68Bf7E873e9564fFB,0.0,0.00100001,confirmed
2025-10-24T17:56:42.075961,ethereum_tx,0xa317d18f10b9c8f965f178ca5d7ae50546fa5745f13d73ec3cfd25e6fb6077a7,9481627,0x4314d72299E972Fb39e3e027Dd164602C6880F83,0x03C66CB1826BDB0395BF31E68Bf7E873e9564fFB,0.0,0.00100001,confirmed
2025-10-24T17:56:42.075961,ethereum_tx,0x65e0450ed23368adb613c04a3d18690b0115ad6d1d46cff40bce86b4dc960d54,9481627,0x870e884fcD7571D89c79AF26563fC4f1a1309630,0x3eDF60dd017aCe33A0220F78741b5581C385A1BA,0.0,0.00100001,confirmed
2025-10-24T17:56:42.075961,ethereum_tx,0xfcc1d7c4318e0362b0672e6174b4de563fd6ce6df8f32a110ef9bec4eb873df1,9481627,0x7A28863F796787C57F8B5bEA289682a0Fb62C6c4,0x7215691F60C4fA7Bb82c5Ac44c7d57dc32bB0493,0.0,0.00100001,confirmed
2025-10-24T17:56:42.075961,ethereum_tx,0x6c5a9d05973be9795219fa312d53b7ff4133eb37c1fe9b9df3576830b2745e2d,9481627,0x3Da763C42E438eB17880fB6A83040d6cf13eF03b,0xFf00000000000000000000000000000000042069,0.0,0.00100001,confirmed
2025-10-24T17:56:42.075961,ethereum_tx,0xd951890fe3805fc0f05a9336b251c6e5162cd555510f81abd721958df22aaaa9,9481627,0x72cAE228aA81C7606192D6C1E454f619941C17b7,0x7215691F60C4fA7Bb82c5Ac44c7d57dc32bB0493,0.0,0.00100001,confirmed
2025-10-24T17:56:42.075961,ethereum_tx,0x24eeb188494a0814b0866e3d706f767266bc4a586845c1238d9d1448bf92285c,9481627,0x4385DA7659AcaCF14f072ffBcA8Ea791254b267F,0x08d2b0a37F869FF76BACB5Bab3278E26ab7067B7,6.5e-05,0.00100001,confirmed
2025-10-24T17:56:42.075961,ethereum_tx,0x3bb14ff21f3a9a461c300e8a92bb9286eb1bfcc0407750abdd3b4f5861db711e,9481627,0xBAE9c78991127B636278A89F1a16bC9afCB7Cc47,0x08d2b0a37F869FF76BACB5Bab3278E26ab7067B7,5e-05,0.00100001,confirmed
2025-10-24T17:56:42.075961,ethereum_tx,0x31f02bc2a1219c6805652c853d3ffad661cf1617e8817558cf75cf039529543f,9481627,0x4F7928c9dF6bb1bF16840d8845F5b0F8a0d1b70d,0x08d2b0a37F869FF76BACB5Bab3278E26ab7067B7,1.36e-05,0.00100001,confirmed
2025-10-24T17:56:42.075961,ethereum_tx,0x19922041ed8ba31131393508ff32dfe82950b69e70c93d599ad5752cb8f7bd37,9481627,0xEcB2CeD74C87AAFD9041cD7A1fACD4D332E4356C,0x08d2b0a37F869FF76BACB5Bab3278E26ab7067B7,5.86e-05,0.00100001,confirmed
2025-10-24T17:56:42.075961,ethereum_tx,0x64c945785829cf96eb0ec99ccebbd5203ddf16b67f9eb0e62c7c5414c4a000d5,9481627,0x5641a1E8651DE500838bed93E62e3E06a4D0e683,0xb0eaa121Cf389f29b7Af61bBE9367530877E1558,4e-05,0.00100001,confirmed
2025-10-24T17:56:42.075961,ethereum_tx,0x0afb2c4ce6632a9bb19dd0639c503c8b1324edbf284bad287edccca884145fe7,9481627,0x91CDa8439b7478F6fe30A5DCa92B51d32aE2C242,0x828694e2B9e9ad9fd5cD4891B457eF9478650047,8.22e-06,0.00100001,confirmed
2025-10-24T17:56:42.075961,ethereum_tx,0x413b47f076158350df6a4e9be2892c7e2297970578781b2f64b252e4cb6fbb70,9481627,0x7E512345cB6B0a72b131A185F9b7C1A86a0722dD,0x87A3effB84CBE1E4caB6Ab430139eC41d156D55A,0.0,0.00100001,confirmed
2025-10-24T17:56:42.075961,ethereum_tx,0xb0e5363566774a62cec918a25d8163f2a6e1f7357ce48443dc7f4097067ce922,9481627,0xcfD5dDc974005CDfCE04286a4E96a28Bb9366b8c,0xb0eaa121Cf389f29b7Af61bBE9367530877E1558,7.7e-05,0.00100001,confirmed
2025-10-24T17:56:42.075961,ethereum_tx,0x52a4d7b81d13a133e6de1ee98d3576e3b87a39e9d91113b31d8ff443af71eb42,9481627,0xE232521803e53509E75A8DD8e8C9db2d56Ae70C0,0xa5e82322EBBe4987eE449F43d638D2dDA29E75c9,0.001,0.00100001,confirmed
2025-10-24T17:56:42.075961,ethereum_tx,0x9ffbc6d59860fd4578da37e342dbfb5cca215c55c4f195c42db219142b34acd8,9481627,0x553414E1e58EEd43936eAF873D91b16D23a2a809,0x853758425e953739F5438fd6fd0Efe04A477b039,0.0001,0.00100001,confirmed
2025-10-24T17:56:42.075961,ethereum_tx,0x766643347fc8ca8e4d578138c84c5d5f74d8f1f458e990443f7d69b3a1636c97,9481627,0xB639167a998aC9a5E90e436e277907BC7a049119,0x956962C34687A954e611A83619ABaA37Ce6bC78A,1e-07,0.001,confirmed
2025-10-24T17:56:42.075961,ethereum_tx,0x48bc0fce9ab015981443d33982be00dc22b098c0536ee4d0d14a837649c2f5eb,9481627,0x2f5Ef8531a4ffFf3ffE6f7e19aa7c07862A9Af9A,0x956962C34687A954e611A83619ABaA37Ce6bC78A,0.0001,0.001,confirmed
2025-10-24T17:56:42.075961,ethereum_tx,0x12606b35fc896595d3fdd1a0305924d894ec73a39b1abd623416e9570ccfba18,9481627,0x13e6009357AF52E7D564b5914aa97719C8304A28,0x956962C34687A954e611A83619ABaA37Ce6bC78A,1e-05,0.001,confirmed
2025-10-24T17:56:42.075961,ethereum_tx,0x0f0bd6ef390185c58185ace3c572799639e39051d762cb72dac9d214344cd9d2,9481627,0x718a51ca2b216e675c84E374a70ba36658AEB3B6,0x956962C34687A954e611A83619ABaA37Ce6bC78A,1e-07,0.001,confirmed
2025-10-24T17:56:42.075961,ethereum_tx,0x4d45720e196dbe4ce974d24074494f59927fd8e7a1acfd2a2cdd4557979700d0,9481627,0x3E2aEB729b82Edb5ce1Af01c02746625C71C79f5,0x956962C34687A954e611A83619ABaA37Ce6bC78A,1e-07,0.001,confirmed
2025-10-24T17:56:42.075961,ethereum_tx,0x2ca8df3260e95f684e0a4b81c70bbef4172b56ec3d12c868f3c2e8baac1f0014,9481627,0x4DF959EE954F0137d1508c3a700b7750aA3fCce4,0x956962C34687A954e611A83619ABaA37Ce6bC78A,1e-07,0.001,confirmed
2025-10-24T17:56:42.075961,ethereum_tx,0x8b246fdc9e7db435b38a9b075aa3a17a3680639e43220d3d499f8ccfdd7a04b1,9481627,0xE2931d2ddF81ef497e93BdEaC26cD73fDeCDAEb1,0x956962C34687A954e611A83619ABaA37Ce6bC78A,1e-06,0.001,confirmed
2025-10-24T17:56:42.075961,ethereum_tx,0xd3b1e1458864976a32daa2c4988ee1ef17e8fbd54a910f4b9e3bffba5bde4c6e,9481627,0x8356B1EE8Ab99dE3583F0A01e2d247959B665173,0x956962C34687A954e611A83619ABaA37Ce6bC78A,1e-07,0.001,confirmed
2025-10-24T17:56:42.075961,ethereum_tx,0x3bc56827d2d02c095539082dc01b85018fe4206956c02696765f24a275b694bc,9481627,0xf88861BeFB4b22932367eD1487c207C17DA47dEA,0x956962C34687A954e611A83619ABaA37Ce6bC78A,1e-07,0.001,confirmed
2025-10-24T17:56:42.075961,ethereum_tx,0xbf61dc6e62ff5d2b10c1cc52f71a2b8e7dec2ca8961a41d1849e944174840f93,9481627,0xE81d5F0E90cF2AF690389fAEF697F86e57184f8B,0x956962C34687A954e611A83619ABaA37Ce6bC78A,0.0001,0.001,confirmed
2025-10-24T17:56:42.075961,ethereum_tx,0xe693a55246526b532676fd194c2567390cdd272f20fefa765866a3de1d0236f1,9481627,0x992b0d2eCE2632f8872bd460553b28C06126724F,0x956962C34687A954e611A83619ABaA37Ce6bC78A,3e-06,0.001,confirmed
2025-10-24T17:56:42.075961,ethereum_tx,0xa546ee004763c8d84ece1acb2839d4f67cdc4c35a734b5293aad0d2f419a6624,9481627,0xBbCd79B986fe468BabE47515b7331557fC98307A,0x956962C34687A954e611A83619ABaA37Ce6bC78A,0.0001,0.001,confirmed
2025-10-24T17:56:42.075961,ethereum_tx,0x38d06db090cabcc8ecd609762fa479bc41f5aa1ff35fa5fd4b6be9b68ad0b666,9481627,0x65F68c609C4165D108061a2059d6C8FDc0d4F0bB,0x956962C34687A954e611A83619ABaA37Ce6bC78A,1e-07,0.001,confirmed
2025-10-24T17:56:42.075961,ethereum_tx,0xe8321a4ec034c9ba86416a0e8d5130f6c15b21d57edaea3e1e92293380b2a217,9481628,0x3C95c2633296B264d051498C4b2e982EbB526A53,0x3C95c2633296B264d051498C4b2e982EbB526A53,0.0,4.1,confirmed
2025-10-24T17:56:42.075961,ethereum_tx,0x794c746c60141a830bbffe5d3df7c4247a7cd25914fd7e2d2dd5ccb981bf36ef,9481628,0x55A07F9f7eD7F110c2Ddd8f2f5d8677Dc94aF4E2,0xeA30c4B8b44078Bbf8a6ef5b9f1eC1626C7848D9,0.0,2.20000001,confirmed
2025-10-24T17:56:42.075961,ethereum_tx,0xd86a90d9c09c5b584fe7940307e720f1b697fb5fd1c570a457ee56609f8f245b,9481628,0x615E0671717121f54A741f5CEf5aB14d9E8f0695,0x0071679f8024e420A6E2138B2F3bAaA3095BC782,0.0,2.00000001,confirmed
2025-10-24T17:56:42.075961,ethereum_tx,0x2fe374f7b53ddd9016613e52c40906b00fd730d8210273079239cf406d205800,9481628,0x3054C0f08aCE89E854bcFeF781D4EBa497801d0E,0x87A3effB84CBE1E4caB6Ab430139eC41d156D55A,0.001,1.50000001,confirmed
2025-10-24T17:56:42.075961,ethereum_tx,0x1be5e1438f67c61bc16ce19b121a322b959dc26b1614b0b0678edc58c07e5590,9481628,0x7d6DBDc3BdBd5AaAFb510E681CC654932E303218,0xBC04d69Ecd7890699b2BE7924eA86474e15098E6,0.599968499999811,1.50000001,confirmed
2025-10-24T17:56:42.075961,ethereum_tx,0x44000edcdba681abc83433fb703082367a593337ed49ef48c80da814588e7a8a,9481628,0xF6B4F351d5C4AaE6Bd8eca60d25Ee527e501494C,0x57c5dC670eB6f571bDD8Fc1CF178c46c9A917A74,0.0,1.5,confirmed
2025-10-24T17:56:42.075961,ethereum_tx,0xd93c585f382a070837fdda50b2b1b09565bc279cecc1e3abd9377393ee102b21,9481628,0xdffC8dE4EC8B2c51597887a9f90052A6fC466585,0x57c5dC670eB6f571bDD8Fc1CF178c46c9A917A74,0.0,1.5,confirmed
2025-10-24T17:56:42.075961,ethereum_tx,0xcc2fff2e5e485596c687b3812e3869fdf114177f2267fd048d40cb20025bccb5,9481628,0x3c028d92813AD43Adf3831ac1106E544A94Ca1AE,0x2A4496bbC344414e3bDbE6a8E7c40EF007DAeEd1,0.0,1.5,confirmed
2025-10-24T17:56:42.075961,ethereum_tx,0xd31621e06a771a90b77092915a24d8a71b59669c1bdb806675858c39ec0ea168,9481628,0x7d272479bc2C3E3f77487102220ebb440e88B968,0xA8efb008516258f27a6f2eC50D165f66bE56517c,1e-05,1.5,confirmed
2025-10-24T17:56:42.075961,ethereum_tx,0x0ad491a7fb27e2fa8afdf437e1ca617fad0ddca7772a8470bebed3c7df0120c4,9481628,0x11c5E5ef18b48594C6a8f42Ca8c168b737c2C9a6,0x2A4496bbC344414e3bDbE6a8E7c40EF007DAeEd1,0.0,1.5,confirmed
2025-10-24T17:56:42.075961,ethereum_tx,0xd44105049fed8f21f16934fdf528cf19b94d5d982baa2150c58338b34774cf3a,9481628,0x71858Ef34B2988AE95F0031Db29A0b3b6045aD88,0x17D8fd62e460F3C93e2c30d4886D02049f363525,0.0,1.00000001,confirmed
2025-10-24T17:56:42.075961,ethereum_tx,0xe79358f7e0728494b3648d9ed3099e5c25dcecfa944bd89142a914d97d3e43b6,9481628,0xc5eAEa93552D1405704e4f1ff9eF9524b031C126,0x20A15085c03066Ad7E707b6445e3f03Fb723109C,0.0,1.00000001,confirmed
2025-10-24T17:56:42.075961,ethereum_tx,0x93731ff9b116dec65ef421b8317209b51e07a2642d7a41a08d1dfdec76085ab8,9481628,0x7F09a9800753B15950780654Fd0cBDC0Ede41F37,0x30f8B248dF7807e57cfDbf0B26806666C9522056,0.0,1.00000001,confirmed
2025-10-24T17:56:42.075961,ethereum_tx,0x158e018b89a579e26b9ebea933a5cd33c3f1b1e61a019bd3f9c2f536e94706e6,9481628,0x60EF6a1C9308C55142D5FdD34e68A72dfA836d5F,0xd18e9f6473eA04b7F77D6FB90fDB88eF2FB8AF00,0.0,1.00000001,confirmed
2025-10-24T17:56:42.075961,ethereum_tx,0xa3cf948b7bd764c5315b6b35960f5d42ecab12f60b6414f84dfae315d7e02a70,9481628,0xF0FEd0C0192539a1076d8BDa1233f414704d98Be,0x00D22efF04CF7d0f5A355A6D9A06E43120398dA6,0.0,1.00000001,confirmed
2025-10-24T17:56:42.075961,ethereum_tx,0x63b68511bb3f14925d6e2d544810a8dde5311c867e04c4917bd2e12d2c24edba,9481628,0x22d72dB063dd9cE6b96bDE48331E6984c1570F38,0x1E59A308BAFAd671F63BA5d440489f0a84bF0F7C,0.0,1.00000001,confirmed
2025-10-24T17:56:42.075961,ethereum_tx,0x2baa8a8fc3f24551642bced78fa2a00a9ce03753c4aa1011910356fdd92b0fc7,9481628,0xDF841F75279fBc860AFBEC8079AA33d68340A47C,0xfD4559b473fbcEABc0F68631646d6CEadF7B7040,0.0,1.000000009,confirmed
2025-10-24T17:56:42.075961,ethereum_tx,0xf9e7a3f6138e5426028de482a3e6f4d8bc8cb1791e6c8ffa29a55dfae55a30ef,9481628,0x4Db7E4E00401Db46c0Afb3f93E5E06A3E5966872,0xfFAEF09B3cd11D9b20d1a19bECca54EEC2884766,0.0,0.10000001,confirmed
2025-10-24T17:56:42.075961,ethereum_tx,0x7fe39835612f7c4fc965427e9a94737c8ac437e06dab82bb8ca2db86ec6c69a7,9481628,0xd4310670e92B23b7a714Ee72184044270B7B661c,0xf993E10C83Fe26DddFc6cb5E82444C44201e8a9C,1e-06,0.02000001,confirmed
2025-10-24T17:56:42.075961,ethereum_tx,0xb7a44e1313e22ccfb90ceee30f46eb4ad4ad464746eb44cb19ac2b7ad5677585,9481628,0x9C0d4051277f1719AE90C41D3CaE777C772F125c,0xf993E10C83Fe26DddFc6cb5E82444C44201e8a9C,1e-06,0.02000001,confirmed
2025-10-24T17:56:42.075961,ethereum_tx,0x0d797df1a7b2e23f0070ff25260c3f62251e83cb3574b2e353f2303ddedc23d5,9481628,0x027C1610F0dD067F810CbF7e69c296F8D44589b8,0xf993E10C83Fe26DddFc6cb5E82444C44201e8a9C,1e-06,0.02000001,confirmed
2025-10-24T17:56:42.075961,ethereum_tx,0xd06292ec2a9dcc90ac1c261411e54290d2da958823feba4cce4e390009095c38,9481628,0x1150F67aA0B54a4cAFb0d53C12E40b8Fd1619468,0xf993E10C83Fe26DddFc6cb5E82444C44201e8a9C,1e-06,0.02000001,confirmed
2025-10-24T17:56:42.075961,ethereum_tx,0x8b9d8f4fec6c0e654620df873308cb9c663c89dd0276d89e628d463cac6a9aac,9481628,0xb3a1956Cff1ecc8054B81b0C83b9847CB71384b8,0xCf8EDB3333Fae73b23f689229F4De6Ac95d1f707,0.0,0.003700832,confirmed
2025-10-24T17:56:42.075961,ethereum_tx,0x6d88e0452d5ebb5aa6ed9c8c5d4c019e34454e5dda1db9ab637e173f79789127,9481628,0xb3a1956Cff1ecc8054B81b0C83b9847CB71384b8,0xCf8EDB3333Fae73b23f689229F4De6Ac95d1f707,0.0,0.003700832,confirmed
2025-10-24T17:56:42.075961,ethereum_tx,0xd24b6b1acd5542978fc4c22da429ed7cbb9458a29a90c701a55bf38a62667615,9481628,0xb3a1956Cff1ecc8054B81b0C83b9847CB71384b8,0xCf8EDB3333Fae73b23f689229F4De6Ac95d1f707,0.0,0.003700832,confirmed
2025-10-24T17:56:42.075961,ethereum_tx,0x447cd33540831159111996f88f32c12e6dd28edd42a30a053baf4c30f4458cbf,9481628,0x73E40220652D89786402dA38855971E0DdBC5D27,0x465C15e9e2F3837472B0B204e955c5205270CA9E,0.0,0.00250001,confirmed
2025-10-24T17:56:42.075961,ethereum_tx,0xa58f6813e7df217b92f4adaf392d773c1a0ac7889434509558a8e2861ec8463f,9481628,0x4BA56bDa2009816e260921970041d6Eb005D7272,0xC764A997C86dC22B50Eb637626e3f46bfd82534A,0.0,0.001500015,confirmed
2025-10-24T17:56:42.075961,ethereum_tx,0x4f8a1bf10ec2caefd118e30c1c38fdcd94734f96671c6ff249d3c8f64bf9585c,9481628,0xa177Cf0835D67B88968bFc722aD5d106988E1E85,0x1B21f9b65704A9f582C9c40068288108058d825e,0.0,0.001200012,confirmed
2025-10-24T17:56:42.075961,ethereum_tx,0x15474e032e82b729f891de8a68a07b2fef97648ce6dcb91c9fa959bbce7cb17c,9481628,0x9A37Ab2eE598D00918db33F85fcf165cA55e7f1a,0xb5A49949C49dEDD852F9f0f419b17aD2785032db,0.0,0.00110001,confirmed
2025-10-24T17:56:42.075961,ethereum_tx,0x7ad0eadd41f2aa12caa99770bf44588f362b87bae451a360b430a7c09fb8d4d9,9481628,0xB6D120C413039aD4CFA902b1F4b29b24e429B645,,0.0,0.001052642,confirmed
2025-10-24T17:56:42.075961,ethereum_tx,0xa391c8db6f7a373b24958cd639d349af0ad15544afc1f44f3d5e615494c07f2c,9481628,0x33aCD5e3B4B219A34Cd8fd379380282310670106,0x7215691F60C4fA7Bb82c5Ac44c7d57dc32bB0493,0.0,0.001052642,confirmed
2025-10-24T17:56:42.075961,ethereum_tx,0x2cd5d577dc76eb6aead405ff0c96bb27167d7a39bccacc910ee94d580cf3bef2,9481628,0xFd12194138B79796ac813F0066b33f219f4270E0,0x5a04F6B808e909aD88e479F801dc77e5C38F5412,0.0,0.00100002,confirmed
2025-10-24T17:56:42.075961,ethereum_tx,0x04ae4fe1f63f8f61ce124dff3ab5dae1454505c8396fd1e061ea02fdf09d26c1,9481628,0x421E1bEDdaf701cab98A4557270EEe9d27CdfE09,0xc6255a594299F1776de376d0509aB5ab875A6E3E,0.0,0.00100002,confirmed
2025-10-24T17:56:42.075961,ethereum_tx,0x463e47257f8e89e0e1c71fdd4a8339667b4899936b52f10d4bc50465872ae87b,9481628,0x69f6e6C9f79776b04B1928F7A472EA07212e2918,0x7215691F60C4fA7Bb82c5Ac44c7d57dc32bB0493,0.0,0.00100001,confirmed
2025-10-24T17:56:42.075961,ethereum_tx,0x852dd6b0bc1e378182a39f70febf781314c7139c787100e9b7892d403df289fe,9481628,0x4FEE7321Fa70A61Be638CD43002321d92242324B,0x3eDF60dd017aCe33A0220F78741b5581C385A1BA,0.0,0.00100001,confirmed
2025-10-24T17:56:42.075961,ethereum_tx,0x1d9a8f6410adb62fa4e1bc713d1014062776df20d6cab116fd84464132e61630,9481628,0xda6b40AD1b361Cb2229F9794Cc9Ba070b86Ec4Cd,0x485D32dA4a40881CfaDbA127E3F6315aC9d3aE25,0.0,0.00100001,confirmed
2025-10-24T17:56:42.075961,ethereum_tx,0x8cf21f3ecb803f1447c4d45301a695f1cb8c605ae41376d00b34aa9d3c24a15c,9481628,0x011a3B322a3583ee7De22E0242Ae74274F5B7D97,0xBf20267F7DB344B0205Ca51E38ce5f5c48827a21,0.0001,0.00100001,confirmed
2025-10-24T17:56:42.075961,ethereum_tx,0x30d3770d7143a5ff367d18aa33929751fd2aabe4a54463c25a6335f4c1dc391f,9481628,0x3B472d5E38BCa21039204D3D64E0d2f2EE0133De,0x4121dc8e48Bc6196795eb4867772A5e259fecE07,0.0,0.00100001,confirmed
2025-10-24T17:56:42.075961,ethereum_tx,0x122f821c99b51d853c90036c121da75931de62a620818d11e6c745fdfce4805f,9481628,0x7ACa63fdDE2356E85bb98Ceee79BAad1b8955f3A,0x69C6b28Fdc74618817fa380De29a653060e14009,0.0,0.00100001,confirmed
2025-10-24T17:56:42.075961,ethereum_tx,0x7b5d6bc1f62ff86fb0d50ab8b36f9d7e584063af32ce346ad2e0d348806ada5b,9481628,0x57D9448425DC10Ab70F5d0f7cfeF63791d7A9E3f,0x0000000000000000000000000000000000000000,1.48e-05,0.00100001,confirmed
2025-10-24T17:56:42.075961,ethereum_tx,0x5117d7368ce04b4ed0b0fc7fdabc7b9467046c7d9ee9d0ce0e83e95450d69947,9481628,0x2BFaadCa3865BEf692e68B16A3A655bB3167e004,0x358e500d87F6d4630a8bF2fBDA09298C0873DA18,0.0,0.00100001,confirmed
2025-10-24T17:56:42.075961,ethereum_tx,0x77848878bb1aab9288f14a7e9ad61262a665ff8f251e9d9111ca3e2ef67c64aa,9481628,0x340Bf427537B28a53FE02De157171D4B40374454,0x7215691F60C4fA7Bb82c5Ac44c7d57dc32bB0493,0.0,0.00100001,confirmed
2025-10-24T17:56:42.075961,ethereum_tx,0x4504d395d9d8d151a608e8ace8d19548bf1c5ef4fe532c91e3b048ef30de9b5d,9481628,0xf12B4d7f7317Dd024c649239843544ADe510Ec08,0x03C66CB1826BDB0395BF31E68Bf7E873e9564fFB,0.0,0.00100001,confirmed
2025-10-24T17:56:42.075961,ethereum_tx,0x3a851cecffe42728bebd46846b9f67ebdec02562ec0a771a6cd1104564fbd751,9481628,0xdb3aDCD20043d426b743f26C96080FB40a11a546,0x0000000000000000000000000000000000000000,1e-05,0.00100001,confirmed
2025-10-24T17:56:42.075961,ethereum_tx,0x344161be0362ce606dbbaebab1f04eeb54868ea9a90577ef6e5c7122e2c9821a,9481628,0x78D4da35901da243815650919465351a256da09B,0x03C66CB1826BDB0395BF31E68Bf7E873e9564fFB,0.0,0.00100001,confirmed
2025-10-24T17:56:42.075961,ethereum_tx,0x13ade2db6735672f4e8ce8a527e8b9b91103e8b3d95de62983758df061500b08,9481628,0x79f8892bb6956A424cbE0cFcfef4a7A447aF3DBe,0x08d2b0a37F869FF76BACB5Bab3278E26ab7067B7,3e-05,0.00100001,confirmed
2025-10-24T17:56:42.075961,ethereum_tx,0xbbc2ed1d6f779d86222553ba855821a94e883ce52ae61305d3d8b426320ff620,9481628,0x3A3ef4Beca99e00F4b14EfA09a0DeCeCE7782bAe,0x03C66CB1826BDB0395BF31E68Bf7E873e9564fFB,0.0,0.00100001,confirmed
2025-10-24T17:56:42.075961,ethereum_tx,0xbeee678bd3282222c7750d1dd51bde2ee7dd1dc0b686d4a17d47a9d0e31aa68e,9481628,0x7B9a526D624A257A1C38283685187f33945c7C5E,0x87A3effB84CBE1E4caB6Ab430139eC41d156D55A,0.0,0.00100001,confirmed
2025-10-24T17:56:42.075961,ethereum_tx,0x50d9388e94ca32f8ee18224c16113769cfaa95c14f66350509f8d64ceb961143,9481628,0xD59c9D85C72502858E656E30a00ECd098316027B,0x03C66CB1826BDB0395BF31E68Bf7E873e9564fFB,0.0,0.00100001,confirmed
2025-10-24T17:56:42.075961,ethereum_tx,0x2813bfc080d0d7e5fd5ef7f8d521e429e2a907ddd023e07e6c976f095a2d0f4f,9481628,0x30Ea251dceFf18FE90c253Ffd7dAC3c3de0188E9,0x7215691F60C4fA7Bb82c5Ac44c7d57dc32bB0493,0.0,0.00100001,confirmed
2025-10-24T17:56:42.075961,ethereum_tx,0xcaeb4154992f269b15092ab217b422fa58edf321b75bcf03dfc3e8556fec7a7a,9481628,0xDA29BB71669f46F2a779b4b62f03644A84eE3479,,0.0,0.00100001,confirmed
2025-10-24T17:56:42.075961,ethereum_tx,0xb1745f82f2478c91a1fdeb969dbe54432009f84f8ab6f86f0d64b628aa244678,9481628,0x053DD4618aAc39bbDA482b44c9dA72580C1955b0,0x1c7D4B196Cb0C7B01d743Fbc6116a902379C7238,0.0,0.00100001,confirmed
2025-10-24T17:56:42.075961,ethereum_tx,0x6b20332acc28d32f14c11a046a34cd4921166004dc587a84b0b60f8e8e672829,9481628,0xc66f5E9a41ee01Fd837bF49EFd6709c5d93E1825,0x03C66CB1826BDB0395BF31E68Bf7E873e9564fFB,0.0,0.00100001,confirmed
2025-10-24T17:56:42.075961,ethereum_tx,0x8feeb4e5300dd56579385e86dc21c950c091c480023015cfeba4ca0853ec3075,9481628,0xeD582dc5618aA67cF65e2DeAA30889653AC543d3,0x03C66CB1826BDB0395BF31E68Bf7E873e9564fFB,0.0,0.00100001,confirmed
2025-10-24T17:56:42.075961,ethereum_tx,0x25450515ac57240aa9f4ddc7191d7b4989f4dfd42a74cb4ab3530ddb9ed7e36b,9481628,0x222fB5a19De86eA02a04Cd31DcC335811D9230e5,0xa53d73724eB04DbdBEE45aAf6048ac198B70BC50,1.66e-06,0.00100001,confirmed
2025-10-24T17:56:42.075961,ethereum_tx,0x0006ecbc0d4782b06a59c5633ba5b6ae7231d54dc33f9eba929e6b97528432e4,9481628,0x01d462617AEE02ca095d76B2d32402D0a737Ae2d,0x03C66CB1826BDB0395BF31E68Bf7E873e9564fFB,0.0,0.00100001,confirmed
2025-10-24T17:56:42.075961,ethereum_tx,0xc50f14890d73940b11d8b4d8bd65e4eb98b964c451b6ae32da5fff7d6a440348,9481628,0xfe6323d0336D8e7BFb1Ce1dD8444580C25Aa6b8c,0x7215691F60C4fA7Bb82c5Ac44c7d57dc32bB0493,0.0,0.00100001,confirmed
2025-10-24T17:56:42.075961,ethereum_tx,0x0909706e52997e54e55e420ce7646dd63dc7f9c1cca1e2d9160f5e25a79edba3,9481628,0x29EF9AcfC2A73b409D2ff5354b1913ccCBE28B33,0x03C66CB1826BDB0395BF31E68Bf7E873e9564fFB,0.0,0.00100001,confirmed
2025-10-24T17:56:42.075961,ethereum_tx,0xb98c0913fdcae57def623cf2baf562de2e8f6245f874fc2dde3f95a643a1340e,9481628,0x3BdF1B1334d4D04F6985dA2Ec668814181ad4688,0xd21f2ca78402c63fF2d55770FbA3153D4629F34b,1.47e-06,0.00100001,confirmed
2025-10-24T17:56:42.075961,ethereum_tx,0x22178f8fa1c8f2590afc756418bd6c397228e3b18257fdbde6abb4961a8896ff,9481628,0xCdf2ac76cf36A564AD6B71735d9D10070a485Db5,0x3eDF60dd017aCe33A0220F78741b5581C385A1BA,0.0,0.00100001,confirmed
2025-10-24T17:56:42.075961,ethereum_tx,0x37897ea25675e33e4b50c207806dbefde37841e4ad6a39cbce27ced1c69c4197,9481628,0xDc9d3015A4a391607A835B87a292BcF030AF24E2,0x9E841C03218E36A785C1c50f2f74fAc5D54656Da,0.0,0.00100001,confirmed
2025-10-24T17:56:42.075961,ethereum_tx,0xd32b48d0b589e110ff472b0665b14a47e32f81f0c7cf72d75cc172d233af01c1,9481628,0x9f67F7E6D127E16fa7A722a181A617A977dB54C6,0x7215691F60C4fA7Bb82c5Ac44c7d57dc32bB0493,0.0,0.00100001,confirmed
2025-10-24T17:56:42.075961,ethereum_tx,0xc0b559d18739403a564eeb8f56c55e136dc9900c67076c0b5072aeed82bc54f9,9481628,0x011a3B322a3583ee7De22E0242Ae74274F5B7D97,0xBf20267F7DB344B0205Ca51E38ce5f5c48827a21,0.0001,0.00100001,confirmed
2025-10-24T17:56:42.075961,ethereum_tx,0x4276350f097995dd6c7beac7a1f5bd18bce3503910c2abf436245bbee684d48f,9481628,0x21bd2b9c258570d3c371E336973F60a72e25b3E5,0x83458E8Bf8206131Fe5c05127007FA164c0948A2,0.0,0.00100001,confirmed
2025-10-24T17:56:42.075961,ethereum_tx,0xe46f0b4727a88e7c96ff1866468b5114cc4ab1f038801f1094f12925ab285ba0,9481628,0x1C98C81eD2f54B01eDada639e0D5d44E62a22fBc,0x3eDF60dd017aCe33A0220F78741b5581C385A1BA,0.0,0.00100001,confirmed
2025-10-24T17:56:42.075961,ethereum_tx,0xbb63b0625062a88232672d56a874bfedf74c5720f5325e9ccb629e1e300f8d79,9481628,0x3Da763C42E438eB17880fB6A83040d6cf13eF03b,0xFf00000000000000000000000000000000042069,0.0,0.00100001,confirmed
2025-10-24T17:56:42.075961,ethereum_tx,0xc4dcdd534f6cc4053a946fc250bd94b559306db8efe5620b1e58e8caac950e4e,9481628,0x69B3De58142e3d85789ed288388D1b7550DFa6d1,0x08e9d2B44846dbe812cfd50CbcCC52f8f6a00A5A,1.97e-06,0.00100001,confirmed
2025-10-24T17:56:42.075961,ethereum_tx,0x594a1e1f6bababd494a2ba7e1566b2bd3493bc829387c45dd8f0be62bc76cb47,9481629,0x4EA09D8f3fb494a11072ff05b1BE2241adCeEd09,0x006B2223248D0e45296d7d4F3cffF325579954C4,0.0,5.01000001,confirmed
2025-10-24T17:56:42.075961,ethereum_tx,0xc514885a30b5252914b37d1c33c46908636283b2e2dd59e877942f1d52cea662,9481629,0x460C8717058177Dbb8d25b5C7b7614a1fe7c4Be5,0xcA11bde05977b3631167028862bE2a173976CA11,0.0,3.00000001,confirmed
2025-10-24T17:56:42.075961,ethereum_tx,0xd97a4f26b986b09cc804db6d45b5dbf05770040d22726c1ded1904c2866d5622,9481629,0xCAe48CC52Cb22Fea40077434DBDd3BbA56eE1A03,0x000D51c298a9B0AcbDa440e1dd2E0812d7790e3f,0.0,2.00000001,confirmed
2025-10-24T17:56:42.075961,ethereum_tx,0x5b571ca27030b766820e6240604e78e70f4fa991d06f50b36a6d00f0eb480e69,9481629,0xE3926a167486568213F73752cBfA47053Ee74096,0xCe1b16EB2206d83F9DCf01831Cf73dfc1D921eB3,0.01,1.50000001,confirmed
2025-10-24T17:56:42.075961,ethereum_tx,0x2c0d16d89cc6bb04d1264ddbd7cd7d48f3ae167fadd3bbe4e0da5dffc391e10f,9481629,0x67eECEDa70Fd7cba663270Ee0a334E71AB108179,0x70b1CD25Aa1DEbEf2BCa0eDbc11228C5EB4dAD0F,8.000020066881481,1.50000001,confirmed
2025-10-24T17:56:42.075961,ethereum_tx,0xf54411ad54d2b2f4ec18d54cb92ae93189544e6642662860ee2b769a6d5135f1,9481629,0x41A06b748c76Ce2313d2885C5aA52cD3c7bc7D80,0x2A4496bbC344414e3bDbE6a8E7c40EF007DAeEd1,0.0,1.5,confirmed
2025-10-24T17:56:42.075961,ethereum_tx,0xc883a2012c1b1e3a4fe8d826c27be6cbab37859377b4bb951984d66a7a6d4762,9481629,0xCaa571bD08028cB99F78272eDf7b355d8289852a,0x2A4496bbC344414e3bDbE6a8E7c40EF007DAeEd1,0.0,1.5,confirmed
2025-10-24T17:56:42.075961,ethereum_tx,0xb503dc8d7d251940f2df2789dc7b4df0ded52b34820dba7bd310be27e6188600,9481629,0x37aD1626f2B9e343568098BA45232b2F479449dd,0x2A4496bbC344414e3bDbE6a8E7c40EF007DAeEd1,0.0,1.5,confirmed
2025-10-24T17:56:42.075961,ethereum_tx,0xa66992e1c41613567abf6d403f020b90ebd8805cad3a60ba8b1c545be2d88834,9481629,0xC087b20a21CE90877d1E914Bb6Ee2c93AFDb74B4,0x57c5dC670eB6f571bDD8Fc1CF178c46c9A917A74,0.0,1.5,confirmed
2025-10-24T17:56:42.075961,ethereum_tx,0x5874b9dc92fe168792d6651deb6a6102f901fbc43e01827d0e191a29eec3c64c,9481629,0x29718D2fFF29Ebf55eaE72E75b68f0d3D90D7282,0xba1FCc7a596140e5feC52B3aB80a8F000C9Af104,0.0,1.5,confirmed
2025-10-24T17:56:42.075961,ethereum_tx,0x504a5a32d6c7f25275552f3e0215de12296ed36eae3c9957de16f2693ba3d9f2,9481629,0x353377083b7c8Dc2D88210406d7103f04cBE9Fd4,0x57c5dC670eB6f571bDD8Fc1CF178c46c9A917A74,0.0,1.5,confirmed
2025-10-24T17:56:42.075961,ethereum_tx,0xff2aebdd96eb1abced71ed6cf5188b1a1fb859f237d46ced6c0c10554b3a1bf9,9481629,0x61D285C30Eb88522C243150aB7fD0C87F4DBefa8,0x00D99Fcc07D2bC81c02a7907F4e29d951D71C304,0.0,1.00000001,confirmed
2025-10-24T17:56:42.075961,ethereum_tx,0xf858316e52bdd991e099f898c664c0a5159b9488c9ec222b0ae7125ce0f17004,9481629,0x568921948c5Cb18D7ffbD4b31422Ab22197880A4,0x297F9E629fEBCB455aaC2208d36BD85a6eD5fa87,0.0,1.00000001,confirmed
2025-10-24T17:56:42.075961,ethereum_tx,0xe00d72d45af30b212a2e25da4b5ed1eed7379a73ed884eeed4fc8d3926585cab,9481629,0x95014c45078354Ff839f14192228108Eac82E00A,0x2419423C72998eb1c6c15A235de2f112f8E38efF,0.08,1.00000001,confirmed
2025-10-24T17:56:42.075961,ethereum_tx,0xdaf0d40d79a48457617e7721ee3054d590f01b9c4fdf96996750a9feb229ad7d,9481629,0xF0FEd0C0192539a1076d8BDa1233f414704d98Be,0x00D22efF04CF7d0f5A355A6D9A06E43120398dA6,0.0,1.00000001,confirmed
2025-10-24T17:56:42.075961,ethereum_tx,0xd69a42b808db2243b23d6f9f301da809888e1b06e20f544f475c4e2e6636d736,9481629,0x6D6a3b2Db28E266cDdF628f598eD58056c26E42b,0xD27Db7c590c51e73Bf646Dfb753793eE401b84E6,0.0,1.00000001,confirmed
2025-10-24T17:56:42.075961,ethereum_tx,0xc09dcbb98d37948bbd3c60b0039ed22238ea89000abdc0be67b8f7d7b661eb73,9481629,0x2D1fEcD426061329b2e7ad8100dCB7f31618bD0b,0x7Ba5596f395172Bdc076F9Ee9f86138B4FF7F62B,0.0,1.00000001,confirmed
2025-10-24T17:56:42.075961,ethereum_tx,0xa2a07397b0e121c87693e3762cb864197874fd35395ad78b4fa157b16b0c22ff,9481629,0xAa03CfA18154822f8Ad92D48c42210a890E01Dc9,0xB88FeAA1a0c5B57D82B50C937A7ad647E6D59223,0.0,1.00000001,confirmed
2025-10-24T17:56:42.075961,ethereum_tx,0x873176a5e35ed5473b82cf88f52ffa73e116dc3567f28c252472e7cd01d7cb51,9481629,0x0632215e32658508fC985BB80f22eE71377F7aAE,0xFF00000000000000000000000000000000743111,0.0,1.00000001,confirmed
2025-10-24T17:56:42.075961,ethereum_tx,0x7b1b4ddb4140265ee451ed43f790aa1d6db2da3eadb4457162a44de1f781cd9f,9481629,0x06Da314915a32792B5C2d0a9A8d0E06195aE1124,0xFA3B05F2A7B318b0A0c484c529cF4f707c6277ff,0.0,1.00000001,confirmed
2025-10-24T17:56:42.075961,ethereum_tx,0x6931fb02e4195e462c740626df01d636611d07f64967821c62049d1b3f851ee1,9481629,0xe8326a5839175dE7f467e66D8bB443aa70DA1c3e,0x91EE7CeCdA9ebdeEaF5021dF473E5c3556AC6686,0.0,1.00000001,confirmed
2025-10-24T17:56:42.075961,ethereum_tx,0x47339defbdb325525181e6230917b0bd5a33fddc92ee0cfb0607bdcf39e0b38c,9481629,0xDB2D29CE5457BcB9C5BabFd478123F0125ca63F2,0x624b72AE5566f07F8609E41c93EaF3Aea79ae692,0.0,1.00000001,confirmed
2025-10-24T17:56:42.075961,ethereum_tx,0x1dae6f07219167c3cb420d2fb796f75dd89b3cc7422c9773fd9fa30e7aa9ba36,9481629,0xf90432b76A23bC7bB50b868dC4257C5F5B401742,0xe97E79BC56861f0B730B3C0f06329b882E4677E6,0.0,1.00000001,confirmed
2025-10-24T17:56:42.075961,ethereum_tx,0x169c00fea38fcb91d509d87554ae409fbacd1efd56fd1f8830ad84db34bde560,9481629,0x155f043Fb533cAeB7E63CA878350c3a0962A2BFA,0xC22ccd2ff47743D5532F4C94A5beAfb1FBFD0933,0.0,1.00000001,confirmed
2025-10-24T17:56:42.075961,ethereum_tx,0xefa1d986a3be8007e1e9a5b58ea6f149136c5219ea6c0731d4fa8867ddf53d09,9481629,0xe6A47f981779419178b910597dD3024B7303037A,0xf993E10C83Fe26DddFc6cb5E82444C44201e8a9C,1e-06,0.02000001,confirmed
2025-10-24T17:56:42.075961,ethereum_tx,0xd221a9f9c62564f772df115da6fc667a77bdd7b18ec1623462455dd69f25cf9c,9481629,0xC813b28614BD4CFA3d5Fdf153df41B273AB9D497,0xf5f0C7C4e2938Ae15fD27Ad4e4b19A0712EFcF01,0.0,0.02000001,confirmed
2025-10-24T17:56:42.075961,ethereum_tx,0x857a014aeff50246e11cd7f04b1a4e78ea7a4165594c1aa96523b04d62c94fb3,9481629,0x6d03729E89380D1BA1588956035723A12377a496,0xf993E10C83Fe26DddFc6cb5E82444C44201e8a9C,1e-06,0.02000001,confirmed
2025-10-24T17:56:42.075961,ethereum_tx,0x27533f98b296a7788e238aec7febd1c4be8d41071ed3b3dd041106fcc81d7c8f,9481629,0x5e2B20CC8326faE3d27811DB99AbD5DeC7F2f034,0xf993E10C83Fe26DddFc6cb5E82444C44201e8a9C,1e-06,0.02000001,confirmed
2025-10-24T17:56:42.075961,ethereum_tx,0x1b2f6b007a5829d985e4e4fc4ed58e5edede817751fef3f82b3ab2365a12bb2c,9481629,0xb0710E06378AcCae5F0837779eAC9f263A7daA54,0xf993E10C83Fe26DddFc6cb5E82444C44201e8a9C,1e-06,0.02000001,confirmed
2025-10-24T17:56:42.075961,ethereum_tx,0x4a3f12fba98b16cfedaa9edfdd50ecdeade7c84c457d0c03c5697f4b70af50c6,9481629,0xb3a1956Cff1ecc8054B81b0C83b9847CB71384b8,0xCf8EDB3333Fae73b23f689229F4De6Ac95d1f707,0.0,0.003700832,confirmed
2025-10-24T17:56:42.075961,ethereum_tx,0xedddd5f4855bae57f6b34ac6ba918279893f93492d92bb51bf8a06937ff5433c,9481629,0xFEDdBA6a91487C241D78a7b0565747a2b4Af1BB3,0x956962C34687A954e611A83619ABaA37Ce6bC78A,2.7718976414742e-05,0.001500015,confirmed
2025-10-24T17:56:42.075961,ethereum_tx,0xd43673d918d1aa61f2a7a5a4747b5b9d539b0b366d0dac909f688225136be20b,9481629,0xBca569ca33f36C3bDe4AB6686Ab6Dd17082FDC9c,0x956962C34687A954e611A83619ABaA37Ce6bC78A,2.167229607292e-06,0.001500015,confirmed
2025-10-24T17:56:42.075961,ethereum_tx,0x7c2f935aac05a4aa125abecb34c260c9c38346840fe076d6eb6a82676d9da8fd,9481629,0x4BA56bDa2009816e260921970041d6Eb005D7272,0xC764A997C86dC22B50Eb637626e3f46bfd82534A,0.0,0.001500015,confirmed
2025-10-24T17:56:42.075961,ethereum_tx,0x91f3b234e5ee22e9bf775eb2000b51e6e2352eb1f862555d0688fbce59833034,9481629,0xca1034ff9e77ec337d2e3bc0587308B789Ff4D34,0xc6255a594299F1776de376d0509aB5ab875A6E3E,0.0,0.001200012,confirmed
2025-10-24T17:56:42.075961,ethereum_tx,0xfb5a3dc7ba74617ed7778c7892dc0334deb787834a0d375d990004ceee4a094f,9481629,0xE4765a5D7335DAd51b3058d0b8eDeE540D149a21,0x83458E8Bf8206131Fe5c05127007FA164c0948A2,1e-18,0.00120001,confirmed
2025-10-24T17:56:42.075961,ethereum_tx,0x0d38e492e0774b8d9815fe48259e5073f842ec44478a72984b97bfe07f2c3269,9481629,0x762fcb5a7DA58481c0ac88C7579ef1fC5527C11D,0x1552573d9cEa305c82F998C120e19c2aF8BFfF56,0.0,0.001100011,confirmed
2025-10-24T17:56:42.075961,ethereum_tx,0xfc3e458aa6c0b5d09b0388bc72636bb28e8bf67bae979aa6c24bd9f8001c394a,9481629,0x52f1984Cd3e46e1214dB222D3Ff63712E7aCEedD,0x75Ae41096D6FE364994f84f815dcA8c416c754d3,0.05,0.00110001,confirmed
2025-10-24T17:56:42.075961,ethereum_tx,0xfdb7867ed19bf90a9ac28b226263fc9e6cde5fdddb3bbab5106015117a0d19b4,9481629,0xe7c3CE6d39aD6968da12966D1372b76D96a38614,0x7215691F60C4fA7Bb82c5Ac44c7d57dc32bB0493,0.0,0.001052642,confirmed
2025-10-24T17:56:42.075961,ethereum_tx,0x7374095d1fa20ce13e3f7e64068748722c9bdb40ee55202ac89ba963ba1a2a93,9481629,0x7232a9E2b3808Fa2fa3A4159E5C1E75BfA3B7F78,0x3eDF60dd017aCe33A0220F78741b5581C385A1BA,0.0,0.001052642,confirmed
2025-10-24T17:56:42.075961,ethereum_tx,0xd6f1506b52f8276a0a52881154be7238123e6f0ad18152d3b8de6e5af77264b0,9481629,0x30Bd3B970d09c6F0CFB2691cbA4d4feAd0A69206,0xc6255a594299F1776de376d0509aB5ab875A6E3E,0.0,0.001010278,confirmed
2025-10-24T17:56:42.075961,ethereum_tx,0x02b3d1f17ad362763f045b187e7025b6cc7372fdb3ffbd30dd06ee459112ea73,9481629,0x1B6c95E0C52eD6c0bACa9F272222E4B68D859d11,0x9f54e6A87429E7bB2fe7B9f0ACCA3A31560FF198,0.0,0.001010278,confirmed
2025-10-24T17:56:42.075961,ethereum_tx,0xf5f06ad006330990017623e8f42d8a59e50a4f749b3e5fe2f334aa52c620b7d9,9481629,0x3BdF1B1334d4D04F6985dA2Ec668814181ad4688,0x32D5b2a059920e2fF78F3Fa034D0A151d473111e,2.16e-06,0.00100001,confirmed
2025-10-24T17:56:42.075961,ethereum_tx,0xf16ad5e64bbb596b48b7fbb6c000dd2aade8b299ea6083ce4c3664db8b33d870,9481629,0x4FEE7321Fa70A61Be638CD43002321d92242324B,0x7215691F60C4fA7Bb82c5Ac44c7d57dc32bB0493,0.0,0.00100001,confirmed
2025-10-24T17:56:42.075961,ethereum_tx,0xe469b13335c42ac070fcac149fc57808ca802ca374c4531545cb150c42db63cd,9481629,0xB6D120C413039aD4CFA902b1F4b29b24e429B645,,0.0,0.00100001,confirmed
2025-10-24T17:56:42.075961,ethereum_tx,0xe43bd3a8dfe7541e07fa644a3e7c1fa3a2ec097a6b027b04c82e32b187b02e9f,9481629,0x207D430716d4F12e7e6d9acB39BbC73fD4cB4E1C,0xA73aFb610aC79A729A393D679029fCf9618854AD,0.0,0.00100001,confirmed
2025-10-24T17:56:42.075961,ethereum_tx,0xe2c469b6cfc17b34b83a60c7f0887d5be1c472ea29b4270894aef26b6517e5f6,9481629,0x4385DA7659AcaCF14f072ffBcA8Ea791254b267F,0x08d2b0a37F869FF76BACB5Bab3278E26ab7067B7,6.22e-05,0.00100001,confirmed
2025-10-24T17:56:42.075961,ethereum_tx,0xe0da52f393508c6792675135aafca2554df679d07b622102ed8510b79e885eac,9481629,0x011a3B322a3583ee7De22E0242Ae74274F5B7D97,0xBf20267F7DB344B0205Ca51E38ce5f5c48827a21,0.0001,0.00100001,confirmed
2025-10-24T17:56:42.075961,ethereum_tx,0xd1d7d71fb8734d81738da8d1a27eabfe91347d930f5e39e5501336533f2713a2,9481629,0xcD12Ed9b63603bc9685Cda552c0156d9b297b41F,0x87A3effB84CBE1E4caB6Ab430139eC41d156D55A,0.0,0.00100001,confirmed
2025-10-24T17:56:42.075961,ethereum_tx,0xd161d523ca17ec06e906ea0993b5559f1fbfd82fc186b89bcd2b8d7c8510b694,9481629,0x334655356E79a21D3592145425e539Ad077460A7,0x3eDF60dd017aCe33A0220F78741b5581C385A1BA,0.0,0.00100001,confirmed
2025-10-24T17:56:42.075961,ethereum_tx,0xd0b7355eb893802177a1728147c6097bb5a8cc3cded5a952baa6da687af820e8,9481629,0x5D55148B2652D44e84106169fa8748A81715187E,0x87A3effB84CBE1E4caB6Ab430139eC41d156D55A,0.0,0.00100001,confirmed
2025-10-24T17:56:42.075961,ethereum_tx,0xcdcb10c1d82f10c6b5f66841fbdc2be16d3332772fe430e6c44ec2952293aad7,9481629,0x5641a1E8651DE500838bed93E62e3E06a4D0e683,0x7d2867Cb6dbeD186DAB6d1562D524527fE2D8046,8.7e-05,0.00100001,confirmed
2025-10-24T17:56:42.075961,ethereum_tx,0xca3f79a5bf8a295906b6cd765149d75bfa01ecfbc6a89f5f75b380c095c14ec5,9481629,0xBf389beCd498E1a07bd011489F6982DbC7E31897,0xFb13dE1C5aC28fc8335Ec5721b06eB4eA6e3897b,0.0,0.00100001,confirmed
2025-10-24T17:56:42.075961,ethereum_tx,0xca3bc53ff54383c5ae2bba99b70769edd3ff35f6eb3c3b87a555067ae56769d1,9481629,0xd066312b28Fd1D9f81DB5320F5E4e00665eD506a,0x03C66CB1826BDB0395BF31E68Bf7E873e9564fFB,0.0,0.00100001,confirmed
2025-10-24T17:56:42.075961,ethereum_tx,0xc83a27c3d6f869509ccd0c4cd4a596c6488da9b51565d9052f1051e12ff14e02,9481629,0x0c73Cf87369Aea2924F8eF058a9870df5e0E4B80,0x3eDF60dd017aCe33A0220F78741b5581C385A1BA,0.0,0.00100001,confirmed
2025-10-24T17:56:42.075961,ethereum_tx,0xc700113db3eb41ef949545e0b3cf888c4e44554b4af109471db35c52f8d985c5,9481629,0xdd0995fc1D427217194f639fba66ce3C7540483d,0x18e75dAbeD7aea55DA355ACB6165F38fd9FC6111,0.0,0.00100001,confirmed
2025-10-24T17:56:42.075961,ethereum_tx,0xaf0715aeabee898f78b2e63480834b035987ebf062272a87a40384047c593b9c,9481629,0xcfD5dDc974005CDfCE04286a4E96a28Bb9366b8c,0x19d180bc50198A622C62AcDbeD7eC6B415DCF415,2.8e-05,0.00100001,confirmed
2025-10-24T17:56:42.075961,ethereum_tx,0xa3bff0b0ee42daf9fd427a0c3e62e727f3bdd54e1e32aa4519568490b115ab02,9481629,0x33179D89192B89c6bdF8e7259425DdB58E21A068,0xC0215f0202418568C06b899F5E11245Dbf717802,0.001,0.00100001,confirmed
2025-10-24T17:56:42.075961,ethereum_tx,0x89e9ca4a50dee9716d30ad2e0344a8607fa86436db19f5668423dcb8e2ab3fc3,9481629,0xd43F55EeD1eD3269ECbD4F80bF82E2cA18df13b7,0x03C66CB1826BDB0395BF31E68Bf7E873e9564fFB,0.0,0.00100001,confirmed
2025-10-24T17:56:42.075961,ethereum_tx,0x88206b20747c05681647ff8b1a591b8f3558e6092432c394c9f1928613a4b0c2,9481629,0x69B3De58142e3d85789ed288388D1b7550DFa6d1,0xd7301A16Df6142687205d16468B3BcC58b4b272F,2.16e-06,0.00100001,confirmed
2025-10-24T17:56:42.075961,ethereum_tx,0x8402901484c77fc517880107423e87efdff6d4dcf87c7d7e1ca0519a72931d4a,9481629,0x6f04D86db3Be5978f9b4CF5DC8640Cc2Ff83f906,0x7215691F60C4fA7Bb82c5Ac44c7d57dc32bB0493,0.0,0.00100001,confirmed
2025-10-24T17:56:42.075961,ethereum_tx,0x79a3f55404acab3334a0f6d6bb290fe8d8387c44c447ee90922b59264cd5f1c4,9481629,0x71A6D6a1ca08FFC667F85050f72d9aAE327Aa29A,0x71A6D6a1ca08FFC667F85050f72d9aAE327Aa29A,3.2e-05,0.00100001,confirmed
2025-10-24T17:56:42.075961,ethereum_tx,0x7576fb48667364913564c54de2a16d5222546aa4a4fd50087ea25c66dc49f896,9481629,0x67a2afA8e9658D6d768119Ef61eb03C7596CF1Cc,0x3eDF60dd017aCe33A0220F78741b5581C385A1BA,0.0,0.00100001,confirmed
2025-10-24T17:56:42.075961,ethereum_tx,0x682e64c899b2e889f25e99a55ab08e6ba33591d3dc4ffbf0273ac8710c8b4d9f,9481629,0x55262d29AE5768035567E27F7A11F02683023423,0x3eDF60dd017aCe33A0220F78741b5581C385A1BA,0.0,0.00100001,confirmed
2025-10-24T17:56:42.075961,ethereum_tx,0x677a5635ed35123ec4cc7cbe289d1bb078e23105603a0a501374bd2f857d0db9,9481629,0xFC1C971679fE722D3F633756A87c0a49c8F78FaB,0x3eDF60dd017aCe33A0220F78741b5581C385A1BA,0.0,0.00100001,confirmed
2025-10-24T17:56:42.075961,ethereum_tx,0x61bb6f51b1f115d507b693709ccf9835954d93c473c060bd3956ba881b34b68b,9481629,0x7D1dcf89d84fFa5deBe04A752FFdbce6AB05F7C7,0x03C66CB1826BDB0395BF31E68Bf7E873e9564fFB,0.0,0.00100001,confirmed
2025-10-24T17:56:42.075961,ethereum_tx,0x4f8876179bb36bc7b2b88438c16134be65e484ac974fe5e2e733f1dd85257884,9481629,0x89AdeA40273E7744F87C883177591A1F0af94Fd7,0x3eDF60dd017aCe33A0220F78741b5581C385A1BA,0.0,0.00100001,confirmed
2025-10-24T17:56:42.075961,ethereum_tx,0x360137a9d3f3bcfb4999339cee6d17ddc3b5c3585e03ebb200daae16ab163934,9481629,0xC733786e6ce284081EDd4A0D51a116A6beC127CA,0x08d2b0a37F869FF76BACB5Bab3278E26ab7067B7,4e-05,0.00100001,confirmed
2025-10-24T17:56:42.075961,ethereum_tx,0x1d5219521984833708c2dd15e64cc1bf16cad5740b3bc3ce3b9fcae8072af00d,9481629,0xE7FaD47A8C6e64E51044Ad39263Eabb72F6B2395,0x03C66CB1826BDB0395BF31E68Bf7E873e9564fFB,0.0,0.00100001,confirmed
2025-10-24T17:56:42.075961,ethereum_tx,0x1c2d2ceadc0a81bff508490c1c78e320e358d9ae5c98241b6ac595b8915a4fa6,9481629,0x4d85Dc5d33FBAF530bB3D4BA4f6061dd8d18b332,0x853758425e953739F5438fd6fd0Efe04A477b039,0.0001,0.00100001,confirmed
2025-10-24T17:56:42.075961,ethereum_tx,0x1a6fc029ed2a236a050b6d2ecff8809c75aab3f645cb85484b93221da92f6ad1,9481629,0x1f9E987247079baD2fB0832150d65957b0f38Fd7,,0.0,0.00100001,confirmed
2025-10-24T17:56:42.075961,ethereum_tx,0x17e8e9c556f3d2eb98008407bac5470cb63522ccd677be833a1acf13400de771,9481629,0x15391181943fF4B1305571411ed6ED05D21d9CC0,0x0000000000000000000000000000000000000000,1e-05,0.00100001,confirmed
2025-10-24T17:56:42.075961,ethereum_tx,0x0d08c8db90b9ee5c305e7a3e355c839f16c536086d8f042adcc826057ecd32a0,9481629,0x222fB5a19De86eA02a04Cd31DcC335811D9230e5,0x177FC1251e930931Eb4BA3dA5ab42E7C32911843,1.57e-06,0.00100001,confirmed
2025-10-24T17:56:42.075961,ethereum_tx,0x0bb6b04feb383f28ce2a4a966a5894ef7974d811d0e834e1cfd01a87e18c968a,9481629,0x847336dF44134241c9a10329bE713d18b03e57CE,0x08d2b0a37F869FF76BACB5Bab3278E26ab7067B7,4.28e-05,0.00100001,confirmed
2025-10-24T17:56:42.075961,ethereum_tx,0x0b34669a5a9a915f349900fe307cf80662b3e62dc167f13846c3d41bb77793c4,9481629,0x2Ce50990bFc2cbaCa4895315c33273b1051E0485,0x03C66CB1826BDB0395BF31E68Bf7E873e9564fFB,0.0,0.00100001,confirmed
2025-10-24T17:56:42.075961,ethereum_tx,0x0a7b4be89a8c1e8ba463708a226ffdaf32bf8c91da98ec5f10cee1fa5198dd4b,9481629,0x2BFaadCa3865BEf692e68B16A3A655bB3167e004,0x358e500d87F6d4630a8bF2fBDA09298C0873DA18,0.0,0.00100001,confirmed
2025-10-24T17:56:42.075961,ethereum_tx,0x0741afb3241d229f7dd2e743bf3794d70f1f8acd82bb47adc9fb4b6c7dbf4e83,9481629,0x1f9E987247079baD2fB0832150d65957b0f38Fd7,,0.0,0.00100001,confirmed
2025-10-24T17:56:42.075961,ethereum_tx,0xdf8a5b7fa1b8899673cd964ea68e21c1b87250e1fe53eaba930c0cb5f1f43b9d,9481629,0x1f9E987247079baD2fB0832150d65957b0f38Fd7,,0.0,0.00100001,confirmed
2025-10-24T17:56:42.075961,ethereum_tx,0xd257643c00e08dd2cc38e77898203ce23957ce37bb1542613583a00369bd1aba,9481629,0x1f9E987247079baD2fB0832150d65957b0f38Fd7,0x59D558539ba65ab101C6732b5b3c109884ceef55,0.0,0.00100001,confirmed
2025-10-24T17:56:42.075961,ethereum_tx,0x8a56f2f5d0d908054e5bad301a1a58e78aa82b7b2a32c9ee6c678923b4e446c7,9481629,0x1f9E987247079baD2fB0832150d65957b0f38Fd7,0x59D558539ba65ab101C6732b5b3c109884ceef55,0.0,0.00100001,confirmed
2025-10-24T17:56:42.075961,ethereum_tx,0x0be69f76746c317ad163ccc285f3a9e80fb0e4e4c9e2037041565d54cad4573c,9481629,0x1f9E987247079baD2fB0832150d65957b0f38Fd7,0x59D558539ba65ab101C6732b5b3c109884ceef55,0.0,0.00100001,confirmed
2025-10-24T17:56:42.075961,ethereum_tx,0x8ba998d6ed2e41565f2eee095bd5d73760a10658a33aff35fe5494104dd479c6,9481629,0x1f9E987247079baD2fB0832150d65957b0f38Fd7,0x05D88Fa0BF1002f633491d029ca4a336B870Fbca,0.0,0.00100001,confirmed
2025-10-24T17:56:42.075961,ethereum_tx,0x69e1d0e779778e32b7ffd4ec7657fef5efc4b107d8f50e237a03cff15a16022d,9481629,0x5d72984B2e1170EAA0DA4BC22B25C87729C5EBB3,0xd4116f515A6958da851080B390DDE4B81f408978,0.0,0.001000001,confirmed
2025-10-24T17:56:42.075961,ethereum_tx,0xf855439874bca5f4bd952abc1b5013b83a5b0d370b23b2897c1849475334b2ea,9481629,0x3378adFe4AF397e0071789c66b967784Eb1c3a74,0x956962C34687A954e611A83619ABaA37Ce6bC78A,3e-06,0.001,confirmed
2025-10-24T17:56:42.075961,ethereum_tx,0xee5cb873ad62a915ff7da160a5bbb68a3022be8a178902a3adea921f11e90218,9481629,0xB0752cCA8b78aAB13eA9bE15f9C2b88Fd8B6F043,0x956962C34687A954e611A83619ABaA37Ce6bC78A,1e-07,0.001,confirmed
2025-10-24T17:56:42.075961,ethereum_tx,0xdf4ebef63f0f9a7148205bb2a4af6c5527db58fefffbfe19a709240eb1329bbd,9481629,0x7bA7730C9c01cb2c9f083C5DA8A52811Df3f050d,0x956962C34687A954e611A83619ABaA37Ce6bC78A,1e-06,0.001,confirmed
2025-10-24T17:56:42.075961,ethereum_tx,0xd8e4f943ed8ae2a7b3cfd781d57f9f18f517622a7e3ae152c816c1d12ca2ddb4,9481629,0x8bcF74EF61d2CE9ebaFA4356e98f102BeFDF5191,0x956962C34687A954e611A83619ABaA37Ce6bC78A,1e-06,0.001,confirmed
2025-10-24T17:56:42.075961,ethereum_tx,0xd0ed67494854f8efe4b41e478423e04ac59c01a484cd8c55814b8ae0db1d4a0a,9481629,0x05A63a8d8f2C2b6CEE06447368FA66c6BFc73415,0x956962C34687A954e611A83619ABaA37Ce6bC78A,1e-06,0.001,confirmed
2025-10-24T17:56:42.075961,ethereum_tx,0xcf86f38416b2911e787ab573d6def084392fc351765168a2a0a899d90bc1ec73,9481629,0xFf1c59B6FBDD2117E6F4283A6121824Be9edA02B,0x956962C34687A954e611A83619ABaA37Ce6bC78A,0.0001,0.001,confirmed
2025-10-24T17:56:42.075961,ethereum_tx,0xcbc6d0edfa85575da4e11cb69f68d69e992a2cf1556fa2898f912adca3877f15,9481629,0x65F72928d6c34Ef555bCB2d1872134618fb898a9,0x956962C34687A954e611A83619ABaA37Ce6bC78A,1e-07,0.001,confirmed
2025-10-24T17:56:42.075961,ethereum_tx,0xc934a204020c0982eac6e9ba5fce7b0bf909a7648753c0140114d48fa4aa22f8,9481629,0xe03F5Eea59b3e719653d522811A49E089FA0DE8e,0x956962C34687A954e611A83619ABaA37Ce6bC78A,0.001,0.001,confirmed
2025-10-24T17:56:42.075961,ethereum_tx,0xc64300ec1b72181f9328b39d7a631907e96685aaa294588569f695d3c3304797,9481629,0x0835a809F7353D260FFeacC68AD31B60F006849d,0x956962C34687A954e611A83619ABaA37Ce6bC78A,0.00012,0.001,confirmed
2025-10-24T17:56:42.075961,ethereum_tx,0xc52a66840377a66b7340aa5bdc9f8fae43966a525f1028b9b0966e39a766cbc3,9481629,0x34D3c727363CD71C6c901aa1C140E68e1390d599,0x956962C34687A954e611A83619ABaA37Ce6bC78A,0.0001,0.001,confirmed
2025-10-24T17:56:42.075961,ethereum_tx,0xbcaa9c81fbd1fde861e0a94f46e444f92f0ef681acfa5c61f6c2e73188be0fc0,9481629,0x85A057789d320e084897829f7096B1241Fc6B9B8,0x956962C34687A954e611A83619ABaA37Ce6bC78A,1e-06,0.001,confirmed
2025-10-24T17:56:42.075961,ethereum_tx,0xb635ad4223d33dd6b86f7ddbcd3321df84450584795a481789a9290027bd23c0,9481629,0xDA4bc6D9f9E8676502538C7476901CB4c891bc04,0x956962C34687A954e611A83619ABaA37Ce6bC78A,1e-07,0.001,confirmed
2025-10-24T17:56:42.075961,ethereum_tx,0xa75cc1ff2e66f38e846ccc20b59cf8faa64e4216747bf4c30c29d53ae8b54f1a,9481629,0xff8e386D89249068195c8B8f19d53DA032Cc767B,0x956962C34687A954e611A83619ABaA37Ce6bC78A,0.0001,0.001,confirmed
2025-10-24T17:56:42.075961,ethereum_tx,0x96716786b38992ee51fe11a8cf4018bb8a4a688fb1f2b283ecf720f5df778ce5,9481629,0x13e6009357AF52E7D564b5914aa97719C8304A28,0x956962C34687A954e611A83619ABaA37Ce6bC78A,1e-05,0.001,confirmed
2025-10-24T17:56:42.075961,ethereum_tx,0x8c50336471dbcff388fb2436821b0525fd09bf0454c5dc89fc335f029f32e6b2,9481629,0x5bfC8BcA637E03B165Bf6771A417491835817049,0x956962C34687A954e611A83619ABaA37Ce6bC78A,1e-06,0.001,confirmed
2025-10-24T17:56:42.075961,ethereum_tx,0x7f48e1752f68481df66ac4dd987a9309dab6da162d027e15200130b349e5cf82,9481629,0x2c2b882B65Fc147bb3980B3dfbaB9D7C8222DF2C,0x956962C34687A954e611A83619ABaA37Ce6bC78A,1e-07,0.001,confirmed
2025-10-24T17:56:42.075961,ethereum_tx,0x795ed151ff895eeb52abcde6c3e4dd6b334aba05e59ad994c411c33671fe36d3,9481629,0x011A7c141f48ab2f07046FF825BC69032870FE27,0x956962C34687A954e611A83619ABaA37Ce6bC78A,0.0,0.001,confirmed
2025-10-24T17:56:42.075961,ethereum_tx,0x7901eb9c5e31ff7dbd2941619d859fa33e01f46ac36e0405b9e7fbfd06e89704,9481629,0x5908ac57a9C1254DdC06491f2924B56A551A4f38,0x956962C34687A954e611A83619ABaA37Ce6bC78A,1e-06,0.001,confirmed
2025-10-24T17:56:42.075961,ethereum_tx,0x6a863139d9fe8b550fcef3934aa2be299da87d61d626fb6d69131605530a3c80,9481629,0xFe9DaDE93c9A484dde7383D47f3F26F97917Ccd5,0x956962C34687A954e611A83619ABaA37Ce6bC78A,0.0002,0.001,confirmed
2025-10-24T17:56:42.075961,ethereum_tx,0x650cd4a62710231ead261bafb03e7da06d6e64048ac67252f00bb132f1fcaa74,9481629,0xB639167a998aC9a5E90e436e277907BC7a049119,0x956962C34687A954e611A83619ABaA37Ce6bC78A,1e-07,0.001,confirmed
2025-10-24T17:56:42.075961,ethereum_tx,0x62bbc11c8c502de3c9f26bb7c6c99dd135183c994d42c235c38a4f12694ae35d,9481629,0x2F17D9F3A304D216f711389CfaF1497dd54dBdf4,0x956962C34687A954e611A83619ABaA37Ce6bC78A,1e-06,0.001,confirmed
2025-10-24T17:56:42.075961,ethereum_tx,0x5cad955c5f356adb3d84e4d418337bca1e3cbedc4bc47411d8827ca41afe982e,9481629,0x65C1daB5A49AbD4261627CF5074ee41a2e74AC73,0x956962C34687A954e611A83619ABaA37Ce6bC78A,0.0001,0.001,confirmed
2025-10-24T17:56:42.075961,ethereum_tx,0x29cbb2d0a7495db47a2aee29e21eec97c9e36dade70a19ba448abfc08c1344d2,9481629,0x828D8964D97564075c76d681A001C1336a2397aD,0x956962C34687A954e611A83619ABaA37Ce6bC78A,1e-07,0.001,confirmed
2025-10-24T17:56:42.075961,ethereum_tx,0x261e5a391b6c3fbeeb3f55a01b3fcd39e1caedfcedc5c476d97f013136f2c838,9481629,0xcC05E956be7B2F3AdCD13cc6005C1C87bc3E5F78,0x956962C34687A954e611A83619ABaA37Ce6bC78A,0.0001,0.001,confirmed
2025-10-24T17:56:42.075961,ethereum_tx,0x14b63093830e0d779c3030f57de77c295199991954534f73a01eb1f1428db3e1,9481629,0x9FbBe92905049184eed9a19d2FF2c1717A73ca21,0x956962C34687A954e611A83619ABaA37Ce6bC78A,0.001,0.001,confirmed
2025-10-24T17:56:42.075961,ethereum_tx,0x1499de6b9ac3f0f73b8855ba2e84db6ff09873116c980e360d2d20550121f97c,9481629,0xa6ab0e4ae657786273C457be86Fe3573d4013ed8,0x956962C34687A954e611A83619ABaA37Ce6bC78A,1e-07,0.001,confirmed
2025-10-24T17:56:42.075961,ethereum_tx,0x1288b7c16d93f697dba116902016a399e29c51567082e27da34656a7a6d5079d,9481629,0xeAe3CcEb68d668Ba7eEA6eD29AE6D198D84a6000,0x956962C34687A954e611A83619ABaA37Ce6bC78A,1e-06,0.001,confirmed
2025-10-24T17:56:42.075961,ethereum_tx,0x03bbc30cf5db28b33213a01cdafc33f6ad91e82674e0d431784d84eb35cc06b1,9481629,0x8A2FC29762746Dea855Ed2B099A55fA00a1a3FF0,0x956962C34687A954e611A83619ABaA37Ce6bC78A,0.0002,0.001,confirmed
2025-10-24T17:56:42.075961,ethereum_tx,0x016c7a80d07d73013349aa2a93eb2db5385dc9f1d40cd8164e46492e3449cc8d,9481629,0x77002f2aAc0A170BfFb59107c1C2D2fDe9e40F73,0x956962C34687A954e611A83619ABaA37Ce6bC78A,1e-06,0.001,confirmed
2025-10-24T17:56:42.075961,ethereum_tx,0xd98affafc4cb53dd4e193ed07cbd63f60904a2ff7c89b22c1a1df780becf9ace,9481629,0x13CB6AE34A13a0977F4d7101eBc24B87Bb23F0d5,0x9b7E335088762aD8061C04D08C37902ABC8ACb87,0.004095107519262347,1e-08,confirmed
2025-10-24T17:56:42.075961,ethereum_tx,0xfd7549067f17b17d32979de6046f7aac8255850efc72c08db43f00d9e3291405,9481630,0x3C95c2633296B264d051498C4b2e982EbB526A53,0x3C95c2633296B264d051498C4b2e982EbB526A53,0.0,4.1,confirmed
2025-10-24T17:56:42.075961,ethereum_tx,0x0d8e49257e009af579d3941039a1ce7ce84a01a81697ce563d7706ee0e9c50a4,9481630,0x219834d89437DA3Be4F41adADA9473d516E6dFc1,0xcA11bde05977b3631167028862bE2a173976CA11,0.0,3.00000001,confirmed
2025-10-24T17:56:42.075961,ethereum_tx,0xf3d0ec58d2dd237e4b75b2d7c94a831302bafbc02ec58340d6f40ca5f75fb7b0,9481630,0x55A07F9f7eD7F110c2Ddd8f2f5d8677Dc94aF4E2,0xeA30c4B8b44078Bbf8a6ef5b9f1eC1626C7848D9,0.0,2.20000001,confirmed
2025-10-24T17:56:42.075961,ethereum_tx,0x8eac4c9036c18fd3f2f119a6d896efb0ccbb17893ad09ae3e5b42d0001af48b0,9481630,0x615E0671717121f54A741f5CEf5aB14d9E8f0695,0x0071679f8024e420A6E2138B2F3bAaA3095BC782,0.0,2.00000001,confirmed
2025-10-24T17:56:42.075961,ethereum_tx,0x360544a2bdc2a40242ec678a94e11e2ee8bb03128e86b6fd4967d8c80d63fb7c,9481630,0xCAe48CC52Cb22Fea40077434DBDd3BbA56eE1A03,0x000D51c298a9B0AcbDa440e1dd2E0812d7790e3f,0.0,2.00000001,confirmed
2025-10-24T17:56:42.075961,ethereum_tx,0x8adb1b36b3b9743f3fb9d656e14a7815876fa945aa78ea78961e296bd2e51fe1,9481630,0xCAe48CC52Cb22Fea40077434DBDd3BbA56eE1A03,0x000D51c298a9B0AcbDa440e1dd2E0812d7790e3f,0.0,2.00000001,confirmed
2025-10-24T17:56:42.075961,ethereum_tx,0xe237080d5107de667bc82e8f8b959a3a50f04037bd8cefbc4d02ebfa0a8f1728,9481630,0xCAe48CC52Cb22Fea40077434DBDd3BbA56eE1A03,0x000D51c298a9B0AcbDa440e1dd2E0812d7790e3f,0.0,2.00000001,confirmed
2025-10-24T17:56:42.075961,ethereum_tx,0x1f651a5e9fa5e5c5ba96430235fa4bbcfb8ce2f55b1f6cfd1569c6ea541e1b66,9481630,0xCAe48CC52Cb22Fea40077434DBDd3BbA56eE1A03,0x000D51c298a9B0AcbDa440e1dd2E0812d7790e3f,0.0,2.00000001,confirmed
2025-10-24T17:56:42.075961,ethereum_tx,0x60e190392d6004de81df0cf1cbcf199621c448f6b7e7249d5ce2f2a8846f390b,9481630,0xCAe48CC52Cb22Fea40077434DBDd3BbA56eE1A03,0x000D51c298a9B0AcbDa440e1dd2E0812d7790e3f,0.0,2.00000001,confirmed
2025-10-24T17:56:42.075961,ethereum_tx,0x9657f4a9baebf5f2a2eabc95695ad42cc2a9ec79ece7a0f76643f19dd9cc7198,9481630,0xCAe48CC52Cb22Fea40077434DBDd3BbA56eE1A03,0x000D51c298a9B0AcbDa440e1dd2E0812d7790e3f,0.0,2.00000001,confirmed
2025-10-24T17:56:42.075961,ethereum_tx,0x83f8104c15c48bf7ab781fe12f2ff2ab2da1ca143c7af1edc4b4da1ee49646da,9481630,0x73287B8E96B9222ca77596eCf746b5284042ed6f,0xfFf9976782d46CC05630D1f6eBAb18b2324d6B14,0.0,1.50000001,confirmed
2025-10-24T17:56:42.075961,ethereum_tx,0xb5b3d85ca0f2e749235fe49ec40fc88cb919da1bce758e45a99f6d623ba71ef9,9481630,0x0CcB51b07c492A21B24f2D631c34b52cf249ef81,0x2A4496bbC344414e3bDbE6a8E7c40EF007DAeEd1,0.0,1.5,confirmed
2025-10-24T17:56:42.075961,ethereum_tx,0xb41466138b4313ee68039c032c5968940e282163a64c3164632b0c7ecfb3debc,9481630,0xD61a6BaB67F89A1789Cf0C324b0cCdb0e66BfbD6,0x2A4496bbC344414e3bDbE6a8E7c40EF007DAeEd1,0.0,1.5,confirmed
2025-10-24T17:56:42.075961,ethereum_tx,0x92e6fc861ad77a4ae00a8b434c3f2ba1dbd292182e214416bb4c5fd41410e9fc,9481630,0x9e0F72Ba7a535EB2c7eb9DC1D240Da4e3BdBDc53,0x2A4496bbC344414e3bDbE6a8E7c40EF007DAeEd1,0.0,1.5,confirmed
2025-10-24T17:56:42.075961,ethereum_tx,0x17aee9d0e51a5f275bc6cc95423509c85e64122b8dfd582ad08fe39a7b334046,9481630,0xC5fD2d2b4a035735F03ddD06B0500bD8e2480715,0x57c5dC670eB6f571bDD8Fc1CF178c46c9A917A74,0.0,1.5,confirmed
2025-10-24T17:56:42.075961,ethereum_tx,0xbc2e545e2b9ca43fd394bc63d82a5b804dc8e86c6fc19bd8fc9139b361a89f82,9481630,0x29718D2fFF29Ebf55eaE72E75b68f0d3D90D7282,0x2A4496bbC344414e3bDbE6a8E7c40EF007DAeEd1,0.0,1.5,confirmed
2025-10-24T17:56:42.075961,ethereum_tx,0x4e1a4951208995ebb1012964641138ab1d7583578991e14e0032ab441622d4c6,9481630,0x796E2B5fd93aaa28968AA1eFCb72EbB3797405Ff,0x2A4496bbC344414e3bDbE6a8E7c40EF007DAeEd1,0.0,1.5,confirmed
2025-10-24T17:56:42.075961,ethereum_tx,0x3a54f56ba9a378a2cf0791730185ea087e459c7829ea9d4adf3a44d00308050f,9481630,0x923CB3186eaD11AE655258875dC9fa96189A2426,0x2A4496bbC344414e3bDbE6a8E7c40EF007DAeEd1,0.0,1.5,confirmed
2025-10-24T17:56:42.075961,ethereum_tx,0x0ffb29055ef7fe3d055f4de41139ab66d615c3ed9458d6ab65116ee4839ece35,9481630,0x74617d37A93767B05b9C7Fd47F0B5deBc551e2C0,0x2A4496bbC344414e3bDbE6a8E7c40EF007DAeEd1,0.0,1.5,confirmed
2025-10-24T17:56:42.075961,ethereum_tx,0x2b8a1e6c0ca3bad62f056cc955aff6858cdab80264688eb4887613e64a3da784,9481630,0xdffC8dE4EC8B2c51597887a9f90052A6fC466585,0x2A4496bbC344414e3bDbE6a8E7c40EF007DAeEd1,0.0,1.5,confirmed
2025-10-24T17:56:42.075961,ethereum_tx,0x7a8599624ec207d2b18bff6c1b22f2ce66202c04dc0f73cdf543ae01e8ab81e7,9481630,0x2395B71Aa01AECB581b01f37a8602E77B85dAB93,0x37ee6198c9B6967a2d9BC6BfE300B52db30a58C1,0.0,1.00000001,confirmed
2025-10-24T17:56:42.075961,ethereum_tx,0x5eca49ff3f42ff51c6af4e87db90c5cfdf9be68b8860f289e3d116a793849d92,9481630,0x3599A7C50bDcC061E65F92556ae65d0656445906,0xCF8f8b34f10e8CBb2F42bA60205caED1a85d0d0D,0.0,1.00000001,confirmed
2025-10-24T17:56:42.075961,ethereum_tx,0xacce1093787f7ed5d718de0eee0ba58645f58c9a5998379e6b56aa8996ca7646,9481630,0x95f9ea159CA88e1300ef7ff0B5F100D0d1d8aB28,0x5BDcb6B0E4d81C41B54821012f895e5bd4B3203c,0.0,1.00000001,confirmed
2025-10-24T17:56:42.075961,ethereum_tx,0x15bad2bc026e3e9c2cfb6ac259c82471bd9f9b82b5a943be565e0c3e5327b905,9481630,0xE53E1EdC0f1C8bAac0fd0CBc0B408fef33402ab4,0x32787CDa7eB44a561470afB3134465e4d386b301,0.0,1.00000001,confirmed
2025-10-24T17:56:42.075961,ethereum_tx,0x1716a442a270813095d15d4fc6c7d815a01b0a9d2c4b4cc294098377c8a220d3,9481630,0x4754ca6B3b0e20fbC66157cA7b937Db9f906d166,0x0051A0b15133C135366daeF258F0399799A0862A,0.0,1.00000001,confirmed
2025-10-24T17:56:42.075961,ethereum_tx,0x2a253ba10af05df5bff9d2416c2917be65f5c7846e51d4c85eda31f6a404f18f,9481630,0x5070BFaD0BEbd52AE6970f4f8fdB0bb3D25c0c04,0x4E34823639c6043BD4271168a249e438ecDB62De,0.0,1.00000001,confirmed
2025-10-24T17:56:42.075961,ethereum_tx,0xfdf001df9bc372121bc11bc99450b8e6ec5480f868afa450aa638db2287720e7,9481630,0xa7A272a1FF0122e4Be4Bf0Ad644f2F5343181cc8,0xBaa9E8Cb44c7c4b259E4B39301104c894b73952D,0.0,1.00000001,confirmed
2025-10-24T17:56:42.075961,ethereum_tx,0x91f029cf57e0ebc26b4e43bbbd54692d8dc243db307f049860e15e2a8cdfd9cc,9481630,0xAC1CCFB1826502E9E9B01F21124EfE5a9c228186,0x725eA3FEc0a01F99E89DFE47DB89C458FBEE1ac9,0.0,1.00000001,confirmed
2025-10-24T17:56:42.075961,ethereum_tx,0xe2c9547d330333efa455ca557f4c51348b6810316668230e6f7eabf5fc3afe72,9481630,0x8e44b28faBAFa0a01bf026C7AaB73eDD39699123,0x457783e0B1Ef4455a2dE36d8174F522e8Ac8264e,0.0,1.00000001,confirmed
2025-10-24T17:56:42.075961,ethereum_tx,0x3b5d308ad2f6dd943dafe544c28a5881e060907088caa5c1889ac8f2eb8b8821,9481630,0x7B52f71Ca50Bce413eaFF4a4287Cf4b9685f7602,0x893Ca7aAA974E8eBddcEb0A819F6d3E58dbb751b,0.0,1.00000001,confirmed
2025-10-24T17:56:42.075961,ethereum_tx,0x71a77f757b9a75ac40bebf71a66db63ac200b7f13c698f0d9a4789caa1a95fad,9481630,0x0F801fADe05143616983E0184f828797092a7bBE,0x846eFB0FD8051472291AF4F5633Ace5C0994A533,0.0,1.00000001,confirmed
2025-10-24T17:56:42.075961,ethereum_tx,0x0322b6d8d6627af14e18ee6da0bb5d8fe310180a06825a307355727a505e9b4f,9481630,0xBb04BFa600969359840265010884b1dc6987Bb69,0x20614FbACFc03443005df4A8d871530B58f3f3D6,0.0,1.00000001,confirmed
2025-10-24T17:56:42.075961,ethereum_tx,0xf38a2bb8943e496a465d65956ebb133429bd3aec26a3fc09961b77b58fc4fe32,9481630,0x7adD4E96334b0deAc01c01592e0c632175Bf6622,0x00ff1a99238CFBB275094fa6EcE1795894938042,0.0,1.00000001,confirmed
2025-10-24T17:56:42.075961,ethereum_tx,0x26981e6f66a2dc4d0d2b50f8520873dcbb6907cb7a551f7b37ceec9ba47ffc7b,9481630,0xF0FEd0C0192539a1076d8BDa1233f414704d98Be,0x00D22efF04CF7d0f5A355A6D9A06E43120398dA6,0.0,1.00000001,confirmed
2025-10-24T17:56:42.075961,ethereum_tx,0x6198defffd46524b465ec4dfc5b8a7fbacdae7793cc83db0e4c051e2ca50cc47,9481630,0x8EAAC89Ae2e6A0Acdf19101a356cE14A3A085076,0xff00000000000000000000000000000000111185,0.0,1.00000001,confirmed
2025-10-24T17:56:42.075961,ethereum_tx,0xe5a57114d9f52e5bf175682a808370c44b5f36d47d61dc1a990f75267eee737b,9481630,0x76eD028AF7e9b15a709333A44A189588869a8D31,0x0059737703B1C9481afE94803F16c55d501CEFA4,0.0,1.00000001,confirmed
2025-10-24T17:56:42.075961,ethereum_tx,0xdbfef0be61bdf7c53b59cbb90aec6a15f04cc0c12e35ff47f6cb7fb1a9eafad1,9481630,0xd9f65F0103E8809a54F0930a3DE2Ba0Ef7115284,0x005B63c4C73104EEf8D6D6E1F2103bB4B9CB43A4,0.0,1.00000001,confirmed
2025-10-24T17:56:42.075961,ethereum_tx,0x9efcaea2605d567d87772d40894bde834ca025b8992a95974dddf65f5cb49605,9481630,0x65097B4285519724A0a65Db70E7BfAc01D30BAb9,0xf993E10C83Fe26DddFc6cb5E82444C44201e8a9C,1e-06,0.02000001,confirmed
2025-10-24T17:56:42.075961,ethereum_tx,0x40c9fa6addf7408126bf9015622ccabddc20117d32bc80b9a57a5fc3139011f8,9481630,0x67155690286e636a31BA24563d2c920f4De853CE,0xf993E10C83Fe26DddFc6cb5E82444C44201e8a9C,1e-06,0.02000001,confirmed
2025-10-24T17:56:42.075961,ethereum_tx,0x314ce1cd29f967914aac119dd9b77b5126a3e0bc7ac986d894e0c4c3b2cfcd1e,9481630,0x0f9E32Cd2750b6883d48F6A3713Eded465C41A7F,0xf993E10C83Fe26DddFc6cb5E82444C44201e8a9C,1e-06,0.02000001,confirmed
2025-10-24T17:56:42.075961,ethereum_tx,0x140508e06e603f6f90aaf45076e40dd3f612e50dcb3d2e61b4be5145d81b1e48,9481630,0x2dA226D417eB4033b84fcF92F2Ab9063Ceb1aE93,0xf993E10C83Fe26DddFc6cb5E82444C44201e8a9C,1e-06,0.02000001,confirmed
2025-10-24T17:56:42.075961,ethereum_tx,0x4ad1a3cb957684ad9e7de9121a59d33d23b0fbe3d1087e6be9ddfc4bdf8a7bf8,9481630,0xb3a1956Cff1ecc8054B81b0C83b9847CB71384b8,0xCf8EDB3333Fae73b23f689229F4De6Ac95d1f707,0.0,0.001325832,confirmed
2025-10-24T17:56:42.075961,ethereum_tx,0x06289793bb8081789b65446c807b580456a88c707992639d32d11a13b4c6cd17,9481630,0x6d7927C0D236388319864007681BC0C6b844Def8,0x12e1181a741b70BE6A9D81f85af3E92B6ba41897,0.0,0.001300013,confirmed
2025-10-24T17:56:42.075961,ethereum_tx,0xb8d6eff4eef004424093adc6f2a6912ceff3a39e64b4af60e4a3d7af278fb012,9481630,0x159cA92b12F67E5676d82C238f4906692618A555,0x982917D867Db8f886F3bD7659D8a6fd39bAD9fB2,0.05,0.00110001,confirmed
2025-10-24T17:56:42.075961,ethereum_tx,0x48f151c8169240cee9ef43ff5100449ee55f7476441f900b6cd7620eac55141f,9481630,0x9A37Ab2eE598D00918db33F85fcf165cA55e7f1a,0xb5A49949C49dEDD852F9f0f419b17aD2785032db,0.0,0.00110001,confirmed
2025-10-24T17:56:42.075961,ethereum_tx,0x778ae6180f2337a2ba2588ff00f230ce6503436d4bd98c68c9b3078169efaf0b,9481630,0x619d0fC4816662A8CD7ca543689E01254B20435D,0x9f54e6A87429E7bB2fe7B9f0ACCA3A31560FF198,0.0,0.00100002,confirmed
2025-10-24T17:56:42.075961,ethereum_tx,0xe26f56be0ed0bdd4e59b661303cb5ce5e40665fc291b022987a0d6fecf369d79,9481630,0x3DEFf8cf25691D5e1bF1B891562bb6769c4e17d1,0x9f54e6A87429E7bB2fe7B9f0ACCA3A31560FF198,0.0,0.00100002,confirmed
2025-10-24T17:56:42.075961,ethereum_tx,0x6f6af84d1c158b80d3cf648747ece102c13664b02eb3ec8c11133285e08270ff,9481630,0x2c2ff804eD59BBE2533e0a8210D5a120414D4c93,0xA73aFb610aC79A729A393D679029fCf9618854AD,0.0,0.001000011,confirmed
2025-10-24T17:56:42.075961,ethereum_tx,0xb2cde09f2d16bcc31e2d952a056d5ba33d5f81834168d181d3f850a00931f526,9481630,0x54223e996FEB07CFb887A3458BBc75903FBF15f0,0x3eDF60dd017aCe33A0220F78741b5581C385A1BA,0.0,0.00100001,confirmed
2025-10-24T17:56:42.075961,ethereum_tx,0x8f4a3080893380adc7b6f1ccac5b3765d51b14d43331395d303115b0d6517202,9481630,0x3Da763C42E438eB17880fB6A83040d6cf13eF03b,0xFf00000000000000000000000000000000042069,0.0,0.00100001,confirmed
2025-10-24T17:56:42.075961,ethereum_tx,0x59398c25ec056c9fac75197e6ccefb7dc990bb5ec8770614e3fa915130bdee65,9481630,0x1C98C81eD2f54B01eDada639e0D5d44E62a22fBc,0x7215691F60C4fA7Bb82c5Ac44c7d57dc32bB0493,0.0,0.00100001,confirmed
2025-10-24T17:56:42.075961,ethereum_tx,0x72b21fb13bfbd6cca01324ff278c8e62d4b8dc984b2db2c1a772bed7bef742ba,9481630,0xB3C259f1235A50Bd0B8aA2E588648c106F6F3816,0x0215f8e5e81B75799Ae38232420377339d811796,0.0,0.00100001,confirmed
2025-10-24T17:56:42.075961,ethereum_tx,0x3a3a1f923287523f04b721453c251e92ab6514b51f1dffbc9fb3c26126408d34,9481630,0xa82242aA318f10d20bA4A4D9B6Ba10cab4050AE8,0x25EbDE3a81D237D614239D87a17d5c819cc04052,0.0,0.00100001,confirmed
2025-10-24T17:56:42.075961,ethereum_tx,0x6e734255f212d9ef4dac92aae6ca42f7d2c174581351f0241f87f6df81cf7ae4,9481630,0x54f978be913780d3F0215448bE9cF4c14Be95bb4,0x3eDF60dd017aCe33A0220F78741b5581C385A1BA,0.0,0.00100001,confirmed
2025-10-24T17:56:42.075961,ethereum_tx,0xb34ef4d9fed4677ed03de3e1f032c94f21487c45e771d28eff883ae8e9ce1707,9481630,0xcB499cf9d71FBD345e9BF8A37434e5C92d290Efc,0xb3975b4294ed871013d2B47ADe5da9015Df5C54a,0.0,0.00100001,confirmed
2025-10-24T17:56:42.075961,ethereum_tx,0x9c241210e8a7316327ebb7052ca487348f60350e1f078aef28215a267e76dae1,9481630,0x21Aa988Ea66c83083BbB662fcef6f54e782B2286,0x3eDF60dd017aCe33A0220F78741b5581C385A1BA,0.0,0.00100001,confirmed
2025-10-24T17:56:42.075961,ethereum_tx,0x104a3b3c11b58da5b348ae79881d6fe85cd68cae0d99e40965e878b9a53c5267,9481630,0xdC5509FEDff7cC21365bA86295b09557730950C3,0x2c02c4F3DB094788bdb60C093D96F834F0FB4bcE,0.1091575796235316,0.00100001,confirmed
2025-10-24T17:56:42.075961,ethereum_tx,0x3c1ffb5c6e1d5771a81a93e02fcf90dfb1d3b1899a05a2eb92c4dc13c3e14ff2,9481630,0xb3Fb53Aec32a7B31e21d155364E7A7eE9c20A39f,0x87A3effB84CBE1E4caB6Ab430139eC41d156D55A,0.0,0.00100001,confirmed
2025-10-24T17:56:42.075961,ethereum_tx,0x739e99d90baeecf3e0d172fb4160f7041340782e143a9dd64e11ec7f70f55d82,9481630,0x011840BB5b9151aE33868eaA5E1326621458EFc1,0x3eDF60dd017aCe33A0220F78741b5581C385A1BA,0.0,0.00100001,confirmed
2025-10-24T17:56:42.075961,ethereum_tx,0xb4197afd10c35a129e6ee66f4150a2d78ee4e557f0b4545dcb06c7ae83aacdbd,9481630,0x011a3B322a3583ee7De22E0242Ae74274F5B7D97,0xBf20267F7DB344B0205Ca51E38ce5f5c48827a21,0.0001,0.00100001,confirmed
2025-10-24T17:56:42.075961,ethereum_tx,0xdb765527e899fd9fa3e396a4f50d3aa904a22d462883c40446140eb43826d812,9481630,0xEbb572059363FA4FfF24781b24650Dc8ea74d33F,0x26233E020D233Dc3c2Cd2a5BfFFD58e9d95f248e,0.01,0.00100001,confirmed
2025-10-24T17:56:42.075961,ethereum_tx,0xd3543c7a12ecea6b5c33326b4cb2f69cbb08c76c58e759b61249db70feef42eb,9481630,0x15391181943fF4B1305571411ed6ED05D21d9CC0,0x0000000000000000000000000000000000000000,1e-05,0.00100001,confirmed
2025-10-24T17:56:42.075961,ethereum_tx,0x32cfcf4c2e4cb6b6362551b69c60f54323e9c6aa0c37f1c8c8b08ef58e1afaba,9481630,0x39Eab05a03312EC134BB3373F72013f8b616a173,0x3eDF60dd017aCe33A0220F78741b5581C385A1BA,0.0,0.00100001,confirmed
2025-10-24T17:56:42.075961,ethereum_tx,0xc441dcedcf89283c06e31010c25e97a016d47e4ebf6480483bb771e93c01537c,9481630,0x576aFCa4A3FdeB1CfAeeac2437a0B3c9B88Be826,0x2c02c4F3DB094788bdb60C093D96F834F0FB4bcE,0.40361680201861966,0.00100001,confirmed
2025-10-24T17:56:42.075961,ethereum_tx,0x03c4a6b9a022bf662d1a360260e1cf4ba13847e7b9a767e2292e1ec46bb06592,9481630,0xcD12Ed9b63603bc9685Cda552c0156d9b297b41F,0x87A3effB84CBE1E4caB6Ab430139eC41d156D55A,0.0,0.00100001,confirmed
2025-10-24T17:56:42.075961,ethereum_tx,0x7928e399c0de724ca9121a7f90ae32e20ac9f7853462cd6a2a840d33811d8a07,9481630,0xe6a1aE64067ADaEaAcbD7219E95c685DD6022d50,0x87A3effB84CBE1E4caB6Ab430139eC41d156D55A,0.0,0.00100001,confirmed
2025-10-24T17:56:42.075961,ethereum_tx,0x8148266d8265df287f2a6b18eb9c8623eb26abe1d81b27c6b751744486d5dff9,9481630,0x248dBE60a180864a8D6D7A5658cEcDb8c14A0567,0x03C66CB1826BDB0395BF31E68Bf7E873e9564fFB,0.0,0.00100001,confirmed
2025-10-24T17:56:42.075961,ethereum_tx,0x6562192659a1a8bb8aec3f8738e72f60e974f96dd2f86b3854b7e4f7b5df8dd3,9481630,0xB6D120C413039aD4CFA902b1F4b29b24e429B645,,0.0,0.00100001,confirmed
2025-10-24T17:56:42.075961,ethereum_tx,0xa8842fa172875f73a9bbcd8c9fbf15adc0104eb0c7dc0dbbed3d9ab203a61577,9481630,0x2BFaadCa3865BEf692e68B16A3A655bB3167e004,0x358e500d87F6d4630a8bF2fBDA09298C0873DA18,0.0,0.00100001,confirmed
2025-10-24T17:56:42.075961,ethereum_tx,0xaf90970fd75a702f7fc035c3e52c09d6ca8a5ccceae8c4f5b262afa6e87500d3,9481630,0x9e55c5ae0B7C56505D7bc3D2A6C38eE2A6cb9ce0,0x03C66CB1826BDB0395BF31E68Bf7E873e9564fFB,0.0,0.00100001,confirmed
2025-10-24T17:56:42.075961,ethereum_tx,0x55a9a4f63ea30f8f3db5e85c80952fd0a0fe83cc6dd7e847d856681c070ed9ec,9481630,0x5ecdF707CFA481882827783D48Ab5b2c0E8Aeb62,0x2E2981aE09CA101B865a89421aBb68762874A47c,1e-08,0.00100001,confirmed
2025-10-24T17:56:42.075961,ethereum_tx,0x1034821aae804db946783348870b0fa9d96e2de0cce87ca6f594496bd5eeeff4,9481630,0xf0dE51bE38f9931D29526dc29Ede5A5c42E1dc99,0x853758425e953739F5438fd6fd0Efe04A477b039,0.0001,0.00100001,confirmed
2025-10-24T17:56:42.075961,ethereum_tx,0x69f33a1f1ab32d2b0b398aef51bc6525a290332b1d5acaf3a96d05402c25739e,9481630,0x2933Dd929C27d44BF9F46DE8B512580D8e02F306,0x03C66CB1826BDB0395BF31E68Bf7E873e9564fFB,0.0,0.00100001,confirmed
2025-10-24T17:56:42.075961,ethereum_tx,0x69639bd0e52d25be206b0139dcdd499a51b126bcc55e140d76cdd81775c63a6a,9481630,0x139F4eC3e7e13F7E8EB7A34DDdf970fb3Ffe94E0,0x03C66CB1826BDB0395BF31E68Bf7E873e9564fFB,0.0,0.00100001,confirmed
2025-10-24T17:56:42.075961,ethereum_tx,0x12f61590df1d98ce72d18f7c9adb132a206c52856a873e6877863a43f47e2563,9481630,0x56D785F58b061dfD8285a4cf2Cd6863036099F02,0x03C66CB1826BDB0395BF31E68Bf7E873e9564fFB,0.0,0.00100001,confirmed
2025-10-24T17:56:42.075961,ethereum_tx,0xe33e74cf0e84084d674e6e87be5b3ce9cf0a7fb6feee20f7bda63cee2b0653ac,9481630,0x8a4D5fF0850Bee81D8355f1BD443eB52E83D222e,0x2c02c4F3DB094788bdb60C093D96F834F0FB4bcE,0.24206857988054958,0.00100001,confirmed
2025-10-24T17:56:42.075961,ethereum_tx,0x791d9192f10fecd88dc5c8beef85fef95c342a46e8181e7998e54eb3d9de7255,9481630,0x164b2Bb69a5dC4EcBc4a21e73e8C26D6f1a06938,0x03C66CB1826BDB0395BF31E68Bf7E873e9564fFB,0.0,0.00100001,confirmed
2025-10-24T17:56:42.075961,ethereum_tx,0xd880423a5f339720e1c16cc2f8ceeb9cebd09ba0853368a1b0d622463aa597e7,9481630,0x380273DE3979c034cdCABe119e316F8AA8A4C93A,0x7215691F60C4fA7Bb82c5Ac44c7d57dc32bB0493,0.0,0.00100001,confirmed
2025-10-24T17:56:42.075961,ethereum_tx,0xd4914a0c916b7508973d4e2d70c898fedfab1cead9d27c8b2e3feeeba2ee5914,9481630,0xEcf9ca4e5dA06626176B459088265565A679C7CD,0x3eDF60dd017aCe33A0220F78741b5581C385A1BA,0.0,0.00100001,confirmed
2025-10-24T17:56:42.075961,ethereum_tx,0x91a736df7576d960701a77a44a4daeef036759f26e4e7fffb0c715eb8e2fadc4,9481630,0xCC87802fe14895b7CBCf4C0094960B3EFEe3cfd6,0x3eDF60dd017aCe33A0220F78741b5581C385A1BA,0.0,0.00100001,confirmed
2025-10-24T17:56:42.075961,ethereum_tx,0x3a2c3ef8b2f2b70348cfac17c0dafd5ba37bfbcf7de994dd69a65a254b5ef3d2,9481630,0xfC5c7aDD35E0F94a5b140B3f41a42De73d09BB97,0x03C66CB1826BDB0395BF31E68Bf7E873e9564fFB,0.0,0.00100001,confirmed
2025-10-24T17:56:42.075961,ethereum_tx,0x5e925505a8529355ca532699557277f798e63f86cb494c8bb29e78dc9fff1330,9481630,0x71ED721E2b628a5dE48E4b7D8eeb355DF8b23E13,0x03C66CB1826BDB0395BF31E68Bf7E873e9564fFB,0.0,0.00100001,confirmed
2025-10-24T17:56:42.075961,ethereum_tx,0xc85315aa78e3582d5b830643ea5e6b289efabd0052f28e5d8f27f32e043e50e3,9481630,0xEC79e928b05608eBB285CA7FFe0AcAA9Ca9E61ab,0x3eDF60dd017aCe33A0220F78741b5581C385A1BA,0.0,0.00100001,confirmed
2025-10-24T17:56:42.075961,ethereum_tx,0xa7e0efa1a344cc5fe8f838513643f687b935c66f4330459eb9a766ba8bd2217b,9481630,0xEcB2CeD74C87AAFD9041cD7A1fACD4D332E4356C,0x08d2b0a37F869FF76BACB5Bab3278E26ab7067B7,6.92e-05,0.00100001,confirmed
2025-10-24T17:56:42.075961,ethereum_tx,0xec64210585a40c9301788e12136b65d88647559986cc24ef8713e9c4963cd259,9481630,0x7a9901023bd0a33783C143caa9562B1664F53B4a,0xbADb66a0F0Fe41d2b71e79AC2Ea4eFf6aD2119b8,8.06e-06,0.00100001,confirmed
2025-10-24T17:56:42.075961,ethereum_tx,0xf5ab0861b653c160a18f5b3450f652d6a7c84a65f3cbf8286f8feee0716d4ee6,9481630,0xb075E3363F5f0aC3f1A441c6d7e5267A6a18a5A4,0xb075E3363F5f0aC3f1A441c6d7e5267A6a18a5A4,0.001,0.00100001,confirmed
2025-10-24T17:56:42.075961,ethereum_tx,0x031901dce247a701d8880afc086e54f91c90a6cd5a6bd064a9ae996d0f2aa8de,9481630,0xdBB0b086550c9338fF4668B28D444a0153271ade,0x853758425e953739F5438fd6fd0Efe04A477b039,0.0001,0.00100001,confirmed
2025-10-24T17:56:42.075961,ethereum_tx,0x4d51943a0b86822ed9e3f25d30b87321a45d308115c896128af9a9ed5be1c3a3,9481630,0x3Da763C42E438eB17880fB6A83040d6cf13eF03b,0xFf00000000000000000000000000000000042069,0.0,0.00100001,confirmed
2025-10-24T17:56:42.075961,ethereum_tx,0x5f3c90c06ac049886262e65c0c3d3284cb836839790a111d9535fae7d7addc7f,9481630,0x399EdF632Bbcc14AEFBc9eC6f2e23B76019a10A5,0x03C66CB1826BDB0395BF31E68Bf7E873e9564fFB,0.0,0.00100001,confirmed
2025-10-24T17:56:42.075961,ethereum_tx,0x743bfa0a6869864d8242797ab45af2e3aa0e42b6a75141a61a2ee51c3126edd5,9481630,0x671e23e3Ce30aCBE62cb4a5949f396F1406F113C,0x2c02c4F3DB094788bdb60C093D96F834F0FB4bcE,3.6930830119088376,0.00100001,confirmed
2025-10-24T17:56:42.075961,ethereum_tx,0xa60b61e2bf4df53ff3ac43d160d7a96dfe0fcebf51df4bc536b36f4d65795107,9481631,0xb001aEB47bDb31EBE36C74518ee7B42E0926C697,0x73B668d8374DDB42c9e2f46fd5B754Ac215495bc,0.0,2.00000001,confirmed
2025-10-24T17:56:42.075961,ethereum_tx,0x8df91e6dba49cf6c7d6f9fa20342d5461fa5ca32061a402419cf5a62cb8b6635,9481631,0x4c8EfD61f5141bbBcDfE585ea678a9ef291f6bcb,0xcA11bde05977b3631167028862bE2a173976CA11,0.0,3.00000001,confirmed
2025-10-24T17:56:42.075961,ethereum_tx,0x99f54d81640f873bb89c687b678fb92d13b81327211c9baef1f8f2ce02f11973,9481631,0x8392ADB8D844ee54a1CB3355f94Fe6e66Eb339C5,0xEaB0A59f4e6bC3DC4E9Ba4113775AA5c310C8a5e,0.0,1.00000001,confirmed
2025-10-24T17:56:42.075961,ethereum_tx,0x0839fbe1b2c0c722e553da31e97ef3cea6a62e14879641d946ddb0956bf410f1,9481631,0x2335E8A404ed074D08F41779792b7B83f9f2A9f8,0xc6255a594299F1776de376d0509aB5ab875A6E3E,0.0,1.50000001,confirmed
2025-10-24T17:56:42.075961,ethereum_tx,0xcf4b15ae81fc33a75c321552153911b049067c4253c6408c330cf49d38cfe250,9481631,0x55A07F9f7eD7F110c2Ddd8f2f5d8677Dc94aF4E2,0xeA30c4B8b44078Bbf8a6ef5b9f1eC1626C7848D9,0.0,2.20000001,confirmed
2025-10-24T17:56:42.075961,ethereum_tx,0xe9d5cf446a6931bc02d0164a382f1c6f1389b9f6aa2b1cabfc424e3766d38d59,9481631,0x3C95c2633296B264d051498C4b2e982EbB526A53,0x3C95c2633296B264d051498C4b2e982EbB526A53,0.0,4.1,confirmed
2025-10-24T17:56:42.075961,ethereum_tx,0xdf472801a7172767eb05b60207df72d2da611d6a7b421aa37877f2ffd31ea108,9481631,0x5433Edc9F6490408a2D01DA6292c18Ead2AaeA6f,0x7976dFd7fB1293F61aD32c4396B89fCB65D07246,0.0,1.00000001,confirmed
2025-10-24T17:56:42.075961,ethereum_tx,0x6e4a46342ed6cb950bc2fab84ff3a071b551003ef991af6117c398215e8857e4,9481631,0xebFc2C4F56FC90864877eB4Fa6468397D2dEcF02,0xDbd9A72316eC93b4f29a70bD4dFbF58280CA6D38,0.0,1.00000001,confirmed
2025-10-24T17:56:42.075961,ethereum_tx,0x48a156675a8c25220dac5df40762482ea4027a8c6362c5b74dcecc08b8faba08,9481631,0x2a1716C0731439656cC1E39a43FD1Efdf5e4491D,0x597Aa4ba4840074cC4024CD61788F2d0aF6C1978,0.0,1.00000001,confirmed
2025-10-24T17:56:42.075961,ethereum_tx,0x479e47edb1a552239e70731c8b5235be879bd6afa0168e2acd2dd6b39b34f6dc,9481631,0x331F8071c58E6db2F286597A44EbcDAC75532f7c,0x42eBf272Ce569dc324E7f72a9E98A59CD3a06136,0.0,1.00000001,confirmed
2025-10-24T17:56:42.075961,ethereum_tx,0xeed56970f8c379cb23f0ddc3d56d0029d30c7070c0bf691c36f3b48e0971ebdf,9481631,0x2909931cb6AB1fBd24cA1743dF69cC9b2f2aA703,0x01dC0958F31D391282eca7A54fc8943d231AEE9F,0.0,1.00000001,confirmed
2025-10-24T17:56:42.075961,ethereum_tx,0xeceeedb382e96e0bb3d1af2e47e5724186f6baeb963e77e0fb5c9d846dc6e106,9481631,0x05E7Bf2B70C33DCEDEaE8a04a521E73E12E2c982,0x698Ee584D5BfB09594b0dEf7625f784160B5750F,0.0,1.00000001,confirmed
2025-10-24T17:56:42.075961,ethereum_tx,0xcf41979261d9ba5ac55dbe8563ee97a8bfeb2af372610c355c550a2ab9a9e9ac,9481631,0x8e44b28faBAFa0a01bf026C7AaB73eDD39699123,0x1AA8FE6696C067C73b6437d069E01CdEE41665f4,0.0,1.00000001,confirmed
2025-10-24T17:56:42.075961,ethereum_tx,0x250006e05ceee7268b68d42579f777530b9ddf1deee12fd50fbe16db4444762a,9481631,0xF6FF6C8cA01E3A8E79d1dbFF7CE77665Cb30CD88,0xEFDf7eE23a53cf38a0A1b3C21a8230f3037BCf92,0.0,1.00000001,confirmed
2025-10-24T17:56:42.075961,ethereum_tx,0x1b847aef32a119ef397cd6009b6cb05a9b26c6b51ad21ea7cafa3ab6a516843d,9481631,0x31C226f971b5eC98Ac3858CE21993Ca9f53419AD,0xaBDb096DC3e094861a9F44f2D32fCd731121DEB1,0.0,1.00000001,confirmed
2025-10-24T17:56:42.075961,ethereum_tx,0x45d02114f2426f588c40a67c5c6d65275a499584db59b69b54d4d821deccbdc2,9481631,0x16Cf955D55bbD549B5b95ad8eF31dd8cDde32bC4,0x87043a5a759D2A47DA5270e59E62679aab1F13D8,0.0023,1.50000001,confirmed
2025-10-24T17:56:42.075961,ethereum_tx,0x86b1a7f91903c550cb3a4dfe7a270cbbfc21207663fec86baa270709db75cc7f,9481631,0x36a3F6085732B0835c7A1EE4A681361d57920671,0x57c5dC670eB6f571bDD8Fc1CF178c46c9A917A74,0.0,1.5,confirmed
2025-10-24T17:56:42.075961,ethereum_tx,0x0e79f7489b882f2b3f5bda459294ed9a042d08f1908e17dec3363a53f37e8e93,9481631,0xD107ce1B6462c16bF813fD10805E22Fe86270ACE,0x57c5dC670eB6f571bDD8Fc1CF178c46c9A917A74,0.0,1.5,confirmed
2025-10-24T17:56:42.075961,ethereum_tx,0x7d85091c14b1c6b8fa68e1dd2d0c35c14405972baee8673089d463e458352a83,9481631,0x1ca66bfE6bF071aE8BfC4039c66238561Cf9324d,0x465C15e9e2F3837472B0B204e955c5205270CA9E,0.0,1.50000001,confirmed
2025-10-24T17:56:42.075961,ethereum_tx,0x83fd5c96168678c325d6205ff334f10f6cf35bafca7487941d60a34c2ddfc894,9481631,0xEae3e0D41321BCad56A94805135B0820cbce5877,0x2A4496bbC344414e3bDbE6a8E7c40EF007DAeEd1,0.0,1.5,confirmed
2025-10-24T17:56:42.075961,ethereum_tx,0x5a5ec8564d264b0c4f13fe10bee3faeb0de53d867897caa7fa65a86785d2a278,9481631,0x11c5E5ef18b48594C6a8f42Ca8c168b737c2C9a6,0x2A4496bbC344414e3bDbE6a8E7c40EF007DAeEd1,0.0,1.5,confirmed
2025-10-24T17:56:42.075961,ethereum_tx,0x37eb119013a32a9e0c053dfc70be32592b2f8554560077e365a358d3065ff7e0,9481631,0x2f517FEbb3ec80a1b72155A19D3A542587a5f95C,0x2A4496bbC344414e3bDbE6a8E7c40EF007DAeEd1,0.0,1.5,confirmed
2025-10-24T17:56:42.075961,ethereum_tx,0x3603b963e728e79bf0b38ff98bb3f26a006a6dace29dccb2fb132b6ceac85b9e,9481631,0x3c028d92813AD43Adf3831ac1106E544A94Ca1AE,0x2A4496bbC344414e3bDbE6a8E7c40EF007DAeEd1,0.0,1.5,confirmed
2025-10-24T17:56:42.075961,ethereum_tx,0xd580451cb09a456b26759c467dcbc4c9b93362bf6d8af94ad632dfc0e645d0b1,9481631,0x615E0671717121f54A741f5CEf5aB14d9E8f0695,0x0071679f8024e420A6E2138B2F3bAaA3095BC782,0.0,2.00000001,confirmed
2025-10-24T17:56:42.075961,ethereum_tx,0x8d9f72880b064b2406a58261b9f62b3a5352307376e57e3731d51a6cd8ecf49b,9481631,0x3Cd868E221A3be64B161D596A7482257a99D857f,0xCd734290E4bd0200dAC631c7D4b9E8a33234e91f,0.0,2.00000001,confirmed
2025-10-24T17:56:42.075961,ethereum_tx,0x6bfb7754214f4db481dd1347ec25b2677130334462efeca07c495340df8c9aa2,9481631,0x60EF6a1C9308C55142D5FdD34e68A72dfA836d5F,0xd18e9f6473eA04b7F77D6FB90fDB88eF2FB8AF00,0.0,1.00000001,confirmed
2025-10-24T17:56:42.075961,ethereum_tx,0x653e11ffb476adc6153aa5df7f456e8ea96051fc9970ce2ad6c1fe1a9ba5395e,9481631,0xc5eAEa93552D1405704e4f1ff9eF9524b031C126,0x20A15085c03066Ad7E707b6445e3f03Fb723109C,0.0,1.00000001,confirmed
2025-10-24T17:56:42.075961,ethereum_tx,0x1ae0064cb0205e3e1f18509d22d32738edaf9f0608c43e498bd10417847c659b,9481631,0x3E6366955d6511d5f9fc24A96C9C8E70fd441Ba3,0xBC04d69Ecd7890699b2BE7924eA86474e15098E6,0.599968499999811,1.50000001,confirmed
2025-10-24T17:56:42.075961,ethereum_tx,0xb41282b5795a366786cee9d915c6694ac1c6388c1552fe8684832dbe6ad6243a,9481631,0x7d272479bc2C3E3f77487102220ebb440e88B968,0x0C3CCCEdb43EbA81C18b37079f3Cd8a9573A5A88,1e-05,1.5,confirmed
2025-10-24T17:56:42.075961,ethereum_tx,0x18eb9a67ab02ca4c989cf0e20b6c860e6756cdf574335811c5e448029170895d,9481631,0x84C3c55bA04480fdF4f3f5B565c5be8Abe0E0B95,0x7B654a70f25d525c28FA2C081Cd0C82c723c1457,1.06e-05,1.5,confirmed
2025-10-24T17:56:42.075961,ethereum_tx,0x0a20c7de1d0248706cf6575339c377476b3b94f1e758d0f3894104ec04f26453,9481631,0xF0FEd0C0192539a1076d8BDa1233f414704d98Be,0x00D22efF04CF7d0f5A355A6D9A06E43120398dA6,0.0,1.00000001,confirmed
2025-10-24T17:56:42.075961,ethereum_tx,0xb215018e3fdd36add7a6a64a937a438426e249e8b4ddcb07d3c924ae08b98e6a,9481631,0x1036a290Dd1429564FA3A7E430d65087CDFBfe95,0xB88Ca91Fef0874828e5ea830402e9089aaE0bB7F,0.0,1.00000001,confirmed
2025-10-24T17:56:42.075961,ethereum_tx,0xf532d6f355966778a5f9d0ab79e3aa75c0aef9247fe6cb0d0c9446e252852b43,9481631,0x927C9ea873E461C164290f085933dBd15F28069f,0xFF00000000000000000000000000000000047777,0.0,1.00000001,confirmed
2025-10-24T17:56:42.075961,ethereum_tx,0x972ea9694eecf18687c39899c8aca7b2137ca83cdac4fefbd5d3543441ee4bdc,9481631,0x4cF3997bFa4f3418C5E4FE5E95Cb4e9984fF857A,0x0039F2Babe526038520877Fc7c33D81accf578aF,0.0,1.00000001,confirmed
2025-10-24T17:56:42.075961,ethereum_tx,0x1f48b82d4bf3bb933ca36d01fb2d1aaf384139c75ead79706e974a5246bbaf68,9481631,0x97D7F938F47483087a1874529401B83273A5b4C0,0x4Bf290AdCc58c310C1Fbc61e99e85D2eE3F08c4d,0.0,1.00000001,confirmed
2025-10-24T17:56:42.075961,ethereum_tx,0xa061af8da17da9a8f14f7554af628cc172356f0b7066c88bf7928ebb0f4a9495,9481631,0xE41AACc83Cd2F0Af5004ff2f885a170d24d77ed1,0xf993E10C83Fe26DddFc6cb5E82444C44201e8a9C,1e-06,0.02000001,confirmed
2025-10-24T17:56:42.075961,ethereum_tx,0x95deeee69135bdce5fb83265c7eb9bf74adc90e9a1abadf0ce8be31987a2118f,9481631,0x55EE45277f8f8bE8653e85dB12b29E805130b34A,0xf993E10C83Fe26DddFc6cb5E82444C44201e8a9C,1e-06,0.02000001,confirmed
2025-10-24T17:56:42.075961,ethereum_tx,0x9505b6ab7e786e2cb66dbfd6f41c0554d3ead155f2dfdca4546dd5fe8814f2a9,9481631,0xD5858Bba0DB7556C366e400681e35354A2295e6C,0xf993E10C83Fe26DddFc6cb5E82444C44201e8a9C,1e-06,0.02000001,confirmed
2025-10-24T17:56:42.075961,ethereum_tx,0x0b8c9a296e7c6a61b7c766fbe44ec194a9fd045db310d22c89232666d5992c70,9481631,0xD3e50905113676453a0EADCCa3E67086688bf704,0xf993E10C83Fe26DddFc6cb5E82444C44201e8a9C,1e-06,0.02000001,confirmed
2025-10-24T17:56:42.075961,ethereum_tx,0xb011af2b093cb79e5a415c168ff8b136565f841a615f5a957130de1bd3ac6fe9,9481631,0xB6D120C413039aD4CFA902b1F4b29b24e429B645,,0.0,0.00100001,confirmed
2025-10-24T17:56:42.075961,ethereum_tx,0xca9f025245bff1cfcfdc3a17d0f642a9e78de190b1142ae0d340887d7e08008b,9481631,0x33179D89192B89c6bdF8e7259425DdB58E21A068,0xC0215f0202418568C06b899F5E11245Dbf717802,0.001,0.00100001,confirmed
2025-10-24T17:56:42.075961,ethereum_tx,0x33031f09e6bbb4792b5e13f1fe13d4d16a91f459250ad8aa5733ba91d6bfc8b3,9481631,0x15a9A6A719c89Ecfd7fCa1893b975D68aB2D77A9,0xc211b581cB62e3a6D396A592Bab34979E1bBBA7D,0.0,0.00100001,confirmed
2025-10-24T17:56:42.075961,ethereum_tx,0xe0a6cd527dd25c95edb2d2e38d02d664463957619e2c58a3fde50784d5e3006a,9481631,0x21Aa988Ea66c83083BbB662fcef6f54e782B2286,0x7215691F60C4fA7Bb82c5Ac44c7d57dc32bB0493,0.0,0.00100001,confirmed
2025-10-24T17:56:42.075961,ethereum_tx,0x95e1af8cd98d9f6e66df9badac92164e373fa7af7e4f02d3965bb5ed878567b0,9481631,0x39Eab05a03312EC134BB3373F72013f8b616a173,0x7215691F60C4fA7Bb82c5Ac44c7d57dc32bB0493,0.0,0.00100001,confirmed
2025-10-24T17:56:42.075961,ethereum_tx,0x0b44b2a8eb8ff7cbfb25b5c05dfb4f3632d6ed1c46d95f91cfdfd02ef716790f,9481631,0xEcf9ca4e5dA06626176B459088265565A679C7CD,0x7215691F60C4fA7Bb82c5Ac44c7d57dc32bB0493,0.0,0.00100001,confirmed
2025-10-24T17:56:42.075961,ethereum_tx,0x0add37afa663247872c0c6eef76c73fe2b7148316b3493e038ded4a8806e0e44,9481631,0xEC79e928b05608eBB285CA7FFe0AcAA9Ca9E61ab,0x7215691F60C4fA7Bb82c5Ac44c7d57dc32bB0493,0.0,0.00100001,confirmed
2025-10-24T17:56:42.075961,ethereum_tx,0xa9df04b54b2e76a579e8fd26dd0b61673c1af874a98e08a8a6e1c37e78f57334,9481631,0x7232a9E2b3808Fa2fa3A4159E5C1E75BfA3B7F78,0x7215691F60C4fA7Bb82c5Ac44c7d57dc32bB0493,0.0,0.001052642,confirmed
2025-10-24T17:56:42.075961,ethereum_tx,0xf7532e00a93357ee80e6a776756847decd7bad12ad1d3de62f7b0592668b0805,9481631,0xF6c39a72A02F345B2a786CF5d4890A697a9e249d,0x7215691F60C4fA7Bb82c5Ac44c7d57dc32bB0493,0.0,0.00100001,confirmed
2025-10-24T17:56:42.075961,ethereum_tx,0x38f211320ac14033325b42be3c8c150b6d870a528127666bd51b441d40123489,9481631,0xf9cFC2a5Bb94A499bA3C96Cb2Bb3Ed1b5a0804a1,0x7215691F60C4fA7Bb82c5Ac44c7d57dc32bB0493,0.0,0.00100001,confirmed
2025-10-24T17:56:42.075961,ethereum_tx,0x04321af069cf828271280c90c681acc01c26618ff5d483f74f7c84bc8b1d590c,9481631,0x94b6cEfE36Ef5FB68F3e6a04DB85219404b74126,0x329630163D90404ae55D11BE8Cc76B0479555282,0.0,0.001,confirmed
2025-10-24T17:56:42.075961,ethereum_tx,0xd353d9ef76929fcf8927d53cfee250d79df4ec10c97cd0f6910db217d34ba656,9481631,0xb3a1956Cff1ecc8054B81b0C83b9847CB71384b8,0xCf8EDB3333Fae73b23f689229F4De6Ac95d1f707,0.0,0.00128963,confirmed
2025-10-24T17:56:42.075961,ethereum_tx,0x6951bcfa3a3ef20a5ca81e1954b021fb864c082878a86d4f9ebb3eb92356911d,9481631,0x83EFF9b0e80dB316160182965b22681529ddB916,0x87A3effB84CBE1E4caB6Ab430139eC41d156D55A,0.0,0.00100001,confirmed
2025-10-24T17:56:42.075961,ethereum_tx,0xabb44631c3da369bd6b688e9db4b2ac12a71a256ece08d0d89c18c52321b63a5,9481631,0x0aedcd4339A5baCf240552FC31936fE9D5D2A06d,0x440C9415071A97be0fE2cE84522C3916907b638b,0.0,0.00100001,confirmed
2025-10-24T17:56:42.075961,ethereum_tx,0x814e0f66993478ba0e7e14e391b29b59272f0442ca7efc07a59aa33a7f1069dc,9481631,0x61d8838f9A00250C9AF13D622DA7c08c372ee587,0xCf8EDB3333Fae73b23f689229F4De6Ac95d1f707,0.0,0.00128963,confirmed
2025-10-24T17:56:42.075961,ethereum_tx,0x0587b5eb752ceff427101ed284003fd915891400424d2312a6a067c6b1e0b9bc,9481631,0x61d8838f9A00250C9AF13D622DA7c08c372ee587,0xCf8EDB3333Fae73b23f689229F4De6Ac95d1f707,0.0,0.00128963,confirmed
2025-10-24T17:56:42.075961,ethereum_tx,0xfa334ead469af990c0c09b799a227b267dd8fdb26fcf6f5390bfc68d3bfd6277,9481631,0x61d8838f9A00250C9AF13D622DA7c08c372ee587,0xCf8EDB3333Fae73b23f689229F4De6Ac95d1f707,0.0,0.00128963,confirmed
2025-10-24T17:56:42.075961,ethereum_tx,0xda650b65812bbe5b07a6f7ed99c04a485097b89b8687ad75bae7d20d646ba13e,9481631,0x5d72984B2e1170EAA0DA4BC22B25C87729C5EBB3,0xd4116f515A6958da851080B390DDE4B81f408978,0.0,0.001000001,confirmed
2025-10-24T17:56:42.075961,ethereum_tx,0xa0a77f984a6fb67e127962be4a9d08d5bd57244cacebc4b6c8f4c723c0206a1d,9481631,0x22e30b21477C4aCf6e37743e7A347C273cD107A8,0xF8c614A483A0427A13512F52ac72A576678bE317,0.0,0.001200012,confirmed
2025-10-24T17:56:42.075961,ethereum_tx,0x7f4f963c7cca2b5bc1da5d89abfbf614d3db68f96325941ce1f7b8e1fb4db326,9481631,0x22e30b21477C4aCf6e37743e7A347C273cD107A8,0xF8c614A483A0427A13512F52ac72A576678bE317,0.0,0.001200012,confirmed
2025-10-24T17:56:42.075961,ethereum_tx,0x670f2fff7ca3217cc8db354838a7d5103461384cc2fc6e682db87b2a7d433da3,9481631,0x6dB8952e4963541c9Cc8Be7e578E97Fcbd37A576,0x86EFBD0b6736Bed994962f9797049422A3A8E8Ad,0.0,0.00100001,confirmed
2025-10-24T17:56:42.075961,ethereum_tx,0xc561f53b648bd32370f56fa9ca5f65ac2a7824bac86563841fab50cfa0b2b2c6,9481631,0xFA646594bF2241061314d53e850A466815B3600a,0x738e96D813a47552499fe1C82E8dD415f7afB7C3,0.0,0.00100001,confirmed
2025-10-24T17:56:42.075961,ethereum_tx,0xb9695bad0edfb05e9d5726eb1ab4dcce83a51e85ddaef1cf7e47d37d3e45cc93,9481631,0xB5988d5d9ADd3d98CF45211bE37cf9b3372054C9,0xd0dbB2486e3Fbf371D1B2e35Fa330bef6529d2f4,0.0,0.001000011,confirmed
2025-10-24T17:56:42.075961,ethereum_tx,0xda922965669e281c64fec960d5dd0142b4fdc8d5f7a383e06c4f26485ed3f97e,9481631,0xEcF399f3465990d897209a9E0f9abD941EA991E7,0x956962C34687A954e611A83619ABaA37Ce6bC78A,2.3307864644445e-05,0.001500015,confirmed
2025-10-24T17:56:42.075961,ethereum_tx,0xc885e43f2b733ab46aa2167c458c2bb59c4f6e725acd999760e95868dc65dc77,9481631,0xe396673AF24f14992A3Ef0b2a95602ACD9E44A97,0x956962C34687A954e611A83619ABaA37Ce6bC78A,2.283139843371e-06,0.001500015,confirmed
2025-10-24T17:56:42.075961,ethereum_tx,0x75c363c5f0d4fa0ad816e336b4b3fde94e8467173bedaacf0b6dae191ea32992,9481631,0x3Da763C42E438eB17880fB6A83040d6cf13eF03b,0xFf00000000000000000000000000000000042069,0.0,0.00100001,confirmed
2025-10-24T17:56:42.075961,ethereum_tx,0xf4a024236b8d63be790c54733777e4b72417a2dd3a11e44f6ee9dec8d22c66c9,9481631,0xdF356cD92a61E9C28f3ba8655e8b15dcdB3f96c9,0x7b79995e5f793A07Bc00c21412e50Ecae098E7f9,0.0,0.001200012,confirmed
2025-10-24T17:56:42.075961,ethereum_tx,0xb360195e93340bc22ade8508a0d15b96304a857a99bfede4cfc76ff152c4e3ec,9481631,0x0ff68711c5439A666ab1b89c4D0A5A63df06A1D2,0x956962C34687A954e611A83619ABaA37Ce6bC78A,0.001,0.001,confirmed
2025-10-24T17:56:42.075961,ethereum_tx,0x0323a29965e96008b8943e1dc278409a05d7463a44a06cbaaa4476e0a82f8119,9481631,0xe03F5Eea59b3e719653d522811A49E089FA0DE8e,0x956962C34687A954e611A83619ABaA37Ce6bC78A,0.001,0.001,confirmed
2025-10-24T17:56:42.075961,ethereum_tx,0xfda96e03116899857b7df8ab7e90b6276ccb3e3396cfc2e6fcc34ee1d57f0df3,9481631,0x65C1daB5A49AbD4261627CF5074ee41a2e74AC73,0x956962C34687A954e611A83619ABaA37Ce6bC78A,0.0001,0.001,confirmed
2025-10-24T17:56:42.075961,ethereum_tx,0xe32dda1c5e12e6171a781310b7186743f6900bbdc967aca967a528a0d3cf3bb0,9481631,0x2bF78d2268Ed1776E41323D6A5aE694d8c8F7968,0x956962C34687A954e611A83619ABaA37Ce6bC78A,0.0001,0.001,confirmed
2025-10-24T17:56:42.075961,ethereum_tx,0xbaa28d12e6f44639ff0570f94ba9eaaf13be6a125be13f717f37836c0dba3c48,9481631,0xA11Fa7B4678F5b6AE596b8BD89b64CA2d0ecA7C7,0x956962C34687A954e611A83619ABaA37Ce6bC78A,0.0001,0.001,confirmed
2025-10-24T17:56:42.075961,ethereum_tx,0x74c5837e3c549d04be2b40641a1cfab86d522acf6bf62830c6651865f7523a13,9481631,0x6858f6E8463416a5c543bF95399C89863816F0aA,0x956962C34687A954e611A83619ABaA37Ce6bC78A,3e-06,0.001,confirmed
2025-10-24T17:56:42.075961,ethereum_tx,0x642e72092e6b3c5b3491a5435ff392e286a9ed7678255ddc2dc98a8b73b28e54,9481631,0x2821D10D3501974d55dFb1FF04EA063455DC8677,0x956962C34687A954e611A83619ABaA37Ce6bC78A,0.0001,0.001,confirmed
2025-10-24T17:56:42.075961,ethereum_tx,0x412092015910bf7e1f6234643d7606a6f3fb125b1befe081cb511b6a85c48a1a,9481631,0x01bFAb04711859f6A9f740CBc6Bf9B1FEB463f68,0x956962C34687A954e611A83619ABaA37Ce6bC78A,1e-05,0.001,confirmed
2025-10-24T17:56:42.075961,ethereum_tx,0xeac952f70035ae5b8a38d88d064a9aea28c7d710dd3a7065376c7078f9404b47,9481631,0x85A057789d320e084897829f7096B1241Fc6B9B8,0x956962C34687A954e611A83619ABaA37Ce6bC78A,1e-06,0.001,confirmed
2025-10-24T17:56:42.075961,ethereum_tx,0xe5f7db994ed395da02a725889b79191ef86acf41434421b63ca5879f42cbafb4,9481631,0x13e6009357AF52E7D564b5914aa97719C8304A28,0x956962C34687A954e611A83619ABaA37Ce6bC78A,1e-05,0.001,confirmed
2025-10-24T17:56:42.075961,ethereum_tx,0xddff6eb62e5693f6c152879eb57ab0ddc2f54e14804490f10bde3f9e55bd1f70,9481631,0xA9394eB240F672252A30f3D5fb086371e1473A16,0x956962C34687A954e611A83619ABaA37Ce6bC78A,1e-07,0.001,confirmed
2025-10-24T17:56:42.075961,ethereum_tx,0xcecd68f31a69fc3c81c1df3d76dce5b3dfc9de0716cf7f9fea6d57a1c258ffa0,9481631,0xF7067502F610fBcFA7158416af7550c0Bb24C020,0x956962C34687A954e611A83619ABaA37Ce6bC78A,1e-07,0.001,confirmed
2025-10-24T17:56:42.075961,ethereum_tx,0x96ba016a1109f7405060a7b47d228498c19e66ff6cc34021bb2f95372d43b4d8,9481631,0x8Dfe90E5a0E285741723cdDEa9615ECbF6E2A2cb,0x956962C34687A954e611A83619ABaA37Ce6bC78A,1e-07,0.001,confirmed
2025-10-24T17:56:42.075961,ethereum_tx,0x82f148579e95d1f4a0970d3cd52912fd26f51e79bf05e550fc89e1d783579af0,9481631,0x131356a891d2Ad02CaD13ED38A2e973C1C65F314,0x956962C34687A954e611A83619ABaA37Ce6bC78A,1e-07,0.001,confirmed
2025-10-24T17:56:42.075961,ethereum_tx,0x826a2aa02cbe674e13c56bf2afb127a546405c70addb61b718e5b155a00777ad,9481631,0x4DF959EE954F0137d1508c3a700b7750aA3fCce4,0x956962C34687A954e611A83619ABaA37Ce6bC78A,1e-07,0.001,confirmed
2025-10-24T17:56:42.075961,ethereum_tx,0x73d314e3884f295b7cba6505139b37a156ed1b28e65186d8128f0608e08d9f66,9481631,0x81F9C9382e9C969faCF578ca7b3b1486A7718052,0x956962C34687A954e611A83619ABaA37Ce6bC78A,1e-06,0.001,confirmed
2025-10-24T17:56:42.075961,ethereum_tx,0x5b1c7f6e6f7b16278e49997822defa1fc472d4a1df29765a8bc09128dbc6a7f8,9481631,0xdD596E78169701C74a6B729C0d2309946b4d6CDd,0x956962C34687A954e611A83619ABaA37Ce6bC78A,1e-06,0.001,confirmed
2025-10-24T17:56:42.075961,ethereum_tx,0x4d1569bb9bcbb486945ad52356ddf45d0c2c0e8cc777da2d5e177a5144938038,9481631,0x718a51ca2b216e675c84E374a70ba36658AEB3B6,0x956962C34687A954e611A83619ABaA37Ce6bC78A,1e-07,0.001,confirmed
2025-10-24T17:56:42.075961,ethereum_tx,0x49aa3c7cf4580707a213ad0f61573b5f5d6d1ccbc3bd7e3af1e7c297f39c37be,9481631,0xda99Bc27F8E03Cb88b7CC27B9317eE3cbBE77DdA,0x956962C34687A954e611A83619ABaA37Ce6bC78A,1e-07,0.001,confirmed
2025-10-24T17:56:42.075961,ethereum_tx,0x48361846d0bcd222f7f7c80410cf7b0406d0024919005c31c6a3485458921a39,9481631,0xCB2154Ea2C2470361442F69EC57E8df772ad4521,0x956962C34687A954e611A83619ABaA37Ce6bC78A,1e-07,0.001,confirmed
2025-10-24T17:56:42.075961,ethereum_tx,0x45bee8523a32c410961372b748b5e2965ab9cc4e1e2516e0ff3c3021aeb299f4,9481631,0x993bFA8Ced35d5b16e3B10e561F99d44B8C0C0EB,0x956962C34687A954e611A83619ABaA37Ce6bC78A,1e-06,0.001,confirmed
2025-10-24T17:56:42.075961,ethereum_tx,0x44eadd60c89ae44d3359ed24527f3705c2e823d0f77ae13e9019ecec0c9bdd86,9481631,0x46A22652729ea652c3d1A27Bfa0C58d2da2649dB,0x956962C34687A954e611A83619ABaA37Ce6bC78A,1e-07,0.001,confirmed
2025-10-24T17:56:42.075961,ethereum_tx,0x3fd3218f212f075daa6328075fd9f48bb122ea8c8c7b55f239af16148372fcd9,9481631,0x10164Aa73bC32eD0a077E91b699200e11004790d,0x956962C34687A954e611A83619ABaA37Ce6bC78A,0.0002,0.001,confirmed
2025-10-24T17:56:42.075961,ethereum_tx,0x138f8991d880a2662cead1feeb7447afd22055f59c60bc1c474c00b2a89406d1,9481631,0x3Eb7e47079324f9b270734B179aBBF80448f89cE,0x956962C34687A954e611A83619ABaA37Ce6bC78A,1e-07,0.001,confirmed
2025-10-24T17:56:42.075961,ethereum_tx,0x0a90094b5c6958d9d2d11ea229b17291ff79291c286a863d86d3e8494777cd1d,9481631,0xDA4bc6D9f9E8676502538C7476901CB4c891bc04,0x956962C34687A954e611A83619ABaA37Ce6bC78A,1e-07,0.001,confirmed
2025-10-24T17:56:42.075961,ethereum_tx,0xa8521dac90934a9a74496bcc20f1365c09b09ce7485a1f18f6cc2df73784271b,9481631,0x77002f2aAc0A170BfFb59107c1C2D2fDe9e40F73,0x956962C34687A954e611A83619ABaA37Ce6bC78A,1e-06,0.001,confirmed
2025-10-24T17:56:42.075961,ethereum_tx,0x7ba142f7df4bf4b5a9e81b296ed7128a0293e76112f35f07a2d04efd82cc8160,9481631,0x22eF655e70e2C810F5F475B2740F0E01fD57e626,0x956962C34687A954e611A83619ABaA37Ce6bC78A,1e-10,0.001,confirmed
2025-10-24T17:56:42.075961,ethereum_tx,0xa6caf8215a4cdc4e5637deca6b07d34449c88fa37010c0d32ec400f10989b326,9481631,0x011A7c141f48ab2f07046FF825BC69032870FE27,0x956962C34687A954e611A83619ABaA37Ce6bC78A,0.0,0.001,confirmed
2025-10-24T17:56:42.075961,ethereum_tx,0x5e6c3cae91249871d63ff4c9b9581da1661c4518a00760d4c5cf9728056ca0c2,9481631,0xE6129688fC0a986E83bC3Ff6f5B0B475fD02e5D7,0x3eDF60dd017aCe33A0220F78741b5581C385A1BA,0.0,0.00100001,confirmed
2025-10-24T17:56:42.075961,ethereum_tx,0x2062890b44e57a54e5e98312ec94fff13fdd5c8ac6fbb2d4c25205f9ebc5a6f9,9481631,0xB8c8563D0C1cB042f45392146A8fFBbC8B8D35C8,0x3eDF60dd017aCe33A0220F78741b5581C385A1BA,0.0,0.00100001,confirmed
2025-10-24T17:56:42.075961,ethereum_tx,0x058f961c9cf7584e87e9cc070e91de0fb2e2b068f8124c7a61833fbf2403fbd5,9481631,0xd64dFF33D948F662EC5a2836FD301aD6b4e930a5,0x3eDF60dd017aCe33A0220F78741b5581C385A1BA,0.0,0.00100001,confirmed
2025-10-24T17:56:42.075961,ethereum_tx,0x8c7ecb46fe644fa8bfcb7d4ef24faad102377f99964e5d5411736239706321d4,9481631,0xCCa55e6BaccB0D3EAA814580a0105C1c214f7c68,0xB88Ca91Fef0874828e5ea830402e9089aaE0bB7F,0.0,0.00100002,confirmed
2025-10-24T17:56:42.075961,ethereum_tx,0xd365d500068da28fbc7f70cf6fbed9ed4bb0e4fc752f214d72d73f314f91a736,9481631,0xBf389beCd498E1a07bd011489F6982DbC7E31897,0x1c7D4B196Cb0C7B01d743Fbc6116a902379C7238,0.0,0.00100001,confirmed
2025-10-24T17:56:42.075961,ethereum_tx,0x738372fd7a05accd0e37ffe45c7acdf960165202ce1c4a3156eb7ed864bf1957,9481631,0x83359747324E83eAAa596C7414D80365Bd75438A,0x1c7D4B196Cb0C7B01d743Fbc6116a902379C7238,0.0,0.00100001,confirmed
2025-10-24T17:56:42.075961,ethereum_tx,0x78c3ccc1830050b976b023fcb18ebccb7efca687d5a9e73a306e5a0b901f9b2c,9481631,0x2BFaadCa3865BEf692e68B16A3A655bB3167e004,0x358e500d87F6d4630a8bF2fBDA09298C0873DA18,0.0,0.00100001,confirmed
2025-10-24T17:56:42.075961,ethereum_tx,0xcf6699a1a26d7fd896a4323570a5afadcb3c45003d2fd6d15004ab1f9849a19d,9481631,0xEE90721c06C8956df35291AC72319E4b0f5FB764,0x03C66CB1826BDB0395BF31E68Bf7E873e9564fFB,0.0,0.00100001,confirmed
2025-10-24T17:56:42.075961,ethereum_tx,0xbc1867bab4e90bd40352520d52b5db47dd65989428c34f746bf74966c76dfe08,9481631,0xaa62Aa6124FD8945a4D9ab043a70dAD5dFE7Fdb2,0x03C66CB1826BDB0395BF31E68Bf7E873e9564fFB,0.0,0.00100001,confirmed
2025-10-24T17:56:42.075961,ethereum_tx,0x97b2cbcc365d796788b9e9a7f12c7345ad73f8fb9f922db4de391cc71f943fb4,9481631,0xc812D08950de4B9153D256b80C9B06188D8b5f7d,0x03C66CB1826BDB0395BF31E68Bf7E873e9564fFB,0.0,0.00100001,confirmed
2025-10-24T17:56:42.075961,ethereum_tx,0x74ea047d79867a79d8ea8ad6243432ee4c1542b7c44dc456aa92d4466a430d60,9481631,0x11b57dC143D3d270bae08610f52865e5949cB392,0x03C66CB1826BDB0395BF31E68Bf7E873e9564fFB,0.0,0.00100001,confirmed
2025-10-24T17:56:42.075961,ethereum_tx,0x49d99d961871b7a7b2d5715e0b94665448388fa147f7a581d8c096f7317d1970,9481631,0x4004e4f5d1d4e95ca89E7De40622B07b613d6F4D,0x03C66CB1826BDB0395BF31E68Bf7E873e9564fFB,0.0,0.00100001,confirmed
2025-10-24T17:56:42.075961,ethereum_tx,0x33f47a991f5f6d0d4a3fd35f12453d6dbe660ce56d31c6f9e5e2c644c6412c2e,9481631,0xe882fb57C320Df60896AB225ed85F3c558709220,0x03C66CB1826BDB0395BF31E68Bf7E873e9564fFB,0.0,0.00100001,confirmed
2025-10-24T17:56:42.075961,ethereum_tx,0x2687290161ce67a497f9beeb41fa53d6d0976ffb5349fbce20fb64f81690ab56,9481631,0x333DFEA3117B766a9e1cf64931E1f088a12ca24D,0x03C66CB1826BDB0395BF31E68Bf7E873e9564fFB,0.0,0.00100001,confirmed
2025-10-24T17:56:42.075961,ethereum_tx,0x94922df0dd5f2157e3d6ac2eb6e1334eb154e0f6463cfa204f601b95db41becb,9481631,0xb2dE751D22Adfb449e95DA3c1e8836C6c61B537d,0xE9c04A03353D44046509C3b700cFa43cb114057b,0.05,0.00110001,confirmed
2025-10-24T17:56:42.075961,ethereum_tx,0xea5aa554be9559cbfe82205a07bdcd50fa6f2777e506f0d3f2ad6a53443047f9,9481631,0x6daA156881EB6970323E425390B0224361b16aB8,0x2c02c4F3DB094788bdb60C093D96F834F0FB4bcE,0.40656531553835124,0.00100001,confirmed
2025-10-24T17:56:42.075961,ethereum_tx,0xe4fe9572fac9dca9b30ce2dd1e47bfc5b19424f31f11f89d6c4768376bfa75bd,9481631,0x9eabf12c85323bd8c2Ddbc5E167dEbAD9B2C67D7,0x2c02c4F3DB094788bdb60C093D96F834F0FB4bcE,0.000812016322285294,0.00100001,confirmed
2025-10-24T17:56:42.075961,ethereum_tx,0xd9223bf16046823aec8c3df9a10f5bafdcaaf514f42a49492c38efebdaf89da0,9481631,0x28B2b7f94Ebd6b954e5651EBb7519CbC5fe4593e,0x7cF25790e627EdB32d3C97Afd53Dfd1735b36286,1.75e-06,0.00100001,confirmed
2025-10-24T17:56:42.075961,ethereum_tx,0xbcc44a15b5c85650f18fe69c652af02517c09c54281d09963fe450a6b05edbdd,9481631,0x976C95e6fE5D39e0b1daB5Beeb927Fe849418607,0x08d2b0a37F869FF76BACB5Bab3278E26ab7067B7,2e-05,0.00100001,confirmed
2025-10-24T17:56:42.075961,ethereum_tx,0x85ed8c0e4422dc6dff121f8201c50818133e132eeb600d6d7765989f5d0f969c,9481631,0x7a9901023bd0a33783C143caa9562B1664F53B4a,0x545f5D8190506eE2bfc24B5A5f384D110f7EbF56,8.12e-06,0.00100001,confirmed
2025-10-24T17:56:42.075961,ethereum_tx,0x813249e1abd4af1deab60a04f42446fa4de7133a71ebdd18add138ceeb5505a6,9481631,0x011a3B322a3583ee7De22E0242Ae74274F5B7D97,0xBf20267F7DB344B0205Ca51E38ce5f5c48827a21,0.0001,0.00100001,confirmed
2025-10-24T17:56:42.075961,ethereum_tx,0xb0b3482d1225ac638b40704a54e2b58994e3a8016933c4bd1cf4bdbe3682e2d3,9481631,0x011a3B322a3583ee7De22E0242Ae74274F5B7D97,0xBf20267F7DB344B0205Ca51E38ce5f5c48827a21,0.0001,0.00100001,confirmed
2025-10-24T17:56:42.075961,ethereum_tx,0x7b91c772730bcf221a0543eb2a86a5f30c8017c5995fb8468c4dc41018b152fe,9481631,0x62E35bed59d5934552aCf56Dce5f8e8d255Cf54b,0x08d2b0a37F869FF76BACB5Bab3278E26ab7067B7,2.323e-05,0.00100001,confirmed
2025-10-24T17:56:42.075961,ethereum_tx,0x7e0f44220080c6a63797afa2ac0343f353e3e89f5d50e0bb41b2976a00b586c4,9481631,0x62E35bed59d5934552aCf56Dce5f8e8d255Cf54b,0x08d2b0a37F869FF76BACB5Bab3278E26ab7067B7,2.323e-05,0.00100001,confirmed
2025-10-24T17:56:42.075961,ethereum_tx,0xe451043c02ac61d335240ac50d41512d9d290b125b948fde2e5711ce5ec60895,9481631,0x62E35bed59d5934552aCf56Dce5f8e8d255Cf54b,0x08d2b0a37F869FF76BACB5Bab3278E26ab7067B7,2.323e-05,0.00100001,confirmed
2025-10-24T17:56:42.075961,ethereum_tx,0x7d1357d4e7652704432ec68a76a31b867cf47f69d33ff1206b4b1558688f8655,9481631,0x62E35bed59d5934552aCf56Dce5f8e8d255Cf54b,0x08d2b0a37F869FF76BACB5Bab3278E26ab7067B7,2.323e-05,0.00100001,confirmed
2025-10-24T17:56:42.075961,ethereum_tx,0x78fcab9977ab0c5603471cded28e70f58f20c2b28bf5f123aee5d73fbe462708,9481631,0x1662FDf7145ec01750C56Ad0742d1f0bCD4699be,0x1138055a0c3ea84803c99088a5744f8a284ce285,1.53e-06,0.00100001,confirmed
2025-10-24T17:56:42.075961,ethereum_tx,0x6087a2a53e3a754a1fea67258015c065ba76e5ffd6ddf86275b5895f15b96010,9481631,0x5641a1E8651DE500838bed93E62e3E06a4D0e683,0x91bD435B7aA866c48b905F3e0dd12503E52A4530,5.4e-05,0.00100001,confirmed
2025-10-24T17:56:42.075961,ethereum_tx,0x59301222c0a92c03ef753275fcbd4f9c2871b09977415de4c7ca2b125a06d31b,9481631,0x4cA1e9Eec1B4e76E12a86128eA235F342AEBB644,0x2c02c4F3DB094788bdb60C093D96F834F0FB4bcE,21.405390210663402,0.00100001,confirmed
2025-10-24T17:56:42.075961,ethereum_tx,0x563244602dc35869948b1d906fcf35649874ba878f8fd095e84ee83e4c5d1771,9481631,0x346cFF342Df55935810DC3051AC6f43CEd4855Df,0x2c02c4F3DB094788bdb60C093D96F834F0FB4bcE,7.224362787704203,0.00100001,confirmed
2025-10-24T17:56:42.075961,ethereum_tx,0x515ca1cdc9fce339df46f148cec0a1939fc077dd2e97d968e5864e97b4f756ec,9481631,0x0B9428f89c91875E39c1951e68Ab38593B870Cf2,0x8bfE61eEDF24094F6832BD2E01FD3b8846b96B7c,1e-08,0.00100001,confirmed
2025-10-24T17:56:42.075961,ethereum_tx,0x434ea1625561770dcadd8374c6bb0be688f1c3b0f466a7e79074e4dfef28450c,9481631,0x57D9448425DC10Ab70F5d0f7cfeF63791d7A9E3f,0x0000000000000000000000000000000000000000,1.87e-05,0.00100001,confirmed
2025-10-24T17:56:42.075961,ethereum_tx,0x39b30d0be91b0446aae2f4244a76e133af2570e2eacb18795b2aec48752d0631,9481631,0xcfD5dDc974005CDfCE04286a4E96a28Bb9366b8c,0x54a387B28e9fC4B4b94D8109adD128c244F357FD,6.8e-05,0.00100001,confirmed
2025-10-24T17:56:42.075961,ethereum_tx,0x327e87e1080b6717bfcbce67f38f953c05dc98fcd87f9e17610e59c69e24c3f6,9481631,0x53054Ab55a3cfB51c53135Cc396C83701d901f81,0x08d2b0a37F869FF76BACB5Bab3278E26ab7067B7,0.0005,0.00100001,confirmed
2025-10-24T17:56:42.075961,ethereum_tx,0x27d36a07bd6883cf8cc800b1b1cfd29cdd185433fe77a53a02436da80d897587,9481631,0x15391181943fF4B1305571411ed6ED05D21d9CC0,0x0000000000000000000000000000000000000000,1e-05,0.00100001,confirmed
2025-10-24T17:56:42.075961,ethereum_tx,0x1bb5145af6c4f60d36090f09769f53a13bf6d3a6bd208ef6165fac8c1c6914fd,9481631,0x79f8892bb6956A424cbE0cFcfef4a7A447aF3DBe,0x08d2b0a37F869FF76BACB5Bab3278E26ab7067B7,3e-05,0.00100001,confirmed
2025-10-24T17:56:42.075961,ethereum_tx,0x07f41ee82f8d9d3fe75f59bf4842ad613b307f49e6e144541d6ec2bb1910098e,9481631,0x71A6D6a1ca08FFC667F85050f72d9aAE327Aa29A,0x97b7Af86e9231aA66fa6aF1D79d0103E0Da99288,7.8e-05,0.00100001,confirmed
2025-10-24T17:56:42.075961,ethereum_tx,0x042b5676ecc29faea4734f844e44fa912c3f20cdedf415e145411b733f4bb18f,9481631,0x0B0e2673A1CE96a115c2c53e1304eD4640294856,0x08d2b0a37F869FF76BACB5Bab3278E26ab7067B7,0.0002,0.00100001,confirmed
2025-10-24T17:56:42.075961,ethereum_tx,0x509c01d21ee3f869adf73bf282c32da678807efd82aae4675fb5d12f34c8a4a0,9481631,0xcE93dcDdD9c92B742053F579e920019590c99eFe,0x853758425e953739F5438fd6fd0Efe04A477b039,0.001,0.001000009,confirmed
2025-10-24T17:56:42.075961,ethereum_tx,0x51754c98381c06cc79e4006d706de4e6a51500c8cc20562826b86b72b2cd67cc,9481631,0x13CB6AE34A13a0977F4d7101eBc24B87Bb23F0d5,0x9b7E335088762aD8061C04D08C37902ABC8ACb87,0.004393752816672483,1e-08,confirmed
2025-10-24T17:56:42.075961,ethereum_tx,0x7fcae3948414d5faa5d58c7cf705405927858b300410946dc7336c0bf91d3277,9481632,0xB974fAf39C296c5C4704Bc230023122F490f3573,0xcA11bde05977b3631167028862bE2a173976CA11,0.0,3.00000001,confirmed
2025-10-24T17:56:42.075961,ethereum_tx,0x7788957414240c9f7c42bf9b34a9332e90807ea41934eb041578cb9beeb37bfb,9481632,0xb4cdEf10977C8014BFb58b3fe88c35e3456d0aA2,0x73B668d8374DDB42c9e2f46fd5B754Ac215495bc,0.0,2.00000001,confirmed
2025-10-24T17:56:42.075961,ethereum_tx,0x7fbabb25a03ba0b62fd4952a227ec9e5243acb7ec7c82a2736e52607b068ece9,9481632,0x0B061f7C83557032dBc4279435da369d7bceb4fA,0xB88Ca91Fef0874828e5ea830402e9089aaE0bB7F,0.0,1.50000001,confirmed
2025-10-24T17:56:42.075961,ethereum_tx,0x9fbaf0db4336c0d0b1bc8133c9a398cfd9af84ecdfea47299fab71dfad7a5be5,9481632,0xAc127c2408BDE19Eb387EDDd7B6C91Bca3eCBF8F,0x4E681a3909cAf7012BA9aC9CdB3A280a85DB6A74,0.001,1.50000001,confirmed
2025-10-24T17:56:42.075961,ethereum_tx,0x12d63ce9b46949d11bf9d94ea8a5435a8ea0aad043c01501e02bbd6e2eb5f561,9481632,0x1B96Ad5aE222c4e7F6Eb9a5d772aDB7974E0a652,0x7e9d4593d864f84cf34AA786A8C190F68002832F,0.0,1.50000001,confirmed
2025-10-24T17:56:42.075961,ethereum_tx,0xa169486a4d8bd66a55e29c2dfa271ff24f8d6c33f9d33c5c28c30b69d3c31357,9481632,0xFAd375c46FF1362dEde4c1dC2665D9d9F3295DBd,0x2A4496bbC344414e3bDbE6a8E7c40EF007DAeEd1,0.0,1.5,confirmed
2025-10-24T17:56:42.075961,ethereum_tx,0xbb34f424a09df6f6b0dcae60da427bf35c139b04930c0b861f8e20e32efab11a,9481632,0xC087b20a21CE90877d1E914Bb6Ee2c93AFDb74B4,0x2A4496bbC344414e3bDbE6a8E7c40EF007DAeEd1,0.0,1.5,confirmed
2025-10-24T17:56:42.075961,ethereum_tx,0xa082efac05f74e6073269ca3ca071bd401e6cc53223c2ba3257ef42fac6dd3b9,9481632,0x353377083b7c8Dc2D88210406d7103f04cBE9Fd4,0x2A4496bbC344414e3bDbE6a8E7c40EF007DAeEd1,0.0,1.5,confirmed
2025-10-24T17:56:42.075961,ethereum_tx,0xdbefa1c46048f371d9d8aa5317b76cd99a95be35aad6c63a4b4ffce23609293a,9481632,0xdffC8dE4EC8B2c51597887a9f90052A6fC466585,0x2A4496bbC344414e3bDbE6a8E7c40EF007DAeEd1,0.0,1.5,confirmed
2025-10-24T17:56:42.075961,ethereum_tx,0xfca25b7a23b45ee56837fbc5d92d05ca752f6a05094b58b99baaafbadd0df177,9481632,0x2DAd7Dee999875812f3DbFA3F6ed65B6A9Ed247b,0x252B2ADEc0F1CC8AD701A3Fc89D4C006c34B255E,0.0,1.00000001,confirmed
2025-10-24T17:56:42.075961,ethereum_tx,0xdcda8b332ec7e2e79fdd06dc7fde5d6f096be4196adf3f2e5c2d3df7564b4306,9481632,0x551caC33C63eBb9F91CECF9e1D81C8Add97695eA,0x72FB9E3F2EC2952A4C0eA5A6219d5eA6fF71F496,0.0,1.00000001,confirmed
2025-10-24T17:56:42.075961,ethereum_tx,0x66203895e9814c76eafb80fddc7d3ff1270dc27885f7a45fd46f16da6b1760dc,9481632,0x52136be58Fa3dc50A0D5A3dfe4Cb84aC610a79bc,0x9695cfaD83b058C6D38Df1F6b6752D7e11ad196C,0.0,1.00000001,confirmed
2025-10-24T17:56:42.075961,ethereum_tx,0x4bc49eed4e4a0f3a5272c43a71e7220b4512aad7517d72dc137722b8220dcf92,9481632,0x0a3eF2f39aa6acA5609C2454dfBA39e3FDFc0E92,0x9251C784E888A3B9E6803F540e0ABd315c7D4604,0.0,1.00000001,confirmed
2025-10-24T17:56:42.075961,ethereum_tx,0x15bf6fd40fedb191c0c3907ac392b028945d676d2d157214789915e98f56ef62,9481632,0x6D6a3b2Db28E266cDdF628f598eD58056c26E42b,0xD27Db7c590c51e73Bf646Dfb753793eE401b84E6,0.0,1.00000001,confirmed
2025-10-24T17:56:42.075961,ethereum_tx,0x4c97c7eff0e24bfc771f643e166a06a9d156ab548bd090e2985ed158b529be21,9481632,0x13a021dbD56A6E8f5a74386e7637aDFf476a825E,0x505C5A460e1FA57c0Dfe06dB71559083B957Ec98,0.0,1.00000001,confirmed
2025-10-24T17:56:42.075961,ethereum_tx,0x6a60e4a615d608bc68b2a577ad9185a863c6e18bfd4d55006de063e5464369dd,9481632,0xDB2D29CE5457BcB9C5BabFd478123F0125ca63F2,0x624b72AE5566f07F8609E41c93EaF3Aea79ae692,0.0,1.00000001,confirmed
2025-10-24T17:56:42.075961,ethereum_tx,0x39999edcfe83652d26899b18b7e98d5832db1b73dba23792fb845b7988a4ebb0,9481632,0x06F5C815679E1323c87791bEC055Bc7afaEF04AB,0xb109853E5a38Aebd90a5aaAaa9f59f7B8C3882EC,0.0,1.00000001,confirmed
2025-10-24T17:56:42.075961,ethereum_tx,0xf1b1445b4c57e6a5d3baeb730994f7f9242e2d7212973eb98c9229f7d45fd174,9481632,0x7e44215dB97d1dA208e05164d7821022fd853C0a,0x8a8717090Ad82fC8f7e8ac5755376F880e2Cb589,0.0,1.00000001,confirmed
2025-10-24T17:56:42.075961,ethereum_tx,0xb9f33412e745f460770ad206224bef03dc3a39bd18f577e42a718f5a7533bf91,9481632,0x70d00d4364b45b43AEa3e6F14B59CDf9804845cF,0x2656fbd3f151c94FA25cffF39640D07C24161E2a,0.0,1.00000001,confirmed
2025-10-24T17:56:42.075961,ethereum_tx,0x762f1e6d1f0c72f1995fdcf2b7a28e993134e80433d8cc7d7b05cc457679de4d,9481632,0x155f043Fb533cAeB7E63CA878350c3a0962A2BFA,0xC22ccd2ff47743D5532F4C94A5beAfb1FBFD0933,0.0,1.00000001,confirmed
2025-10-24T17:56:42.075961,ethereum_tx,0xcefb2b45743acf3ee1e78658db970408cb5d3437b2fc38f846647bc4f70ba5af,9481632,0xe8326a5839175dE7f467e66D8bB443aa70DA1c3e,0x91EE7CeCdA9ebdeEaF5021dF473E5c3556AC6686,0.0,1.00000001,confirmed
2025-10-24T17:56:42.075961,ethereum_tx,0xdd3bca279db71e5bc54d7a08c90827ea9500764e4162574d6ec2e5155502bf35,9481632,0x0408C06e552408Ad0A30cbAd65F52d3876051c52,0x4F6b2E8DC0476d8e1fd88f6330B1f3909Dc9E914,0.0,1.00000001,confirmed
2025-10-24T17:56:42.075961,ethereum_tx,0xf3cb1ba3f2a59893f99ab2ba34f63cdbbbf08ce9c8f869de27f6496994770b54,9481632,0x6b936d1a77B971E87925C63c327659008114b761,0xedf4B1C6AF6520bb76826525adef7e0e09Af2c8d,0.0,1.000000009,confirmed
2025-10-24T17:56:42.075961,ethereum_tx,0xb537e644c93fababd1dd986632dabd9121028bd3befce98857a0b9becf814d2d,9481632,0x5d6D80BF648E0B6023149b06f4cBB4d9ff4339DD,0x8a2d7B098488cB0fDf68A5Bf796743De6dE5F8c9,0.0,1.0,confirmed
2025-10-24T17:56:42.075961,ethereum_tx,0xc77e4d80e89fdfbab23d6d2649683ebc5c6807606834a14202d73ce250b7541f,9481632,0x2FdCca4B638202525256e81D1Edc9ca0Faf7a6d2,0x5FF137D4b0FDCD49DcA30c7CF57E578a026d2789,0.0,0.10000001,confirmed
2025-10-24T17:56:42.075961,ethereum_tx,0x4b45518b9d53bcf310b0ef3218f3d0dd87c2dff04d119abd36f333525e820011,9481632,0x4403C3b6045a87a71049E3AA2Fea968a5380349d,0xf993E10C83Fe26DddFc6cb5E82444C44201e8a9C,1e-06,0.02000001,confirmed
2025-10-24T17:56:42.075961,ethereum_tx,0xede1edd421e53d903a4c0dfb7c6b5d8394cd44118a84f27af5ba21e1e9a0916f,9481632,0xAAdD25dD1b93482d1A183858358B7Ae1859E7A1E,0xf993E10C83Fe26DddFc6cb5E82444C44201e8a9C,1e-06,0.02000001,confirmed
2025-10-24T17:56:42.075961,ethereum_tx,0x70904b2e1281820e63a11fbbbdfb037172c05019373ca4831ea13dc0852f0085,9481632,0x515c03e5aC0739F098F4E0E97714b53a4694f933,0xf993E10C83Fe26DddFc6cb5E82444C44201e8a9C,1e-06,0.02000001,confirmed
2025-10-24T17:56:42.075961,ethereum_tx,0xb062bb2d0c0a41fd0bde4969324d9864089e05604aebb307b2d8dc445cc55c92,9481632,0xE1Ef63295E9606c1da1B1a3faD8A6674472713B5,0xf993E10C83Fe26DddFc6cb5E82444C44201e8a9C,1e-06,0.02000001,confirmed
2025-10-24T17:56:42.075961,ethereum_tx,0x4dafdcf6926f26643a42d2b784672bfe52add91a6a4fb768cf9dc6cc25559636,9481632,0x4BA56bDa2009816e260921970041d6Eb005D7272,0xC764A997C86dC22B50Eb637626e3f46bfd82534A,0.0,0.001500015,confirmed
2025-10-24T17:56:42.075961,ethereum_tx,0xb44e36701fa33d14899fab415a68f81584e146a633462b7f269c79529333ba4b,9481632,0x8867D419eE52F7689C25a764237FE664be66490d,,0.0,0.001250013,confirmed
2025-10-24T17:56:42.075961,ethereum_tx,0x1627612b66fc7455d44c489cd1b23abddde47a446bb151b68e6a1b1607afab71,9481632,0xdF356cD92a61E9C28f3ba8655e8b15dcdB3f96c9,0xBdCC405C59ED6075088E600f25DF922d76bCcB64,0.0,0.001200012,confirmed
2025-10-24T17:56:42.075961,ethereum_tx,0x8563a980a9ae0cc5f3e7879bd2afc2c82c4edcf8f688512eeba5df8e552d301f,9481632,0xF5E8A439C599205C1aB06b535DE46681Aed1007a,0x0aC93809F127308de0A962f1fA9693a7Ad72f9C4,0.0,0.00120001,confirmed
2025-10-24T17:56:42.075961,ethereum_tx,0xb8a78c5fcbf734073c99af4993608ec0a2e1ee05bd2f110de1ce7da9d75c3053,9481632,0x65141CA3329DA9A83458017474b5Bc62097Cf24f,0x69C6b28Fdc74618817fa380De29a653060e14009,1e-18,0.00120001,confirmed
2025-10-24T17:56:42.075961,ethereum_tx,0xce7a0b05ad7d0d4ede922bc4f678503b1392dbd5f740e853bc993855c09c3e0f,9481632,0xCCa55e6BaccB0D3EAA814580a0105C1c214f7c68,0xc6255a594299F1776de376d0509aB5ab875A6E3E,0.0,0.00100002,confirmed
2025-10-24T17:56:42.075961,ethereum_tx,0x03aa6906192e5865ef5b2e2946b44de53555ec9ecca65cd4760e91944d2a8e94,9481632,0xbEbf08e775960b7a10ca65073768f9213B55be94,0x06EE41735d78E32BA28600Bd781b2aD088c9A6c3,0.0,0.00100001,confirmed
2025-10-24T17:56:42.075961,ethereum_tx,0xb0b928be304fe72b25f271e0c6dd508c2408c618cb2135742ea1ecc2c8a4adfc,9481632,0xaef53512d9c21cb4569fC5A29CC525bE7A7Dc773,0x03C66CB1826BDB0395BF31E68Bf7E873e9564fFB,0.0,0.00100001,confirmed
2025-10-24T17:56:42.075961,ethereum_tx,0xd64e775cd28171ec02d46f49d303b5d1a460c9cb2a7028a4b281a97e32926829,9481632,0x1ADE58CDFB3750b1A0b4FBF64b281D4490fa791D,0x08d2b0a37F869FF76BACB5Bab3278E26ab7067B7,7.08e-05,0.00100001,confirmed
2025-10-24T17:56:42.075961,ethereum_tx,0x138dda35681736689ead8bdb3d195a32e92242b7a1d878b800e5183a5929e2d3,9481632,0x62E35bed59d5934552aCf56Dce5f8e8d255Cf54b,0x08d2b0a37F869FF76BACB5Bab3278E26ab7067B7,2.323e-05,0.00100001,confirmed
2025-10-24T17:56:42.075961,ethereum_tx,0xc1c6e7e775ece8c2f88b1052f372c5208140bc091fe30606b1a24b6c21cbb668,9481632,0xB6D120C413039aD4CFA902b1F4b29b24e429B645,0x57Df58986e197c3597f9A9e06808c0E593E94783,0.0,0.00100001,confirmed
2025-10-24T17:56:42.075961,ethereum_tx,0x61580ae343080aca416c30d1c178ed09468312c5bfa2e10629c0d9dc775ed612,9481632,0x2BFaadCa3865BEf692e68B16A3A655bB3167e004,0x358e500d87F6d4630a8bF2fBDA09298C0873DA18,0.0,0.00100001,confirmed
2025-10-24T17:56:42.075961,ethereum_tx,0x135003570bd49d6ad01c517aacffef5d502abde23a8b1434f7b325f91ef7ff02,9481632,0xda6b40AD1b361Cb2229F9794Cc9Ba070b86Ec4Cd,0x485D32dA4a40881CfaDbA127E3F6315aC9d3aE25,0.0,0.00100001,confirmed
2025-10-24T17:56:42.075961,ethereum_tx,0x087d42d596d17edf8f5e4e7208f1382048732d928dafc90bb15a9689f4d7e930,9481632,0x4549a7AC576E28BBc0d99517B7Eb4028983dc971,0x5b3490b355Ee284D6567dc6168b4536411a1Fb57,0.000128174422214699,0.00100001,confirmed
2025-10-24T17:56:42.075961,ethereum_tx,0xa9c73b88d8a1459ad7e904832085cf2f4eb32912286e6fc40e1dceb05f449141,9481632,0x297831AC930E5803362f7B56e8485A2D07e9D596,0x03C66CB1826BDB0395BF31E68Bf7E873e9564fFB,0.0,0.00100001,confirmed
2025-10-24T17:56:42.075961,ethereum_tx,0x5fc876ae20d23b7d8b43ec9f0112295a4d351e4f2084598b09dddf547ca6bff8,9481632,0x62E35bed59d5934552aCf56Dce5f8e8d255Cf54b,0x08d2b0a37F869FF76BACB5Bab3278E26ab7067B7,2.323e-05,0.00100001,confirmed
2025-10-24T17:56:42.075961,ethereum_tx,0x1b2183c6e162dd06692384d32549c3a1ff0694db1a302a327ad73244dd9d32bb,9481632,0x15391181943fF4B1305571411ed6ED05D21d9CC0,0x0000000000000000000000000000000000000000,1e-05,0.00100001,confirmed
2025-10-24T17:56:42.075961,ethereum_tx,0xd903be715381c7d8336eb9e95da186127c5e87aef4ef1c9749754705ee414eed,9481632,0x0B0e2673A1CE96a115c2c53e1304eD4640294856,0x08d2b0a37F869FF76BACB5Bab3278E26ab7067B7,2e-05,0.00100001,confirmed
2025-10-24T17:56:42.075961,ethereum_tx,0xc77c781e0c3906260e153b0b4c6414681f9215f624595d3967f7cf7f4cee0f3d,9481632,0xDDA8A3C6d13C4724fDE40E8125bCBD8eB960B14D,0x03C66CB1826BDB0395BF31E68Bf7E873e9564fFB,0.0,0.00100001,confirmed
2025-10-24T17:56:42.075961,ethereum_tx,0x30a546e8d4319a5b44501f54f9c294bf36fff9dbfba30fedc09f395099cbddf2,9481632,0x870e884fcD7571D89c79AF26563fC4f1a1309630,0x3eDF60dd017aCe33A0220F78741b5581C385A1BA,0.0,0.00100001,confirmed
2025-10-24T17:56:42.075961,ethereum_tx,0x73ae6d82688cdd34c34056bf844a3832959bcc5ff6d89f83629c21b849168f99,9481632,0xb4Ad61104ed7396C3cc346d8749E2193e07033D1,0x03C66CB1826BDB0395BF31E68Bf7E873e9564fFB,0.0,0.00100001,confirmed
2025-10-24T17:56:42.075961,ethereum_tx,0x5be7ec70e249654ce8e82830160bb8b6e9a344fa8eacd8a6c297e5634895d2c1,9481632,0x1662FDf7145ec01750C56Ad0742d1f0bCD4699be,0xb501610a619810ccf9046e3dB6614D278794A61b,1.63e-06,0.00100001,confirmed
2025-10-24T17:56:42.075961,ethereum_tx,0x2ffaf8183a4b6f9f46794038c0782dee2e4ccc48697193f666997b4f73374d5a,9481632,0xDCe000E6dA5A1ED1E0bAB6e977bd6b9582baA774,0x03C66CB1826BDB0395BF31E68Bf7E873e9564fFB,0.0,0.00100001,confirmed
2025-10-24T17:56:42.075961,ethereum_tx,0xeb3e2327adba3af2ed6c6670dd2dbb5eaf3fc4df6556a1c8b8e1f1cc3269fe32,9481632,0x62E35bed59d5934552aCf56Dce5f8e8d255Cf54b,0x08d2b0a37F869FF76BACB5Bab3278E26ab7067B7,2.323e-05,0.00100001,confirmed
2025-10-24T17:56:42.075961,ethereum_tx,0x56a3df11e7ff780554d7a408c4bc1dc0176d11e64ffcd95e10a8fc1805a59592,9481632,0xb69b7710A08535322188e22C9f9Bc30b03d84fA0,0x03C66CB1826BDB0395BF31E68Bf7E873e9564fFB,0.0,0.00100001,confirmed
2025-10-24T17:56:42.075961,ethereum_tx,0x389a49de31f274cc1c14d4a554ae29cd64d21a206116ee2a27fc4d34e2224946,9481632,0x597d5883D530bC81Da42068F4DD68449Bc074439,0x03C66CB1826BDB0395BF31E68Bf7E873e9564fFB,0.0,0.00100001,confirmed
2025-10-24T17:56:42.075961,ethereum_tx,0xa71882a5e7a8ec76c2bfc4afeaf78dd55bfbdbb4dc5f0efea9a49b1f84a62acc,9481632,0x774780b0A4b5a9AC7ED7B926809A164B11C56708,0x853758425e953739F5438fd6fd0Efe04A477b039,0.0001,0.00100001,confirmed
2025-10-24T17:56:42.075961,ethereum_tx,0x1453c0daac5939f1712b5b2f16c27ef25c3c9c33588ddb4e45255a1b7147360d,9481632,0xae04a4618fC8cD434Ecc97DA7Be0650855f0e498,0x3eDF60dd017aCe33A0220F78741b5581C385A1BA,0.0,0.00100001,confirmed
2025-10-24T17:56:42.075961,ethereum_tx,0x9412492a308656568cd879b31efd777444a33cf74c73be4e7d7ba966b303879e,9481632,0xC733786e6ce284081EDd4A0D51a116A6beC127CA,0x08d2b0a37F869FF76BACB5Bab3278E26ab7067B7,3e-05,0.00100001,confirmed
2025-10-24T17:56:42.075961,ethereum_tx,0x37da7803a4fb624476593e0901778953b673e18343ca08239f5fa6c8042bde0f,9481632,0xd756119012CcabBC59910dE0ecEbE406B5b952bE,0xADF5aadbe080819209BF641fDf03748bb495c6f3,0.0,0.00100001,confirmed
2025-10-24T17:56:42.075961,ethereum_tx,0xe78fa138ac0f944038eb93a1a7a5c176ff76f75fd40d8018e367a3bc8706a5b3,9481632,0x28B2b7f94Ebd6b954e5651EBb7519CbC5fe4593e,0x24E7373bE738D73ACF56bb9882564ce383515E9A,1.18e-06,0.00100001,confirmed
2025-10-24T17:56:42.075961,ethereum_tx,0x1d3bc53df86ccf5444b4081edb207dec55a4219edc80e9e09037afae99782f41,9481632,0x2D1A477e22F93b66F70a781D1f6aB73C3a62f09b,0xA73aFb610aC79A729A393D679029fCf9618854AD,0.0,0.00100001,confirmed
2025-10-24T17:56:42.075961,ethereum_tx,0xe54af05e5bf7563e67234d77b1d6a93854e44afa7e1974d92a3fd016f6ec140e,9481632,0xade5C4b00Ab283608928c29e55917899DA8aC608,0xc211b581cB62e3a6D396A592Bab34979E1bBBA7D,0.0,0.00100001,confirmed
2025-10-24T17:56:42.075961,ethereum_tx,0x398a75b35f47b5122ebd640a3e814e4f6842a4d296b0b2851cb00f0e9bdc0ba5,9481632,0xFc7378c0c5d82d3FfB336EDCAe60d62ef275811c,0xF9a99DB0a26BaFE4CA390b6Ac3D47B4B30893755,1.3e-06,0.00100001,confirmed
2025-10-24T17:56:42.075961,ethereum_tx,0x53ee7a495611b19249e77c04cbd686ef1901025713d2775911f5d8e0ab63878c,9481632,0x011a3B322a3583ee7De22E0242Ae74274F5B7D97,0xBf20267F7DB344B0205Ca51E38ce5f5c48827a21,0.0001,0.00100001,confirmed
2025-10-24T17:56:42.075961,ethereum_tx,0xf33ad9ebec03ef441aedecab04a198a00467705580c9e8efdbe4d95483174ac4,9481632,0x479754a45Fe1bE20ffA46A5750CA35B05238D0C0,0x03C66CB1826BDB0395BF31E68Bf7E873e9564fFB,0.0,0.00100001,confirmed
2025-10-24T17:56:42.075961,ethereum_tx,0xb10c77421e0ff4d311e549757f5acbe96a0d329435eb8392415e5c63b1a2ae6d,9481632,0x4385DA7659AcaCF14f072ffBcA8Ea791254b267F,0x08d2b0a37F869FF76BACB5Bab3278E26ab7067B7,5.98e-05,0.00100001,confirmed
2025-10-24T17:56:42.075961,ethereum_tx,0xeaaf8ae7e49f1a561da5a708a6a72bd3c33ce0b925f99c9be1404f1f81d49ae0,9481633,0x3C95c2633296B264d051498C4b2e982EbB526A53,0x3C95c2633296B264d051498C4b2e982EbB526A53,0.0,4.1,confirmed
2025-10-24T17:56:42.075961,ethereum_tx,0x347d325dd07a7352751417429d5b5200e2a755ea609954f62102b94ee365873e,9481633,0x440F377AD3a67C9a3B083e0946f07b5426Ccb2d1,0xcA11bde05977b3631167028862bE2a173976CA11,0.0,3.000000009,confirmed
2025-10-24T17:56:42.075961,ethereum_tx,0xd93d025f39e5d50b6f35ca354491606e2cb8a057e526e72d5e12c6922d05c3e5,9481633,0x6Cc9397c3B38739daCbfaA68EaD5F5D77Ba5F455,0x1d1d9307c172C1fDcbA8fFfbaBc410958E37b596,1.09971548,2.000000009,confirmed
2025-10-24T17:56:42.075961,ethereum_tx,0x2811cc56a38ec3b551127e38874d4919bf7d8057e2e2a71c2c7cd1662e9755f6,9481633,0x6Cc9397c3B38739daCbfaA68EaD5F5D77Ba5F455,0x3d6523a53996c4c030432bECb347e0ECeBB61a17,0.07370137,2.000000009,confirmed
2025-10-24T17:56:42.075961,ethereum_tx,0x9ca76cdbd9b7462530897f2dc7beb801d03dcaa886b9328d7adc38b597f22973,9481633,0x6Cc9397c3B38739daCbfaA68EaD5F5D77Ba5F455,0xB437ec16d4f36E2f9cD00570c7f95bf4f171a872,1.38092391,2.000000009,confirmed
2025-10-24T17:56:42.075961,ethereum_tx,0x112e29d59a1f0288670a8cd1913513042bdd8ad6ded2f54bb46f65e364383b35,9481633,0x6Cc9397c3B38739daCbfaA68EaD5F5D77Ba5F455,0xD76cFf5B601BA0C1dcED33D48ada7E2577ba5753,0.26913665,2.000000009,confirmed
2025-10-24T17:56:42.075961,ethereum_tx,0xe459e257341cae4972b82d701ec485bc3d000e5d8220fdcdc8dc410bce89e40c,9481633,0x6Cc9397c3B38739daCbfaA68EaD5F5D77Ba5F455,0x470e91ddac929a7d82ee582AE7308f21334E88f9,0.93044257,2.000000009,confirmed
2025-10-24T17:56:42.075961,ethereum_tx,0x4a61dec526ae21a2ac29cf597e3676ef481188aa17b139f560412c81c98994e0,9481633,0x6Cc9397c3B38739daCbfaA68EaD5F5D77Ba5F455,0x2dacD4db3efD54D30A08935Ae920Ce2238C39367,0.36812298,2.000000009,confirmed
2025-10-24T17:56:42.075961,ethereum_tx,0xca3176863af59432a5b752432d31a95006457b001c73ac96279583bac98b2e2a,9481633,0x3F4718DD92E121f2638c331e8748fe360a0A2E6F,0x1E4299F7a19597E09bD8593AB7B68277183e9778,0.0,2.000000009,confirmed
2025-10-24T17:56:42.075961,ethereum_tx,0xd0b76dd8404836fa68d1bc29df0d15b1927dc5be964d2b39571f97712c1e2687,9481633,0xc001e185538A55CF12f6C7CB70633917cFD47BE1,0x73B668d8374DDB42c9e2f46fd5B754Ac215495bc,0.0,2.000000009,confirmed
2025-10-24T17:56:42.075961,ethereum_tx,0x3434a7884086ccf8d501aac91037cfc97dcf5f13726a1da06eca41814ac6ded3,9481633,0x574E44fBF2D808597c6Dd3B637a03143799CF4eb,0xBC04d69Ecd7890699b2BE7924eA86474e15098E6,0.599968499999811,1.500000009,confirmed
2025-10-24T17:56:42.075961,ethereum_tx,0x772b910efade9a98965f0bc5d97077db7a0464f053e7d08e2290071cd3f0c162,9481633,0x0B061f7C83557032dBc4279435da369d7bceb4fA,0xc6255a594299F1776de376d0509aB5ab875A6E3E,0.0,1.500000009,confirmed
2025-10-24T17:56:42.075961,ethereum_tx,0x568426edc5d7dea7c8a30735050ccd659a0b31f0428b19c66c87656c26bb5f9f,9481633,0x1B96Ad5aE222c4e7F6Eb9a5d772aDB7974E0a652,0x7e9d4593d864f84cf34AA786A8C190F68002832F,0.0,1.500000009,confirmed
2025-10-24T17:56:42.075961,ethereum_tx,0xecf63ab966131fa74bda21de8333f6d45733ceca6d2dccfeaae02739374473f5,9481633,0x73287B8E96B9222ca77596eCf746b5284042ed6f,0xfFf9976782d46CC05630D1f6eBAb18b2324d6B14,0.0,1.500000009,confirmed
2025-10-24T17:56:42.075961,ethereum_tx,0x93cb86b0dc79809e7a1dfea33b5cc37d89c1de83319323b1d76d17c06d53f438,9481633,0x796E2B5fd93aaa28968AA1eFCb72EbB3797405Ff,0x2A4496bbC344414e3bDbE6a8E7c40EF007DAeEd1,0.0,1.5,confirmed
2025-10-24T17:56:42.075961,ethereum_tx,0x98390ad259439d756704ce1384a7ea91fcd0b91354bb6fdc12cb33f1845140c8,9481633,0xD61a6BaB67F89A1789Cf0C324b0cCdb0e66BfbD6,0x2A4496bbC344414e3bDbE6a8E7c40EF007DAeEd1,0.0,1.5,confirmed
2025-10-24T17:56:42.075961,ethereum_tx,0xc8d6e6a1395f7422d51b75594fd089ac32d440c6cec9dc6666bfb3aa8b228586,9481633,0x9d349f1405B88c776a4c334F9F747C0575c99A44,0xDE89BbAB414C6efAa0AA1D940B8e67d399327a86,0.0001561,1.5,confirmed
2025-10-24T17:56:42.075961,ethereum_tx,0xb279628eee7ce0ddc52668360c2dacbd872c3e69c16b2d5e80a2af0b7a56be7c,9481633,0x74617d37A93767B05b9C7Fd47F0B5deBc551e2C0,0x2A4496bbC344414e3bDbE6a8E7c40EF007DAeEd1,0.0,1.5,confirmed
2025-10-24T17:56:42.075961,ethereum_tx,0x549d88d05715cd45523df34324614a8daf6d1ea39d05b73653101719a5c3e040,9481633,0x9e0F72Ba7a535EB2c7eb9DC1D240Da4e3BdBDc53,0x2A4496bbC344414e3bDbE6a8E7c40EF007DAeEd1,0.0,1.5,confirmed
2025-10-24T17:56:42.075961,ethereum_tx,0x5c5d27efb20aae690d8f3b1be2386c6cb404935646efbba82bbf36a1d7b53f7b,9481633,0xa2d45162e77628558e833C3d36A042B6E6408c1a,0x008f89B5672695213c49113341B4B727fc401e9E,0.0,1.000000009,confirmed
2025-10-24T17:56:42.075961,ethereum_tx,0x4f56d16845dec094d4061fca0289392bfd0c17cb9fff7564b2b021ad7e72311f,9481633,0x3C4b8B27ed60Ff701dE1d225A082a526C4dF66d5,0x009496799B2c74F4f192DF4D22b4269b70D75188,0.0,1.000000009,confirmed
2025-10-24T17:56:42.075961,ethereum_tx,0x2f51bb2ec32fcfb520c749b5887303af44a98339273e422840635e5b128fff35,9481633,0xC1E8c91f521d312aCe2A07a0f2F6771EcB087319,0xd257FdA8806Eb5A61c9008cef86c660475C1F35b,0.0,1.000000009,confirmed
2025-10-24T17:56:42.075961,ethereum_tx,0x0e3f2c45285ef0ec811dcbd8b7659067195be28eae348d66051373bf27fc7877,9481633,0xf329D31191A5693C941341979871e6a7D65C7836,0x239Bc1E96fECA0E8ADf6eE7f357f5595981F3Cde,0.0,1.000000009,confirmed
2025-10-24T17:56:42.075961,ethereum_tx,0xc0cc579ce8b1b2f201dfd5250e3486f28bcfb8a89579af23fd2a47351aa2451b,9481633,0x93A844F64bc2C192f2d925A9caf51036d92eA7c8,0xFf0000000000000000000000000000000002b7C5,0.0,1.000000009,confirmed
2025-10-24T17:56:42.075961,ethereum_tx,0x5154bbf16643cff4cc2fa888c48726dc14992248c3b84fd0169ac8240570f017,9481633,0x93A844F64bc2C192f2d925A9caf51036d92eA7c8,0xFf0000000000000000000000000000000002b7C5,0.0,1.000000009,confirmed
2025-10-24T17:56:42.075961,ethereum_tx,0x718e95be38dbd238edb09ba2ceeafb95ba71c0b9ff358448df66234c8fb5ba39,9481633,0x9F37C931347665e7dbD863faDb2602E69351F201,0x9E4EE87554c89Eb079873d3773E63Ca4cBD7817A,0.0,1.000000009,confirmed
2025-10-24T17:56:42.075961,ethereum_tx,0x4075d36d63114ce6e84a1137d7a120ebc00c4db9fb3f5cafd292cae7cb1c89e6,9481633,0xF37aaC44E118e33E9f29dA1f970BCF5D28074F14,0x00e9f3641E16dFaB7864f339F4FC2bC75DCC92C6,0.0,1.000000009,confirmed
2025-10-24T17:56:42.075961,ethereum_tx,0x1e3bc2f0abb287ae67fd7057e50663c2dc124e28c4851d263819d5d0a4580169,9481633,0x7B52f71Ca50Bce413eaFF4a4287Cf4b9685f7602,0x893Ca7aAA974E8eBddcEb0A819F6d3E58dbb751b,0.0,1.000000009,confirmed
2025-10-24T17:56:42.075961,ethereum_tx,0xddeb69fd40092c4d47aaf3227180617ef6a42704d3dd17d3410d781761f852b0,9481633,0x95f9ea159CA88e1300ef7ff0B5F100D0d1d8aB28,0x5BDcb6B0E4d81C41B54821012f895e5bd4B3203c,0.0,1.000000009,confirmed
2025-10-24T17:56:42.075961,ethereum_tx,0x5a47d1654ddb16fa167a00d93bc47b5f15a0acc7de6e5f8b3fe4950814247e6e,9481633,0x0d81b78b1A476e68D2A08910C6f17bb9dEda50d9,0x0b75bA0BBa2CFB2e39Fe156532db34Bdb17DC171,0.0,1.000000009,confirmed
2025-10-24T17:56:42.075961,ethereum_tx,0x9437642118ac94390dda217ba0b4baf7a0c2cf28adf7db110b5e66e0b1fc9092,9481633,0x32136151194F4730518C6F1e47dBcBA1d67932C8,0x752D789C5CB4E2EdB0C853f7bEB19BE52C47883e,0.0,1.000000009,confirmed
2025-10-24T17:56:42.075961,ethereum_tx,0x5555fbc2775d4a3103a8234fb2e97d95cb57ac117b64c0e3cef0f3e6d0c31e01,9481633,0xaA8Ca8Eff48E78D2669DC070341d2828AB95D202,0x94Db5b204A5E74a5a025C4c282D04eE00c391991,0.0,1.000000009,confirmed
2025-10-24T17:56:42.075961,ethereum_tx,0x15bdc292ad37b9eacc9baf144b138b83430ad3a90a32d624c0dd1f3c4cb2167a,9481633,0x5070BFaD0BEbd52AE6970f4f8fdB0bb3D25c0c04,0x4E34823639c6043BD4271168a249e438ecDB62De,0.0,1.000000009,confirmed
2025-10-24T17:56:42.075961,ethereum_tx,0x1ff9552866c4454fed0a3392ca10e26c66e4feda19a6b5ef655ade45ae173107,9481633,0xF0FEd0C0192539a1076d8BDa1233f414704d98Be,0x00D22efF04CF7d0f5A355A6D9A06E43120398dA6,0.0,1.000000009,confirmed
2025-10-24T17:56:42.075961,ethereum_tx,0x33a2d3c68a515b087ba8135ec26663912248b1386d93122e88c2549ee055cdd6,9481633,0x5d6D80BF648E0B6023149b06f4cBB4d9ff4339DD,0x183De4cd07f2cE5b4f08d64f2bCFA533B50D0783,0.0,1.0,confirmed
2025-10-24T17:56:42.075961,ethereum_tx,0x6454950b3b7c4c59db6e731e3690b76b65eb1fe8583c09a3ea9fdec5fc3d2bba,9481633,0x5B09aC8118fd2827576EB9169b9e5dFfF5E1D68a,0xf993E10C83Fe26DddFc6cb5E82444C44201e8a9C,1e-06,0.020000009,confirmed
2025-10-24T17:56:42.075961,ethereum_tx,0xe1a38ed9954c33ed7f460bba9f71d268d1e6b9663755abdd23054f0550ada691,9481633,0xc14997178d5BC1FA1d9E9090bd2b7E40B2e69Bf9,0xf993E10C83Fe26DddFc6cb5E82444C44201e8a9C,1e-06,0.020000009,confirmed
2025-10-24T17:56:42.075961,ethereum_tx,0xde86cc814310f0bfdeec65d6ef39ae866a65e5657f530e52d647637c7f995499,9481633,0x73f90F3Ea9D4FDDeaF88077dfA4712Fd6906436D,0xf993E10C83Fe26DddFc6cb5E82444C44201e8a9C,1e-06,0.020000009,confirmed
2025-10-24T17:56:42.075961,ethereum_tx,0x6bdeaaec97ca92219f81f6518dfee97d1a475115b090b98074d7bad74e7c1c86,9481633,0x4F112A56018e2d50286e7016689EAc2e1DAbaFEE,0xf993E10C83Fe26DddFc6cb5E82444C44201e8a9C,1e-06,0.020000009,confirmed
2025-10-24T17:56:42.075961,ethereum_tx,0x31fc9fe676819a4c699b6e7d96aba461a145ac1d4ec612932ef1116b6222061a,9481633,0x5B55E1f98800012AD42AafEE2585AA61BaBf1752,0x1348947e282138d8f377b467F7D9c2EB0F335d1f,0.0,0.002000022,confirmed
2025-10-24T17:56:42.075961,ethereum_tx,0x37fa13c21d05723b451096b98ee0274480877f466635af6611e11c1f1310be75,9481633,0x4fa6CB46a72A828884c955bfc9c1b8DADCE03742,0x956962C34687A954e611A83619ABaA37Ce6bC78A,2.6287187479084e-05,0.001500015,confirmed
2025-10-24T17:56:42.075961,ethereum_tx,0x85b986161ca072f14c3d2bc6a264c59c8d999a580e5b9194ad4d32b0faf3b4e9,9481633,0xec15a5D097c8b312761a25B220166b24C4fD0563,0x956962C34687A954e611A83619ABaA37Ce6bC78A,2.367463945461e-06,0.001500015,confirmed
2025-10-24T17:56:42.075961,ethereum_tx,0x9e2ecc42f2c58e4977c3c9c2803a61260c76511cf0749a640e86661ae3d0e3d5,9481633,0x6d7927C0D236388319864007681BC0C6b844Def8,0x12e1181a741b70BE6A9D81f85af3E92B6ba41897,0.0,0.001300013,confirmed
2025-10-24T17:56:42.075961,ethereum_tx,0xdbf0b1d7c3cb05bebb0f8f3644bd1a8cb887bc039f7215ffcd60602334801255,9481633,0x61d8838f9A00250C9AF13D622DA7c08c372ee587,0xCf8EDB3333Fae73b23f689229F4De6Ac95d1f707,0.0,0.001289629,confirmed
2025-10-24T17:56:42.075961,ethereum_tx,0x0f91a7a18df8e270127e3472eaf703e218f333142c2e075defd40a559d05d12f,9481633,0x61d8838f9A00250C9AF13D622DA7c08c372ee587,0xCf8EDB3333Fae73b23f689229F4De6Ac95d1f707,0.0,0.001267406,confirmed
2025-10-24T17:56:42.075961,ethereum_tx,0x9891d2ec0a056f9fd23fd2b469a87d55743f616b631b1255747bd2a7091272a8,9481633,0xb3a1956Cff1ecc8054B81b0C83b9847CB71384b8,0xCf8EDB3333Fae73b23f689229F4De6Ac95d1f707,0.0,0.001267406,confirmed
2025-10-24T17:56:42.075961,ethereum_tx,0x23c28eb8c938c7ab125ccbb1f04e00c1d4de606a0fecb64e6a49c2f947eac24d,9481633,0xb3a1956Cff1ecc8054B81b0C83b9847CB71384b8,0xCf8EDB3333Fae73b23f689229F4De6Ac95d1f707,0.0,0.001267406,confirmed
2025-10-24T17:56:42.075961,ethereum_tx,0x58a6a155eeaf0ce8a9deecf298d4f765c3ec5ef919738218f9503b767e52c104,9481633,0x220b657354e1b48b06136f2cD06d8aE861267683,0x07CC46Ae56b4db5Ee9cD72ee013be5172134cAE1,0.0,0.001250009,confirmed
2025-10-24T17:56:42.075961,ethereum_tx,0xf858c47feb07922c5a7b7386e2641b3ee465929e69366b4506368971af188d4d,9481633,0xB5A462A9f6Fb81002184A323e05d0cF7FaF5b66d,0x3eDF60dd017aCe33A0220F78741b5581C385A1BA,0.0,0.001052642,confirmed
2025-10-24T17:56:42.075961,ethereum_tx,0x8a8dfeb472aa291967bb5a0c1d173ee7088de297283be5f639603fa9e554ec26,9481633,0x617D3E99FcfEC3a3dAF127d89c8B2C907F8f1b17,0x87A3effB84CBE1E4caB6Ab430139eC41d156D55A,0.0,0.00100001,confirmed
2025-10-24T17:56:42.075961,ethereum_tx,0x571253eff0e2f39769f71cbd7d1de14ad1609f66c586effd88ed844633529a86,9481633,0xFc7378c0c5d82d3FfB336EDCAe60d62ef275811c,0x66E765e3f161045c6c67A20bb0faB1A7b91F796E,4.1e-06,0.00100001,confirmed
2025-10-24T17:56:42.075961,ethereum_tx,0xd9e059e54f3f39f6364f0a15a54283034c09eee790009760809c45eb8e9c6ebd,9481633,0xD263eE97e96736a41A5272968Fa8B8fD854bBFe6,0x853758425e953739F5438fd6fd0Efe04A477b039,0.0001,0.00100001,confirmed
2025-10-24T17:56:42.075961,ethereum_tx,0x7579312940370e6f85a78028f61954235924ec5aee10ddbf6ddec15b6cc275f5,9481633,0x6AACA0a547a53d05f4042C6a9d42C4c5Bfa86b46,0x2c02c4F3DB094788bdb60C093D96F834F0FB4bcE,2.453266605325563,0.00100001,confirmed
2025-10-24T17:56:42.075961,ethereum_tx,0xbfc25bc483fc48d04e786b11419fa2644075bde55adc5b17266553013a61a975,9481633,0x57B9647903365c61b28748CD032A028Cb0658135,0x2c02c4F3DB094788bdb60C093D96F834F0FB4bcE,0.09043823404415373,0.00100001,confirmed
2025-10-24T17:56:42.075961,ethereum_tx,0x6bac6b5bfb084cf55f27b64bbe6f793b52e67823d0797ae2170876944998ad6c,9481633,0xe727d3e6023efFeE783f86c76a8B9cfE568486e7,0x2c02c4F3DB094788bdb60C093D96F834F0FB4bcE,4.598154793296611,0.00100001,confirmed
2025-10-24T17:56:42.075961,ethereum_tx,0x8e7cd745bfd14cfa730041312076b276083a363b4cf93100991dc6db3d6c9300,9481633,0x7A7Fd3F2A3b75F150410e44B9A3c06c353Db2402,0x87A3effB84CBE1E4caB6Ab430139eC41d156D55A,0.0,0.00100001,confirmed
2025-10-24T17:56:42.075961,ethereum_tx,0x48608809af879fe4d3f4b956a18e2843363ddf158c57824857c65be026933b2e,9481633,0x5641a1E8651DE500838bed93E62e3E06a4D0e683,0x6d50EDC485a5c5C8E57e45994de1C8f8A11A7cee,6.5e-05,0.00100001,confirmed
2025-10-24T17:56:42.075961,ethereum_tx,0x6b2af72ac0ab1c0c6afdbd20d0c128c601f8fc060d1d02ffaa72394d1ffa6ed3,9481633,0xda6b40AD1b361Cb2229F9794Cc9Ba070b86Ec4Cd,0x485D32dA4a40881CfaDbA127E3F6315aC9d3aE25,0.0,0.00100001,confirmed
2025-10-24T17:56:42.075961,ethereum_tx,0x0116cc7f7ab1bbad024bc84c33abb193741150f083563d7f331ed514de692775,9481633,0xcfD5dDc974005CDfCE04286a4E96a28Bb9366b8c,0x5641a1E8651DE500838bed93E62e3E06a4D0e683,4e-05,0.00100001,confirmed
2025-10-24T17:56:42.075961,ethereum_tx,0xbf96caae165e290dcfaf7e721fcc6029d0f97eefd4f2a20ca94049563804461e,9481633,0xd756119012CcabBC59910dE0ecEbE406B5b952bE,0xADF5aadbe080819209BF641fDf03748bb495c6f3,0.0,0.00100001,confirmed
2025-10-24T17:56:42.075961,ethereum_tx,0xe7e259bc45d6de97a2b54e4abe92da5f1d248f54d3abe78ef64952bbb3a0078b,9481633,0x75C0c372da875a4Fc78E8A37f58618a6D18904e8,0x1c7D4B196Cb0C7B01d743Fbc6116a902379C7238,0.0,0.001000009,confirmed
2025-10-24T17:56:42.075961,ethereum_tx,0x4da45410058cfcc1795e5490a4617f3baefd9733607cdf6f3b24871fe4eb512d,9481633,0x75C0c372da875a4Fc78E8A37f58618a6D18904e8,0x1c7D4B196Cb0C7B01d743Fbc6116a902379C7238,0.0,0.001000009,confirmed
2025-10-24T17:56:42.075961,ethereum_tx,0x3f2d12ee384909b2392faea411b8579339dd0644bfd0522ddf96518e49c468e5,9481633,0x75C0c372da875a4Fc78E8A37f58618a6D18904e8,0x1c7D4B196Cb0C7B01d743Fbc6116a902379C7238,0.0,0.001000009,confirmed
2025-10-24T17:56:42.075961,ethereum_tx,0xa73b0d4ed3b80407ff896ff8fa1476617bed939ece39ebb3e08586d46a90eae9,9481633,0x57D9448425DC10Ab70F5d0f7cfeF63791d7A9E3f,0x0000000000000000000000000000000000000000,1.87e-05,0.001000009,confirmed
2025-10-24T17:56:42.075961,ethereum_tx,0xdcce5372c23780071fbd6b41e605663941d50a074b52dc69dddccdea75e05ece,9481633,0x15391181943fF4B1305571411ed6ED05D21d9CC0,0x0000000000000000000000000000000000000000,1e-05,0.001000009,confirmed
2025-10-24T17:56:42.075961,ethereum_tx,0xe8453a0e320bbaa067200fa748571b1461d53aa31269e79f079d62c0c8c0c2a3,9481633,0xCdf2ac76cf36A564AD6B71735d9D10070a485Db5,0x3eDF60dd017aCe33A0220F78741b5581C385A1BA,0.0,0.001000009,confirmed
2025-10-24T17:56:42.075961,ethereum_tx,0x1a37ddf72c02c2982553360ac4465c9859a716f19baa8dcacf8de343b0b7b050,9481633,0x54223e996FEB07CFb887A3458BBc75903FBF15f0,0x7215691F60C4fA7Bb82c5Ac44c7d57dc32bB0493,0.0,0.001000009,confirmed
2025-10-24T17:56:42.075961,ethereum_tx,0x07676ca8481b41e62a5419308661b09bffc6f72a61afa74a0957de10faa1bf44,9481633,0x72cAE228aA81C7606192D6C1E454f619941C17b7,0x3eDF60dd017aCe33A0220F78741b5581C385A1BA,0.0,0.001000009,confirmed
2025-10-24T17:56:42.075961,ethereum_tx,0xef96d9814c3923343cc916dced5e00abf72728b1321548a92285aa2d3c956744,9481633,0x9f67F7E6D127E16fa7A722a181A617A977dB54C6,0x7215691F60C4fA7Bb82c5Ac44c7d57dc32bB0493,0.0,0.001000009,confirmed
2025-10-24T17:56:42.075961,ethereum_tx,0xc7c042ae3f3f03cdffd6c81387c998bc603c35dcd10a0ba7b0ef1c33f7b5465f,9481633,0x0577362906e48DFE973979504EF2237bcE206318,0x7215691F60C4fA7Bb82c5Ac44c7d57dc32bB0493,0.0,0.001000009,confirmed
2025-10-24T17:56:42.075961,ethereum_tx,0x3ff57075fc3fadf60c353ace5b134dbde2473a6c64d7d47a1439e616db2d84b2,9481633,0xae04a4618fC8cD434Ecc97DA7Be0650855f0e498,0x7215691F60C4fA7Bb82c5Ac44c7d57dc32bB0493,0.0,0.001000009,confirmed
2025-10-24T17:56:42.075961,ethereum_tx,0xe4d288a808101c940afc670447b589b51d03aae9694af4a40632354a8fe4b8ec,9481633,0xC0A95B8A7EBcAfF89436492A205E98d2e3277B37,0x4e59b44847b379578588920cA78FbF26c0B4956C,0.0,0.001000009,confirmed
2025-10-24T17:56:42.075961,ethereum_tx,0x7a70843f0a1d81c1e79435746741e695b5439bcf38658ec7f00a4540cd1ccae9,9481633,0xC0A95B8A7EBcAfF89436492A205E98d2e3277B37,,0.0,0.001000009,confirmed
2025-10-24T17:56:42.075961,ethereum_tx,0x9981470736a1fa436aed563126eda8553d0323decd606f022c0d7c262a9a5b89,9481633,0xBd43a92E3675e89AeF7bDED3C08387b40a5B91A4,0x54010EFf1aA2B9C3dF2b318BEDA776A386F24e53,2.05e-06,0.001000009,confirmed
2025-10-24T17:56:42.075961,ethereum_tx,0x08d7c948a81b43a5fab69d7c49f78f6a8a34ed344917bdb939b2595eddc03096,9481633,0x52Bb2017d8F3f29800b8Af2C5aD82840552120f2,0x03C66CB1826BDB0395BF31E68Bf7E873e9564fFB,0.0,0.001000009,confirmed
2025-10-24T17:56:42.075961,ethereum_tx,0x4699567168b8c72167d2aafe6faed9cce1b1f4df73b71ba6dd1ce735462f8089,9481633,0x03a943C2e37acA43985b19554bA3cf60a4a336e9,0x03C66CB1826BDB0395BF31E68Bf7E873e9564fFB,0.0,0.001000009,confirmed
2025-10-24T17:56:42.075961,ethereum_tx,0x94e658cd160d1edd4fd26b956751ace6c97428b62061dcaee3711c2898025a81,9481633,0x8963A90BB7b7b8bdfa6905Bd68F1E373ddb5D2d4,0x03C66CB1826BDB0395BF31E68Bf7E873e9564fFB,0.0,0.001000009,confirmed
2025-10-24T17:56:42.075961,ethereum_tx,0x0365d0a0760b7defd75748979fb2864296379946cfa87100915ab6fb820fb505,9481633,0x92ed9B2575859c42E6D87071dEaF34868b131294,0x03C66CB1826BDB0395BF31E68Bf7E873e9564fFB,0.0,0.001000009,confirmed
2025-10-24T17:56:42.075961,ethereum_tx,0xa9c751f9e4c4e899545ee1db91e3c039b1a013ddc70ba58453cc92c33cab3ad2,9481633,0x4224343Bd74160C733A9b61ba13D85Bb8b5ccd5F,0x03C66CB1826BDB0395BF31E68Bf7E873e9564fFB,0.0,0.001000009,confirmed
2025-10-24T17:56:42.075961,ethereum_tx,0x3bbd6c4f4e0a553eb2cc97b692f4134bde0b0b86c3a82845a5b2068184c9eef2,9481633,0x9F4e1fdEb786cfA1D55f9BF2dFb30E167D8B73e2,0x03C66CB1826BDB0395BF31E68Bf7E873e9564fFB,0.0,0.001000009,confirmed
2025-10-24T17:56:42.075961,ethereum_tx,0x881a735d769f89b109ded7ac7abfb20ce4749f57a2285c9122c57079fdc9dab1,9481633,0x28B2b7f94Ebd6b954e5651EBb7519CbC5fe4593e,0x44E8db2ef369E4aE9be01201f33cb564b4684017,1.85e-06,0.001000009,confirmed
2025-10-24T17:56:42.075961,ethereum_tx,0x3d171e3e2b280cf231c9a2135145e5f6b25d2a555f78ee5b06c03332f00b7ace,9481633,0x22461cE2089944000cf6BAFdcCC2181c7E2F537D,0x03C66CB1826BDB0395BF31E68Bf7E873e9564fFB,0.0,0.001000009,confirmed
2025-10-24T17:56:42.075961,ethereum_tx,0xb1f8eaf539b76ef2ae10060545aaaa7894986b8b5bb0da96a75c2aeba7c0681f,9481633,0x2BFaadCa3865BEf692e68B16A3A655bB3167e004,0x358e500d87F6d4630a8bF2fBDA09298C0873DA18,0.0,0.001000009,confirmed
2025-10-24T17:56:42.075961,ethereum_tx,0xf84e6339ea41b4e97fc3e25082fbe3a10f678f43c6767ca2426a861458675031,9481633,0x915DCa12b1A1571C9F558491FeAd967Fc45E308D,0x03C66CB1826BDB0395BF31E68Bf7E873e9564fFB,0.0,0.001000009,confirmed
2025-10-24T17:56:42.075961,ethereum_tx,0x1e1405e11168f5242dc14e33e22a79c3c0364d779496e080f19e730b72327ca0,9481633,0xB3C259f1235A50Bd0B8aA2E588648c106F6F3816,0x0215f8e5e81B75799Ae38232420377339d811796,0.0,0.001000009,confirmed
2025-10-24T17:56:42.075961,ethereum_tx,0xece24d81c7da8f583a8534b1bc6c04e394eb4d4ee7397b56f5c48f0318cff336,9481633,0xc36F31bBc1EAd8dfBBB2888120dB9320f8A881F7,0x69C6b28Fdc74618817fa380De29a653060e14009,0.0,0.001000009,confirmed
2025-10-24T17:56:42.075961,ethereum_tx,0xb89fd059e5cf61d46334c141c0c7bff328a419d71a2c3ebc4927c3b8aa722853,9481633,0xcD12Ed9b63603bc9685Cda552c0156d9b297b41F,0x87A3effB84CBE1E4caB6Ab430139eC41d156D55A,1.2e-05,0.001000009,confirmed
2025-10-24T17:56:42.075961,ethereum_tx,0xeacf1fde638d8ada6b3649c3fab9695b4e1d9e38f7cb1ed300d8c1c3a6292f55,9481633,0x3Da763C42E438eB17880fB6A83040d6cf13eF03b,0xFf00000000000000000000000000000000042069,0.0,0.001000009,confirmed
2025-10-24T17:56:42.075961,ethereum_tx,0xc26ab5d45814cecbbd19563b47bb00ae6e3aa6851e1f1e2b37e848a756df25c6,9481633,0x27A88B8846882507bab868974805339d4c438667,0xA73aFb610aC79A729A393D679029fCf9618854AD,0.0,0.001000009,confirmed
2025-10-24T17:56:42.075961,ethereum_tx,0x87758a95d89ed479020dc0905285eb87ed53f9a1552d01aa1fc7f1d8b42747dc,9481633,0x2c2ff804eD59BBE2533e0a8210D5a120414D4c93,0xA73aFb610aC79A729A393D679029fCf9618854AD,0.0,0.001000009,confirmed
2025-10-24T17:56:42.075961,ethereum_tx,0xf4f2e7ada525978f820874fde11ced7838733c3b39eaaa4fa05fbb54d7a6dc9c,9481633,0xCd8080b5A4e828232a6390Fb0D5dcA790AE90C85,0xa7155e6e596D9B92Ec05602e1Db3616322Fdc2d3,0.0,0.001000009,confirmed
2025-10-24T17:56:42.075961,ethereum_tx,0xbc9b2978f7d891dc51e0611b113749be90d5b43e213669a94f60dcacb8a00331,9481633,0x1590f0C8AE31875bdc4792d5308C018aF31eC119,0x08d2b0a37F869FF76BACB5Bab3278E26ab7067B7,0.001356,0.001000009,confirmed
2025-10-24T17:56:42.075961,ethereum_tx,0xedb5bb89f5946d4c6d9169a4d76a39aab9b1b0887c9b46ddcef123d8a915115b,9481633,0xEcB2CeD74C87AAFD9041cD7A1fACD4D332E4356C,0x08d2b0a37F869FF76BACB5Bab3278E26ab7067B7,3.16e-05,0.001000009,confirmed
2025-10-24T17:56:42.075961,ethereum_tx,0x702810e82a530bf8659d177104b4738544496e1ec5a5747bd0ef7fdd6a7e88ee,9481633,0x0B0e2673A1CE96a115c2c53e1304eD4640294856,0x08d2b0a37F869FF76BACB5Bab3278E26ab7067B7,2e-05,0.001000009,confirmed
2025-10-24T17:56:42.075961,ethereum_tx,0x43170b034f0b49399b1a6654bddb3b77639e9e53bc669bb2f1a601de389ff2fd,9481633,0x62E35bed59d5934552aCf56Dce5f8e8d255Cf54b,0x08d2b0a37F869FF76BACB5Bab3278E26ab7067B7,2.323e-05,0.001000009,confirmed
2025-10-24T17:56:42.075961,ethereum_tx,0xfde6da6fcd6bf7c92fcbf5978c5b818896a9801af0ff56b03f1c69657884b5ff,9481633,0x62E35bed59d5934552aCf56Dce5f8e8d255Cf54b,0x08d2b0a37F869FF76BACB5Bab3278E26ab7067B7,2.323e-05,0.001000009,confirmed
2025-10-24T17:56:42.075961,ethereum_tx,0x5e3eebd224789f5e964765ecb601242dcc05d63a686929269fcf81c351595993,9481633,0x62E35bed59d5934552aCf56Dce5f8e8d255Cf54b,0x08d2b0a37F869FF76BACB5Bab3278E26ab7067B7,2.323e-05,0.001000009,confirmed
2025-10-24T17:56:42.075961,ethereum_tx,0x1e5555324ca07dc9f8f69494c73251542e3018d769fa1f7d28a5fcc9e156afbd,9481633,0x62E35bed59d5934552aCf56Dce5f8e8d255Cf54b,0x08d2b0a37F869FF76BACB5Bab3278E26ab7067B7,0.0,0.001000009,confirmed
2025-10-24T17:56:42.075961,ethereum_tx,0xf413f39a0c385b2aa5d6afd6332576059a824f35cb0eef7419757508ac112c3f,9481633,0x62E35bed59d5934552aCf56Dce5f8e8d255Cf54b,0x08d2b0a37F869FF76BACB5Bab3278E26ab7067B7,2.323e-05,0.001000009,confirmed
2025-10-24T17:56:42.075961,ethereum_tx,0x29c87d8a359e40794e173bd8b6247c10e3a26882f99fb8704ad5d3467c2b5228,9481633,0x5d72984B2e1170EAA0DA4BC22B25C87729C5EBB3,0xd4116f515A6958da851080B390DDE4B81f408978,0.0,0.001,confirmed
2025-10-24T17:56:42.075961,ethereum_tx,0xf91b8d21e7f1199d813de4360adcef71735abdcf9c81d5674f6e5a6649518fff,9481633,0x2F17D9F3A304D216f711389CfaF1497dd54dBdf4,0x956962C34687A954e611A83619ABaA37Ce6bC78A,1e-06,0.001,confirmed
2025-10-24T17:56:42.075961,ethereum_tx,0xa085284e3460e2cb205d9c389224cc9b25ad550ede521068b65aaaeeb3014c9b,9481633,0x011A7c141f48ab2f07046FF825BC69032870FE27,0x956962C34687A954e611A83619ABaA37Ce6bC78A,0.0,0.001,confirmed
2025-10-24T17:56:42.075961,ethereum_tx,0x13966a9db0bda762bdd7e228254665ef7eb507f88f526eae1c4bfc741cb7448d,9481633,0x44B7D0E6BC6D03Bea91Bb8563C61C7C3bF5629bF,0x956962C34687A954e611A83619ABaA37Ce6bC78A,3e-06,0.001,confirmed
2025-10-24T17:56:42.075961,ethereum_tx,0x19197560b53241c1dc8a5d7ea27591f1ad3f0a8b6e2c08518b9a790e37ffbbb7,9481633,0x521918f3ce432D63B316382C7E00259581546313,0x956962C34687A954e611A83619ABaA37Ce6bC78A,1e-06,0.001,confirmed
2025-10-24T17:56:42.075961,ethereum_tx,0x91adeac2fa005d63429da136d3c8ab17b832f661201a58e7854c4709ec5277a9,9481633,0x85A057789d320e084897829f7096B1241Fc6B9B8,0x956962C34687A954e611A83619ABaA37Ce6bC78A,1e-06,0.001,confirmed
2025-10-24T17:56:42.075961,ethereum_tx,0xeeae593e4f19af2d414736de1d15dd69cd82a21e0e77b5584f93ef65876ebff8,9481633,0xB639167a998aC9a5E90e436e277907BC7a049119,0x956962C34687A954e611A83619ABaA37Ce6bC78A,1e-07,0.001,confirmed
2025-10-24T17:56:42.075961,ethereum_tx,0x06cf51baf71c56f2049143135d4edea8322c57a5a3e3fdae64a97960ff158575,9481633,0x29e6A11e6a3cf938725cA2E903359A462ab06D9E,0x956962C34687A954e611A83619ABaA37Ce6bC78A,1e-07,0.001,confirmed
2025-10-24T17:56:42.075961,ethereum_tx,0x0920806dfce274e9f981d7312ddf7c3ca462a2dd37fc9c1bfed2796ed91d2985,9481633,0x65F68c609C4165D108061a2059d6C8FDc0d4F0bB,0x956962C34687A954e611A83619ABaA37Ce6bC78A,1e-07,0.001,confirmed
2025-10-24T17:56:42.075961,ethereum_tx,0x07c06fadefd57459a776e316e23ff15ccd70ebaa661ea775e311ec0d5a6de6f3,9481633,0xf88861BeFB4b22932367eD1487c207C17DA47dEA,0x956962C34687A954e611A83619ABaA37Ce6bC78A,1e-07,0.001,confirmed
2025-10-24T17:56:42.075961,ethereum_tx,0x36579e2cf1fdb2379dda777b19dfa0b331d87780629d1b80a8478ec101091127,9481633,0xda99Bc27F8E03Cb88b7CC27B9317eE3cbBE77DdA,0x956962C34687A954e611A83619ABaA37Ce6bC78A,1e-07,0.001,confirmed
2025-10-24T17:56:42.075961,ethereum_tx,0xa5f5ac48505ea53d6a6901361a8bbb666748a369f28583054e756aa109466f40,9481633,0x7bA7730C9c01cb2c9f083C5DA8A52811Df3f050d,0x956962C34687A954e611A83619ABaA37Ce6bC78A,1e-06,0.001,confirmed
2025-10-24T17:56:42.075961,ethereum_tx,0x02b46962ddf5d40ec5e9da4397a22ffda5343d45b8fb435d4de8bcde0b806a7e,9481633,0x46C71cC23504E81E4B75e84228DeC469A18b6be4,0x956962C34687A954e611A83619ABaA37Ce6bC78A,1e-06,0.001,confirmed
2025-10-24T17:56:42.075961,ethereum_tx,0x3f5b9eb99b44a72b315e9a6fdd04008172e442cdbfa092486be4fe7a80ce5052,9481633,0xdD596E78169701C74a6B729C0d2309946b4d6CDd,0x956962C34687A954e611A83619ABaA37Ce6bC78A,1e-06,0.001,confirmed
2025-10-24T17:56:42.075961,ethereum_tx,0xb203674b73bdfe5e649968b5a2f6462f959b658f56590a0515037889426b409f,9481633,0x86998d563F47e9cC192be06a5701b1602C441140,0x956962C34687A954e611A83619ABaA37Ce6bC78A,0.001,0.001,confirmed
2025-10-24T17:56:42.075961,ethereum_tx,0xdcf347825accf2100c40af1b9cf5e0fe86fad58dd7a25ade33685d467a1299db,9481633,0xFf1c59B6FBDD2117E6F4283A6121824Be9edA02B,0x956962C34687A954e611A83619ABaA37Ce6bC78A,0.0001,0.001,confirmed
2025-10-24T17:56:42.075961,ethereum_tx,0x1e1019f412fdaee5dcb164cc02de7fccfc6abbfd1b4eb04bfc3b21cd6f4ab4ab,9481633,0xcC05E956be7B2F3AdCD13cc6005C1C87bc3E5F78,0x956962C34687A954e611A83619ABaA37Ce6bC78A,0.0001,0.001,confirmed
2025-10-24T17:56:42.075961,ethereum_tx,0xa7b16a68b2923bba6c720649bb8f5721c4575a848d87bfb4ed77cf86ab160607,9481633,0x2f5Ef8531a4ffFf3ffE6f7e19aa7c07862A9Af9A,0x956962C34687A954e611A83619ABaA37Ce6bC78A,0.0001,0.001,confirmed
2025-10-24T17:56:42.075961,ethereum_tx,0xf5bd7f06ba84def2749662cc7b738f9d6e5ba14f30add60885317bbdafa69224,9481633,0x2A6b5B71A81De91C7CCf8a4d51D53D4feB5c758f,0x956962C34687A954e611A83619ABaA37Ce6bC78A,0.0001,0.001,confirmed
2025-10-24T17:56:42.075961,ethereum_tx,0x4f7a6202c75d7b43a993ac1596a7b30488ed65f0df4ccc66db70cb0a7fe098c9,9481633,0x65C1daB5A49AbD4261627CF5074ee41a2e74AC73,0x956962C34687A954e611A83619ABaA37Ce6bC78A,0.0001,0.001,confirmed
2025-10-24T17:56:42.075961,ethereum_tx,0x6cab9d6d0cbb7178c69aa492e91405a78ae227dd7746aa00107918c0be66e7e0,9481633,0x9C8FaA60ac71ad698FA1E9ba77C7F409eF4834cf,0x956962C34687A954e611A83619ABaA37Ce6bC78A,0.000132,0.001,confirmed
2025-10-24T17:56:42.075961,ethereum_tx,0x97281f0590490c107cc4496fa0356ce6ee97963fcc93c0804dc7d91a7c4d39f6,9481633,0x718a51ca2b216e675c84E374a70ba36658AEB3B6,0x956962C34687A954e611A83619ABaA37Ce6bC78A,1e-07,0.001,confirmed
2025-10-24T17:56:42.075961,ethereum_tx,0xc8428f7f46c7d166c6e96da2284d2afda9e106dd8bde5915445063bff6079eaa,9481633,0x2bF78d2268Ed1776E41323D6A5aE694d8c8F7968,0x956962C34687A954e611A83619ABaA37Ce6bC78A,0.0001,0.001,confirmed
2025-10-24T17:56:42.075961,ethereum_tx,0x9097743ca48e6111054a062188afdc2d40e721ad427ae8ed8ab0d078b1d37573,9481633,0x13e6009357AF52E7D564b5914aa97719C8304A28,0x956962C34687A954e611A83619ABaA37Ce6bC78A,1e-05,0.001,confirmed
2025-10-24T17:56:42.075961,ethereum_tx,0x247de21d352e54ab78698befbee78069d7a904266a5f029d09319826d678f6ce,9481633,0xF7067502F610fBcFA7158416af7550c0Bb24C020,0x956962C34687A954e611A83619ABaA37Ce6bC78A,1e-07,0.001,confirmed
2025-10-24T17:56:42.075961,ethereum_tx,0x0f45401c9179ed74b5f297aa42bd1341fde43fa6a09ad30b203b8cb99f672cb3,9481633,0x3E2aEB729b82Edb5ce1Af01c02746625C71C79f5,0x956962C34687A954e611A83619ABaA37Ce6bC78A,1e-07,0.001,confirmed
2025-10-24T17:56:42.075961,ethereum_tx,0x8b24a3536a77a5a01ca831864633e872ee28ede1543640092f9056eb47c11d15,9481633,0xB0752cCA8b78aAB13eA9bE15f9C2b88Fd8B6F043,0x956962C34687A954e611A83619ABaA37Ce6bC78A,1e-07,0.001,confirmed
2025-10-24T17:56:42.075961,ethereum_tx,0x0b9aa3500f291214a8a86a795394997b6809a4317e5c1c18efad3d0325cec99b,9481634,0xfc56E7272EEBBBA5bC6c544e159483C4a38f8bA3,0xfF00000000000000000000000000000000084532,0.0,16.000000009,confirmed
2025-10-24T17:56:42.075961,ethereum_tx,0xdee13f29a8b8f483a3fc44e533bb745fa3568c7695672ca80c1ee3f353ef294d,9481634,0x786896Bb6f6ff73c9fBa9651d20a4a536ECD0BeF,0x6815183051EC7c56e24c5915931b483F1cB4aaCF,0.0,2.000000009,confirmed
2025-10-24T17:56:42.075961,ethereum_tx,0xfb7ca2909ba5bb7ca50daed17e61271e868c4a4ef2e7816aca7300f9eca161fb,9481634,0x6Cc9397c3B38739daCbfaA68EaD5F5D77Ba5F455,0xE7e188ffCdf2C8A3dc38a855c3B1d649eB691d1D,1.0215427,2.000000009,confirmed
2025-10-24T17:56:42.075961,ethereum_tx,0x22f60e52831616dd7051ffae1e84424da7d46a847c0335f08b79a10d56e293e6,9481634,0x6Cc9397c3B38739daCbfaA68EaD5F5D77Ba5F455,0x67a3638A898077D01d8d38Ca5856Cd194C12Ca27,0.58477276,2.000000009,confirmed
2025-10-24T17:56:42.075961,ethereum_tx,0x9d255273bc7856ad95e2ec34b1f3960f021a41ec7e65914a5e0200c132ba060a,9481634,0x28E004A84b87d7Fd68dA224A1782185e4b7b0507,0x1E4299F7a19597E09bD8593AB7B68277183e9778,0.0,2.000000009,confirmed
2025-10-24T17:56:42.075961,ethereum_tx,0x125ede0996e7fefcb3560bd98cdc11253b774beee8ac186de39b97a3dca85732,9481634,0x6Cc9397c3B38739daCbfaA68EaD5F5D77Ba5F455,0x555f6544cecdf8Ce7a009516a392411b06C6df70,1.81230034,2.000000009,confirmed
2025-10-24T17:56:42.075961,ethereum_tx,0xd694ab8d5af1a9783f503a83f4377693352ea19d06364444021fe07accda042c,9481634,0xc47176667F8d876c2a98ac5c765d52Af45a71Da3,0x73B668d8374DDB42c9e2f46fd5B754Ac215495bc,0.0,2.000000009,confirmed
2025-10-24T17:56:42.075961,ethereum_tx,0xefc2ec7fe6a2818de832977539760be464265b118a0dfba4e3cf1892831e25a6,9481634,0x8F23BB38F531600e5d8FDDaAEC41F13FaB46E98c,0xff00000000000000000000000000000011155420,0.0,2.000000009,confirmed
2025-10-24T17:56:42.075961,ethereum_tx,0x966f2dbe53b1c04eaa187427fa7a25261120801529d35884aa7e7e56e1498528,9481634,0x1ca66bfE6bF071aE8BfC4039c66238561Cf9324d,0x38C967856d17E900042Af447B3346bfF26C8ed4B,0.002,1.500000009,confirmed
2025-10-24T17:56:42.075961,ethereum_tx,0x90ed601407097044018184f8dcd121ea4f44419dee88067b71ac1a980fb3fc54,9481634,0xF5D2Cc2202Dd9Bf51D87419aD630e195F724d12C,0x92E564DA3870a300de0C45971aD82A7dFC963E1a,0.0,1.500000009,confirmed
2025-10-24T17:56:42.075961,ethereum_tx,0x6dcb4c37355ad8efbfc4f74039fd71e2e9a1b0db403436c775cb13250f6d1a6f,9481634,0x2B0CB429Fc489674e5B34D5d15E397cB351c5de7,0x5A25d1DD33e51A9F555FA5BcFe88AF075214b8d2,0.0,1.500000009,confirmed
2025-10-24T17:56:42.075961,ethereum_tx,0x1c97509df2cabc9cbffbe30fd81291c4e68104a321ddd52b30a56606038d680b,9481634,0xEbb572059363FA4FfF24781b24650Dc8ea74d33F,,0.0,1.500000009,confirmed
2025-10-24T17:56:42.075961,ethereum_tx,0x2996c2c67ccdcf629039e36e62d6e3331f0773faf9731bdd92db7146e27fe755,9481634,0x275825447F8D5C145F07ecE6Dfc08E3C0da5AbCe,0x2A4496bbC344414e3bDbE6a8E7c40EF007DAeEd1,0.0,1.5,confirmed
2025-10-24T17:56:42.075961,ethereum_tx,0x107acee9ec1def44528b7dc42cee2c0c08d1fc7760167c049cb4392b8a668713,9481634,0x3965173254Ee7060b34f96e083046fbEf43CBC60,0x57c5dC670eB6f571bDD8Fc1CF178c46c9A917A74,0.0,1.5,confirmed
2025-10-24T17:56:42.075961,ethereum_tx,0x46a9ec0a41df6807e41f0881a913ce2200cac9f90e29ac8fe4f941fa72698d65,9481634,0x84C3c55bA04480fdF4f3f5B565c5be8Abe0E0B95,0x1c157AC262bB571F01b7b4A52627A39b9B35eA48,1.16e-05,1.5,confirmed
2025-10-24T17:56:42.075961,ethereum_tx,0xff8dcc1abcedabeab30c4ae319023611f54f5284ed18fd9c962ede5959e5e279,9481634,0x3c028d92813AD43Adf3831ac1106E544A94Ca1AE,0x2A4496bbC344414e3bDbE6a8E7c40EF007DAeEd1,0.0,1.5,confirmed
2025-10-24T17:56:42.075961,ethereum_tx,0x672152cf144fd3d293a0dae86ef392bfcbb6e141e09eac62f1869e691b21cdef,9481634,0x6DEFf02001A86f794886e9140bBFC126d12707B0,0x57c5dC670eB6f571bDD8Fc1CF178c46c9A917A74,0.0,1.5,confirmed
2025-10-24T17:56:42.075961,ethereum_tx,0x9a34aca260f03f158b90fa700c7d9ef5ca6dabde98bd1ad166d46ad365ac6f42,9481634,0x6a95C6B532bedC6ffA9402e664Cb933f60511413,0x57c5dC670eB6f571bDD8Fc1CF178c46c9A917A74,0.0,1.5,confirmed
2025-10-24T17:56:42.075961,ethereum_tx,0xe1b7d8e1febf7c21ccccc0962deb950ecb0ec06c88df43ac06c3af7d1666b33f,9481634,0xdffC8dE4EC8B2c51597887a9f90052A6fC466585,0x2A4496bbC344414e3bDbE6a8E7c40EF007DAeEd1,0.0,1.5,confirmed
2025-10-24T17:56:42.075961,ethereum_tx,0x3bf3f33676c9d00b14876c91325cabe14e5acd24de64b0d889c20e1637effdc1,9481634,0x11c5E5ef18b48594C6a8f42Ca8c168b737c2C9a6,0x2A4496bbC344414e3bDbE6a8E7c40EF007DAeEd1,0.0,1.5,confirmed
2025-10-24T17:56:42.075961,ethereum_tx,0xf247f8fb25e5eb21786b4dd7f5eab9edadc05a74d9fb0280ddc181090e6f91f6,9481634,0x2f517FEbb3ec80a1b72155A19D3A542587a5f95C,0x2A4496bbC344414e3bDbE6a8E7c40EF007DAeEd1,0.0,1.5,confirmed
2025-10-24T17:56:42.075961,ethereum_tx,0x4edaff005ef61920708ca0b9887f4b978c69ad22a9988d78b966046b48e1a1d8,9481634,0xEA52e1330d19084008a28b9e3Dee42314706C532,0x00061188fd428f9B615Ff9664442126E847c3418,0.0,1.000000009,confirmed
2025-10-24T17:56:42.075961,ethereum_tx,0xe7cb1c6fca2eb0381242cb7ca02c0a036659849398638ffb2a1ab10f0e8bf3f4,9481634,0x2909931cb6AB1fBd24cA1743dF69cC9b2f2aA703,0x01dC0958F31D391282eca7A54fc8943d231AEE9F,0.0,1.000000009,confirmed
2025-10-24T17:56:42.075961,ethereum_tx,0x0f13e3ec37a9d6c742d56c916ca0cde7d66e7b3652ec61901674ac2adf4ae25b,9481634,0x8e44b28faBAFa0a01bf026C7AaB73eDD39699123,0x1AA8FE6696C067C73b6437d069E01CdEE41665f4,0.0,1.000000009,confirmed
2025-10-24T17:56:42.075961,ethereum_tx,0xd67276d4614105e3f1eaad693f80b9bc5f2eb3de6a1c95832f8e6c61077c5c27,9481634,0xF6FF6C8cA01E3A8E79d1dbFF7CE77665Cb30CD88,0xEFDf7eE23a53cf38a0A1b3C21a8230f3037BCf92,0.0,1.000000009,confirmed
2025-10-24T17:56:42.075961,ethereum_tx,0xfd0890fa3cf5c4ad2d5cc89a4c39e2d6be69f9fb40c59aa09306c64c4cae0e2a,9481634,0x49180059AF02dB7660A3d09d7796459b0F181a69,0xFF3108624ddFd2f18F41Fb62ccbBcdC3b1d6e39f,0.0,1.000000009,confirmed
2025-10-24T17:56:42.075961,ethereum_tx,0xfeaf44749428fca920b917ce313b4a7ac19e4440347d0ad08cee4ec33731e9eb,9481634,0xA585307640E0b3cb1a72F6ad8E1Cf28fC427936e,0x00B70ea669AAf6803f8FbC064C347B2dc60dc6c6,0.0,1.000000009,confirmed
2025-10-24T17:56:42.075961,ethereum_tx,0x801d7ba6d46aaab3f384ab8e2349ff64ba1e0d2360c9b510e3d01efff7f4b2ab,9481634,0x251B0Dc2f8dE5017423674Ba9A15dEfe0ba07F04,0xF24ad7ebbe408558e5CD84Fc15bA8E3430D202e3,0.0,1.000000009,confirmed
2025-10-24T17:56:42.075961,ethereum_tx,0x372f2471fdb8427dd8d0ba44f4ed1ffe55efdb87c9e563d76d27ed8c4771bd3a,9481634,0x760E339B5fA3280811F0488f18F4E133E12d27af,0x13c54ce889F3ae7c78F35aE9a73798F85C33c0D4,0.0,1.000000009,confirmed
2025-10-24T17:56:42.075961,ethereum_tx,0x040868b6dd82453979839e1036cd574f3101a1b0ef1d60e17690f010a03ce39a,9481634,0x001C124488545022f32c963CAFA2CEf7fCb2796F,0x5627B89Ec33CEce4D22Cf99d6C775490de31d18D,0.0,1.000000009,confirmed
2025-10-24T17:56:42.075961,ethereum_tx,0x3cf5ddf70a3776b98881e596f6cd122271b28247452d61bb771f24dbcca1837b,9481634,0x2FdB93b96A5ECaEE0ca930E0DF345fD248f7A797,0xfD3B55f8307A7c8BE6Aec2a4bEaAC1928Ed46BB2,0.0,1.000000009,confirmed
2025-10-24T17:56:42.075961,ethereum_tx,0x3aa88b2c2579a3c0c6ca6bcc006cb7f7b7961bd720b6198f14b014110cd271ff,9481634,0x9B299bbc077407486BE6A13621736679b4903e41,0x77F12241D25e0fA2582348e3Df8d6decffae3006,0.0,1.000000009,confirmed
2025-10-24T17:56:42.075961,ethereum_tx,0x87ff8f1168f09596f7d131fbc379b231d2a3e3250044cd633eb18ebfbb238aaf,9481634,0x4A4AFB35557608A7470C9da71F387e9933A1Cb4e,0xeC3EE228c6287a52CEd04B4521e61C3DBA106648,0.0,1.000000009,confirmed
2025-10-24T17:56:42.075961,ethereum_tx,0xc413ceee4a68b2daaee1888dfefc4578c977ff2e207bacc27c550c6191992c66,9481634,0x0204523dCC4436bb7d02962b5387981035F39120,0x914418c795Bbc3dABB5Ed665c79eE270F345BCdd,0.0,1.000000009,confirmed
2025-10-24T17:56:42.075961,ethereum_tx,0xef73fc7c829a26d41dff857d91b26aa0ce4cb7df4e62925c6135eeb110db2551,9481634,0xb2248390842d3C4aCF1D8A893954Afc0EAc586e5,0x6c97864CE4bEf387dE0b3310A44230f7E3F1be0D,0.0,1.000000009,confirmed
2025-10-24T17:56:42.075961,ethereum_tx,0x669ebb35a1083039821392b8044df4c291f62c0ac92885b692a5d9961a3745a2,9481634,0xc8E400FE8594e3AA7332802F9c51109BcBD488C5,0xFf00000000000000000000000000000000048898,0.0,1.000000009,confirmed
2025-10-24T17:56:42.075961,ethereum_tx,0x1bbc1957cd57fdd7b40a4a2b4cd620e0f03b385549e1f927ad6408f2013d2cc6,9481634,0x3B18fCc02b39e54FCF91030A3587EaB09005a9Fd,0xf993E10C83Fe26DddFc6cb5E82444C44201e8a9C,1e-06,0.020000009,confirmed
2025-10-24T17:56:42.075961,ethereum_tx,0x470b5cbc4f91bfbecc45ad2374ca6484e66a63741b4a6a24be7fb48a7c0a6497,9481634,0x04E0f92aFa81a33317Df30370EFC318FbFC77554,0xf993E10C83Fe26DddFc6cb5E82444C44201e8a9C,1e-06,0.020000009,confirmed
2025-10-24T17:56:42.075961,ethereum_tx,0x49f37f63a04724bde4296c7c3934b4ab870c37da3fef4fd31312d0d81dc48b51,9481634,0x59d8ac752e5CE7B849aC429647fb9eAa9365E0bA,0xf993E10C83Fe26DddFc6cb5E82444C44201e8a9C,1e-06,0.020000009,confirmed
2025-10-24T17:56:42.075961,ethereum_tx,0x302702a0f846e19d362555fc3616372df2e60843e036d384a2ff81f986c5b7ad,9481634,0x53373eC58Cd3D28bd3f00458A00E948366957c52,0xf993E10C83Fe26DddFc6cb5E82444C44201e8a9C,1e-06,0.020000009,confirmed
2025-10-24T17:56:42.075961,ethereum_tx,0xc90f1e6ed55a7598c59bad8340cdbda61b776809bb1847a46f8dce389b2b340d,9481634,0xb3a1956Cff1ecc8054B81b0C83b9847CB71384b8,0xCf8EDB3333Fae73b23f689229F4De6Ac95d1f707,0.0,0.003378517,confirmed
2025-10-24T17:56:42.075961,ethereum_tx,0x15ff09be4019bdaeedefb27073cb9fdad86f0cd05bafc9d2645773f7097e84c6,9481634,0x4337019d937EbCbD73Dd750072d86C1CE664B350,0x0000000071727De22E5E9d8BAf0edAc6f37da032,0.0,0.00320522,confirmed
2025-10-24T17:56:42.075961,ethereum_tx,0x34b06910b56ac9bbc8555130311abf4ed8502856150b2bfdc94499e3d8826fac,9481634,0x4777B3a45c29E93e9afcDE7AefF5d35cabCB2323,0xd82F42477B6A1D8521866Cbf394e75eC3136CE7e,0.0,0.002000009,confirmed
2025-10-24T17:56:42.075961,ethereum_tx,0xc38b38b8f6e134cf448a1733179a14ea721032f9d6fbd11742bfe886454e7668,9481634,0x83fdEEFdDc2bb45ABE2f5285E87a44f26541d426,0xcA11bde05977b3631167028862bE2a173976CA11,0.0,0.001500009,confirmed
2025-10-24T17:56:42.075961,ethereum_tx,0x5dca00fef7bada0bb531d991fc87de979578e53e17225bc6524994f47fd54e0e,9481634,0xE4765a5D7335DAd51b3058d0b8eDeE540D149a21,0x83458E8Bf8206131Fe5c05127007FA164c0948A2,1e-18,0.001200009,confirmed
2025-10-24T17:56:42.075961,ethereum_tx,0x2bfc318b4cdeee3739c07cd037c5ea1ef0ecdfe1e9869223989114ddffe2a198,9481634,0x9A37Ab2eE598D00918db33F85fcf165cA55e7f1a,0xb5A49949C49dEDD852F9f0f419b17aD2785032db,0.0,0.001100009,confirmed
2025-10-24T17:56:42.075961,ethereum_tx,0x24b89702d5a355836001604f9d25ed89d8434e20fcf22849002625030048b039,9481634,0x0AEEf4CBE163b427fb34D7B81d5e631d27cCc182,0x3eDF60dd017aCe33A0220F78741b5581C385A1BA,0.0,0.001052641,confirmed
2025-10-24T17:56:42.075961,ethereum_tx,0x68b1c4e89899ad748654f3eee6ca2e46df331ad343caeccbad6e1329f59beed2,9481634,0x3064af4F4A2E850f4677002d834B7D044291fBa8,0x2c02c4F3DB094788bdb60C093D96F834F0FB4bcE,0.007585636213796035,0.00100001,confirmed
2025-10-24T17:56:42.075961,ethereum_tx,0xb6df92f3304c6b480611b4f9f5bf637104819a464f5e010c62d898fed3b94545,9481634,0x1f9162aDf495696C72Be2473e62C51B7B6fd2E50,,0.0,0.00100001,confirmed
2025-10-24T17:56:42.075961,ethereum_tx,0xa7bc872224dfe9d6491518bd87a4875d4843da8949af18890283b37ab09f7e0b,9481634,0x85d49b7d955c46aFeBD43533B93161E250689Ba2,0x3eDF60dd017aCe33A0220F78741b5581C385A1BA,0.0,0.001000009,confirmed
2025-10-24T17:56:42.075961,ethereum_tx,0x17ee3a8b6be991fe3333109ba1fb7b0b7f91d9b82a4f4a947422c83fbfcb5a35,9481634,0x491aE4A7bE91BB6b84232bAC79A9Cd5AB017E715,0x8f6E15d9A4d0abCe4814c7d86D5B741A91bDCC04,2.5627e-06,0.001000009,confirmed
2025-10-24T17:56:42.075961,ethereum_tx,0x435903a75bc69241722a74e98665ec44abd1537ede4094b59e2da9f316441c8e,9481634,0xF9b540ab0BEAe02d0a956F325E65545F0E467Cbe,0x83458E8Bf8206131Fe5c05127007FA164c0948A2,0.0,0.001000009,confirmed
2025-10-24T17:56:42.075961,ethereum_tx,0xb449b8164ee5f5aee0a4fb2edffd671822d9bdce0dc4b03535b045e3cce92946,9481634,0x247964E9730f283Ea23f29633a5A52532c2D954b,0xc4FD2580C3487bba18D63f50301020132342fdbD,0.000250012500000001,0.001000009,confirmed
2025-10-24T17:56:42.075961,ethereum_tx,0x07be06ed3c72eac6afa81ec4381b39d4e3e8b0db1d10fb10df5cb80392c72a3f,9481634,0xfe6323d0336D8e7BFb1Ce1dD8444580C25Aa6b8c,0x7215691F60C4fA7Bb82c5Ac44c7d57dc32bB0493,0.0,0.001000009,confirmed
2025-10-24T17:56:42.075961,ethereum_tx,0xd733790be0ac97b9d8e405a8205f3f1ce290c3ed71c3a655b6eb16e8890a9da7,9481634,0x3Da763C42E438eB17880fB6A83040d6cf13eF03b,0xFf00000000000000000000000000000000042069,0.0,0.001000009,confirmed
2025-10-24T17:56:42.075961,ethereum_tx,0xbde2f10fdd82556567a0957267ce621bda83b38822172abb7787fa4ec2f42eb0,9481634,0x7AC242f6246Fa1A59B2907833A8e11317b319269,0x853758425e953739F5438fd6fd0Efe04A477b039,0.0001,0.001000009,confirmed
2025-10-24T17:56:42.075961,ethereum_tx,0x3e685806481a1b32d9857412d44932a6c58e666515585372266a0931833b549e,9481634,0x33179D89192B89c6bdF8e7259425DdB58E21A068,0xC0215f0202418568C06b899F5E11245Dbf717802,0.001,0.001000009,confirmed
2025-10-24T17:56:42.075961,ethereum_tx,0x3a09f12417252c90663b55fd0bebad65ca1204e58c6bab9f008a1c9690f71011,9481634,0xBd43a92E3675e89AeF7bDED3C08387b40a5B91A4,0x588EbBB5C65B19Ee896Df828e783831e022766EB,1.09e-06,0.001000009,confirmed
2025-10-24T17:56:42.075961,ethereum_tx,0xbddbeec5d22da5c4ca4181111c3530c2f8eb25903a8652b94a115fcf65deef20,9481634,0x110695d93d351d28a4bF5729cB9D8e3aD28614C3,0x2c02c4F3DB094788bdb60C093D96F834F0FB4bcE,0.000503150304657,0.001000009,confirmed
2025-10-24T17:56:42.075961,ethereum_tx,0xa27e13b1f6a0a543fc20c251c796937bd0df592033028369495191aa67563b16,9481634,0x0A1E250E4F6FcC0f47E9aff0cFD5E58459A5629f,0xE3e52c9A4820F278A5EdadeD49A4e220616A70e1,2.499999978999811,0.001000009,confirmed
2025-10-24T17:56:42.075961,ethereum_tx,0x4dbea34882ceda4ca95debd725fe3b6809fe85aca7df5d7460a0ce5d12247ab1,9481634,0x2BFaadCa3865BEf692e68B16A3A655bB3167e004,0x358e500d87F6d4630a8bF2fBDA09298C0873DA18,0.0,0.001000009,confirmed
2025-10-24T17:56:42.075961,ethereum_tx,0x04d544c22809c568a001525e48ce591dc0ffaafdbda7525350b3eca5ffa994dd,9481634,0xBcBeCfbc3ea018A51c892889AD50a9500F279533,0x03C66CB1826BDB0395BF31E68Bf7E873e9564fFB,0.0,0.001000009,confirmed
2025-10-24T17:56:42.075961,ethereum_tx,0xff568bbeb59694ab94bdfa05f44314ec586d52778f40bef2682b33e87fb29f31,9481634,0x15391181943fF4B1305571411ed6ED05D21d9CC0,0x0000000000000000000000000000000000000000,1e-05,0.001000009,confirmed
2025-10-24T17:56:42.075961,ethereum_tx,0xae6816d75ff6ab56c6e48b85a14af03f97c21b44148b33fab0e6c26d39c68295,9481634,0xb2364dDe3efc7E1e88d474fAa1DBBC46566B03dC,0x853758425e953739F5438fd6fd0Efe04A477b039,0.0001,0.001000009,confirmed
2025-10-24T17:56:42.075961,ethereum_tx,0xc8f5b4147aee0d7651d523d22b471e12569aea064b8ca35338b627f20aace46a,9481634,0x95294EC1E35FD003543368e46820134B215b8D18,0x03C66CB1826BDB0395BF31E68Bf7E873e9564fFB,0.0,0.001000009,confirmed
2025-10-24T17:56:42.075961,ethereum_tx,0x0c7fb87356e9aacc3e3d2dddac9c0dfc8764a43e87df3dd743cb3963074ecf0b,9481634,0x37Db3700E4a9c28871a29865D981Ed01786776De,0x03C66CB1826BDB0395BF31E68Bf7E873e9564fFB,0.0,0.001000009,confirmed
2025-10-24T17:56:42.075961,ethereum_tx,0x0d2917668c2ff7e8359d7d4e4eaef14ef83f503b73db5533715818b148d14329,9481634,0x79f8892bb6956A424cbE0cFcfef4a7A447aF3DBe,0x08d2b0a37F869FF76BACB5Bab3278E26ab7067B7,2e-05,0.001000009,confirmed
2025-10-24T17:56:42.075961,ethereum_tx,0x51d54d89e77d85b48899b78284d0b3fb900a90720bf55277eccdfaa4e4adf054,9481634,0x9Ebf981D16b37A48bA5557588c1DC3Cf21f480dF,0x2c02c4F3DB094788bdb60C093D96F834F0FB4bcE,0.5691419097368708,0.001000009,confirmed
2025-10-24T17:56:42.075961,ethereum_tx,0x41968b8d38bd4a49c6f41e9f3c0636355e13dcf402d2cf582d5d16cd82d438f1,9481634,0x4FEE7321Fa70A61Be638CD43002321d92242324B,0x3eDF60dd017aCe33A0220F78741b5581C385A1BA,0.0,0.001000009,confirmed
2025-10-24T17:56:42.075961,ethereum_tx,0x71ac0c2fbfd4ffe0e48a5c8a898449baa5ef82f6d3a8cbc00f383ab11f804308,9481634,0x976C95e6fE5D39e0b1daB5Beeb927Fe849418607,0x08d2b0a37F869FF76BACB5Bab3278E26ab7067B7,4e-05,0.001000009,confirmed
2025-10-24T17:56:42.075961,ethereum_tx,0xa3403bde41bd603bcffffe0df3546ab24a0b70fdd94180f73760e99ac2a392aa,9481634,0xFd963cec31D08D4a1A2Af5A12d0331ec8ee431c9,0x03C66CB1826BDB0395BF31E68Bf7E873e9564fFB,0.0,0.001000009,confirmed
2025-10-24T17:56:42.075961,ethereum_tx,0xacc9d482bfcd47a39b3bbc40d8c4758f6071ca6235872d7cc37b18143b1051e9,9481634,0x0B0e2673A1CE96a115c2c53e1304eD4640294856,0x08d2b0a37F869FF76BACB5Bab3278E26ab7067B7,2e-05,0.001000009,confirmed
2025-10-24T17:56:42.075961,ethereum_tx,0x0702a6bbf102d53a36bcf411ffb2021904f1facd418e67c68f4899f3f711ab81,9481634,0x0B9428f89c91875E39c1951e68Ab38593B870Cf2,0x8bfE61eEDF24094F6832BD2E01FD3b8846b96B7c,1e-08,0.001000009,confirmed
2025-10-24T17:56:42.075961,ethereum_tx,0xc00415a48350cb860ed188a9f65cf56afe12673d2722fa887f484961c4326754,9481634,0x23048C76e768DbC6ba822daF9BCe3c683d59ff33,0x03C66CB1826BDB0395BF31E68Bf7E873e9564fFB,0.0,0.001000009,confirmed
2025-10-24T17:56:42.075961,ethereum_tx,0xdbc6b1277c31798f5900ff7de0b4390ad075ab326a81b49f2bb402602b4b2700,9481634,0xCBd5c3920e009C6f73778D7646b61410aD109213,0x03C66CB1826BDB0395BF31E68Bf7E873e9564fFB,0.0,0.001000009,confirmed
2025-10-24T17:56:42.075961,ethereum_tx,0xb4a091a4f7dee6266e09abd95b74c7822f9f036af33f5345426d37f77fae90a4,9481634,0x771310A8815c57a264d73bDbfcD244ADcd6423EA,0xd19266511b148dFB930aD356d243FCB68Ab3922b,6.3e-06,0.001000009,confirmed
2025-10-24T17:56:42.075961,ethereum_tx,0x203fdd5b61930a71390dffd8c26c1a2e7e1828b9c8a846a29e2066a133c344b9,9481634,0x0F0A148e270491f7ebf358EF749b4c820A53a08E,0x03C66CB1826BDB0395BF31E68Bf7E873e9564fFB,0.0,0.001000009,confirmed
2025-10-24T17:56:42.075961,ethereum_tx,0x9fc198397c81e531e6c780fdd289a763737d78234160494456269308695c89ad,9481634,0x1fFD7C562335D06D5439E40Ca3d5c04a708B63A5,0xEA0A0f1EfB1088F4ff0Def03741Cb2C64F89361E,0.0,0.001000009,confirmed
2025-10-24T17:56:42.075961,ethereum_tx,0x89b298dbbabf3fefa5c781ce682a074f61b55bbee5b0dc9d378b909f1a6df491,9481634,0x89AdeA40273E7744F87C883177591A1F0af94Fd7,0x3eDF60dd017aCe33A0220F78741b5581C385A1BA,0.0,0.001000009,confirmed
2025-10-24T17:56:42.075961,ethereum_tx,0x98081d14525cb38b6add094a1c9e35204c263b0932fe1e5fee1a8fac8876714e,9481634,0x28B2b7f94Ebd6b954e5651EBb7519CbC5fe4593e,0x9424E2AFaa056417555772D3f67d2152C57135E7,2.19e-06,0.001000009,confirmed
2025-10-24T17:56:42.075961,ethereum_tx,0x958cbf32539fba7d8b4ebce89bdad2a454e5b6d5af07573f9682c164e282044f,9481634,0x0c73Cf87369Aea2924F8eF058a9870df5e0E4B80,0x7215691F60C4fA7Bb82c5Ac44c7d57dc32bB0493,0.0,0.001000009,confirmed
2025-10-24T17:56:42.075961,ethereum_tx,0xd4a93f1f3627c920fdb09f31815c074667b64d50f9061ea0e05a80496cbe8682,9481634,0x266A1C248D62D835ac300A8BD2eACfF3EC6982CE,0xC89004a702E60F6BbF5422888c79232A6Aa33A23,0.0,0.001000009,confirmed
2025-10-24T17:56:42.075961,ethereum_tx,0xa279438b0052ac384046d466f410789583f34de00fefc81038cc4910b77a691c,9481634,0x654820724F55B31Cb037D8c0cD57Ec0ef811729d,0x2c02c4F3DB094788bdb60C093D96F834F0FB4bcE,0.19994755386743737,0.001000009,confirmed
2025-10-24T17:56:42.075961,ethereum_tx,0x10e80b012efe0dd376e5addd2cf9b3492d2542ae72bec1888d86434ef7962059,9481634,0x860235D5Db42eF568665900BBD6bA3DB2fA4f33f,0xd0dbB2486e3Fbf371D1B2e35Fa330bef6529d2f4,0.0,0.001000009,confirmed
2025-10-24T17:56:42.075961,ethereum_tx,0x636d0045c09d0db034bb5fd37829b70035c4aeb21ee5962e85ee2e39ac505946,9481634,0x7d72092ED1dd820bBF0bD8E57dc21c5f4E7dD25D,0xf5E9337fa1E2CC3A643EE8B368dbda61b3118365,0.0,0.001000009,confirmed
2025-10-24T17:56:42.075961,ethereum_tx,0xbd7bf2db6c11e19e03e85e942230c4b0c588b5d72049b842bff1d1222b6a033a,9481635,0x8BE4f8A0dfdB5cfda789a7F42F3a63a219509a83,,0.0,1.5,confirmed
2025-10-24T17:56:42.075961,ethereum_tx,0x0c50f99178e51635bcbb95320c9e28cb49593abf333ada4acafb6afb748ccd38,9481635,0x9F89028846333e81AeB5755DbB06b3AA1177fd06,,0.0,1.5,confirmed
2025-10-24T17:56:42.075961,ethereum_tx,0xdf6a524bbbacee7723220f7431b03f209693b3ca573a901babbb11816ae225e1,9481635,0x12ecaA58096e08343C9a0F128f9ad6e0f925151B,0xcA11bde05977b3631167028862bE2a173976CA11,0.0,3.000000009,confirmed
2025-10-24T17:56:42.075961,ethereum_tx,0x497f411bb2ec81c10c2f79691392feeacecdfe1a8554179aa87ab51061ce2edc,9481635,0x385471F0435078E960F9E57921F47Fc43a12F9C7,0x7cb512008ECD844FCab522d1F8683aA6a8Dd075B,0.27,1.500000009,confirmed
2025-10-24T17:56:42.075961,ethereum_tx,0x5815682a078de290dee9055c02df6152fb9554f924edbce48e0d0925968b3813,9481635,0x7E0f32d2Ea8AfE3eDD67E33dccaf1A01BdEcCE6f,0xd82F42477B6A1D8521866Cbf394e75eC3136CE7e,0.0,1.000000009,confirmed
2025-10-24T17:56:42.075961,ethereum_tx,0xdd8673f0571705ebfb1bb42aebce1c9fb72587a4b7fa6eb22b667ab8b1edd4db,9481635,0x7fAB555c17a0A8989Cf30CD41314F3eBA4A9dDf4,0xebB6e00dDf6D776dD1F0BFb17546f9696D17Bc70,0.0,1.000000009,confirmed
2025-10-24T17:56:42.075961,ethereum_tx,0x420ccf7d18168f37fd0aca6d6337dfd2d90d8b269b8c688fec0a8600f6dfddaf,9481635,0xB70C8Ba967B7c4d26661D1cF29d520651A97Dd3f,0xf0Fa075C4Eb42a5ffC32C384fBdf6b01324F1cDa,0.0,1.000000009,confirmed
2025-10-24T17:56:42.075961,ethereum_tx,0xf4503c32c2e756d5348f833fb61ab4cde807cd015e198b24859ba1815854154f,9481635,0xB3A4e46b180887e27ea1881CF7A413775210440E,0x025Ce546F76B2C4632E07742492dA1cD843df3d9,0.002538,2.500000009,confirmed
2025-10-24T17:56:42.075961,ethereum_tx,0xc360d3ae12cefb214cfabeeeed78cdd4098220c59bf76a46ff61786ffa0be944,9481635,0x018Ecd0cC400C083a74E44a69056D82Adb089F41,0x5e60a4e290DF0439384D9Fdb506DE601F9D4B038,0.0,1.500000009,confirmed
2025-10-24T17:56:42.075961,ethereum_tx,0xa89ec38497c71006f4bb88ff59d2b601d6114b2cc0a22656c2d3545389fda269,9481635,0x591DcE64a500d4a05749382a35C7737A325a3c33,0x1E4299F7a19597E09bD8593AB7B68277183e9778,0.0,2.000000009,confirmed
2025-10-24T17:56:42.075961,ethereum_tx,0x2c394a664960c6484c490d328d855052073a022f48f68a875cf346cf90fb5e55,9481635,0x82b961d4F81D43cbbB136D8ba7Fd409f0C332f01,0xc6255a594299F1776de376d0509aB5ab875A6E3E,0.0,1.500000009,confirmed
2025-10-24T17:56:42.075961,ethereum_tx,0xdbaae8ebdd8b69fb38987b28a49841effdf71c3ba895f4f132b31aecf0c53703,9481635,0x319dd63E0AC72e7Ac74443029d074032c043460F,0x08210F9170F89Ab7658F0B5E3fF39b0E03C594D4,0.0,2.000000009,confirmed
2025-10-24T17:56:42.075961,ethereum_tx,0x974a7f1b74bc95e023e9f6e8e12de960cdee65ef239246370f3cd1803bbad22d,9481635,0x49a2F09A0C59f425A0b9958549FEB2Af5d8E2518,0xb3211A8BAC7d286070251a9B9E5Dec8bfc29B2dE,0.0,1.000000009,confirmed
2025-10-24T17:56:42.075961,ethereum_tx,0xb6bffb33f84dd88a0dad715271cc7963e6d47f80beb680bc28359f22443c5d5a,9481635,0x3C95c2633296B264d051498C4b2e982EbB526A53,0x3C95c2633296B264d051498C4b2e982EbB526A53,0.0,4.1,confirmed
2025-10-24T17:56:42.075961,ethereum_tx,0x6b0eca9d0bbd75e6b03dd0f999a4073e1e5bcd08cbae20671204000f10ff410a,9481635,0x48BcB4065C0D9194aDa8EDd7FB3E6d8c8C5abBBc,0xBB478d897ffF53fC09a52Dade83032c612F48c93,0.0,1.000000009,confirmed
2025-10-24T17:56:42.075961,ethereum_tx,0x3bd4feb2bee524abefafcf37d11d7ba3b6e4ce3d2c922a1b2bb51dd2eb003044,9481635,0xaB697892ec5C0008589a8a64a557Eb68B53F72A3,0xe969c530D9bCb5Cc348aE1C1F19efa42EFb1CC1f,0.0,1.000000009,confirmed
2025-10-24T17:56:42.075961,ethereum_tx,0xaf1a1be11cd15cceaf78a99acaea3f51177d6fa94caa45abf505a0bb9f10ec97,9481635,0xf7D2cA359d0398DA4f020fc424863dF973f99267,0x860E97f2aCbCe1908ebC86Db411CAd5Fde50DD54,0.0,1.000000009,confirmed
2025-10-24T17:56:42.075961,ethereum_tx,0xa496899669c24a8e08048cb0a75b5f7f924befbcf958a1031bdd5c5cf1d36f1a,9481635,0x093802e0b4e736928EED4cf7Ed49c41f10f72C62,0xc6255a594299F1776de376d0509aB5ab875A6E3E,0.0,1.500000009,confirmed
2025-10-24T17:56:42.075961,ethereum_tx,0xc890e9623fed8b6517a56a4748872655b72cb90cc4c6e668520287a729862a92,9481635,0x33a89a713469327Bc0212965FE680Be5bdFa755c,0x57c5dC670eB6f571bDD8Fc1CF178c46c9A917A74,0.0,1.5,confirmed
2025-10-24T17:56:42.075961,ethereum_tx,0x6c3d3aa9c8fe87586c084ad224e9a3b66e9d6dc18f2bdb7468496ad1af289065,9481635,0xAbc18ad8b9f95d197c1a60455898a4F70e773b3a,0xedf4B1C6AF6520bb76826525adef7e0e09Af2c8d,0.0,1.000000009,confirmed
2025-10-24T17:56:42.075961,ethereum_tx,0xdbd0c78f373e70b6c2dd2165be2e96c069612556d3eceba6031ce43dd93a9641,9481635,0xAbc18ad8b9f95d197c1a60455898a4F70e773b3a,0xedf4B1C6AF6520bb76826525adef7e0e09Af2c8d,0.0,1.000000009,confirmed
2025-10-24T17:56:42.075961,ethereum_tx,0xf7d9e1fa546c8dcad23b450f461fa47cec3465a9e59399a00bb42abc085f113b,9481635,0xC5fD2d2b4a035735F03ddD06B0500bD8e2480715,0x2A4496bbC344414e3bDbE6a8E7c40EF007DAeEd1,0.0,1.5,confirmed
2025-10-24T17:56:42.075961,ethereum_tx,0xeae1047989536cbc9e6c0d8e020cb2a2ddab0e8638ccf63a1ae6cbde2083651d,9481635,0x37aD1626f2B9e343568098BA45232b2F479449dd,0x2A4496bbC344414e3bDbE6a8E7c40EF007DAeEd1,0.0,1.5,confirmed
2025-10-24T17:56:42.075961,ethereum_tx,0x61c1ad18334e408df7dbc6f538422c56fd9ae9b687601f281eff5bc07095c825,9481635,0xEae3e0D41321BCad56A94805135B0820cbce5877,0x2A4496bbC344414e3bDbE6a8E7c40EF007DAeEd1,0.0,1.5,confirmed
2025-10-24T17:56:42.075961,ethereum_tx,0x3ba77f52447128cafb15d17fe495c9d3592d1377cb6eeabe1014b631eec690fe,9481635,0x36a3F6085732B0835c7A1EE4A681361d57920671,0x2A4496bbC344414e3bDbE6a8E7c40EF007DAeEd1,0.0,1.5,confirmed
2025-10-24T17:56:42.075961,ethereum_tx,0xf778ed55929288fc0f6d6aa1f8975ef2f23fe67539fb54e1806c774750203823,9481635,0x353377083b7c8Dc2D88210406d7103f04cBE9Fd4,0x2A4496bbC344414e3bDbE6a8E7c40EF007DAeEd1,0.0,1.5,confirmed
2025-10-24T17:56:42.075961,ethereum_tx,0xad3078f264b56fe82924786ea67bdd2e2bb8014fe47b92083ff60c4986223fca,9481635,0x81D8061076ba0A19c110b5BFf2b9Dd03F8446aa1,0x9d2D950Ff3EE1B75875b8C0FA318644f437924C8,0.0,1.000000009,confirmed
2025-10-24T17:56:42.075961,ethereum_tx,0x541765d72e303e87e9e28476ea8cfb17d32f48f4499223b22243fe08872d1535,9481635,0x615E0671717121f54A741f5CEf5aB14d9E8f0695,0x0071679f8024e420A6E2138B2F3bAaA3095BC782,0.0,2.000000009,confirmed
2025-10-24T17:56:42.075961,ethereum_tx,0x53db62dec41b793db05810e93fbaceeb41acdb0832872cf363e3efd3caf8ed20,9481635,0x6Cc9397c3B38739daCbfaA68EaD5F5D77Ba5F455,0x48673D9fb6e257bc6bb94eB89C1E45a0282f712b,1.29592824,2.000000009,confirmed
2025-10-24T17:56:42.075961,ethereum_tx,0xfb6c2f312d7413648f1d64d9ea3afcf96efd5ef92b7fd374aae008ba3c24c0ef,9481635,0x05E7Bf2B70C33DCEDEaE8a04a521E73E12E2c982,0x698Ee584D5BfB09594b0dEf7625f784160B5750F,0.0,1.000000009,confirmed
2025-10-24T17:56:42.075961,ethereum_tx,0xe70831b78a8f6a3e82653d4f4a13c57ada2b5bfe1653fb807b13359c244615c9,9481635,0x31C226f971b5eC98Ac3858CE21993Ca9f53419AD,0xaBDb096DC3e094861a9F44f2D32fCd731121DEB1,0.0,1.000000009,confirmed
2025-10-24T17:56:42.075961,ethereum_tx,0x78d05de87346341dfc739c70dda3d78244d50395894a22b285af0cbba777fbba,9481635,0x551caC33C63eBb9F91CECF9e1D81C8Add97695eA,0x72FB9E3F2EC2952A4C0eA5A6219d5eA6fF71F496,0.0,1.000000009,confirmed
2025-10-24T17:56:42.075961,ethereum_tx,0x641a6f841ac683072fc86fc494919264dc33c8c4ad9a4cd1225f15aacefe13bc,9481635,0x70d00d4364b45b43AEa3e6F14B59CDf9804845cF,0x2656fbd3f151c94FA25cffF39640D07C24161E2a,0.0,1.000000009,confirmed
2025-10-24T17:56:42.075961,ethereum_tx,0x4c94b54eade838747d800002fd1bd68a2275f8209c450490df2451518d90e045,9481635,0x06F5C815679E1323c87791bEC055Bc7afaEF04AB,0xb109853E5a38Aebd90a5aaAaa9f59f7B8C3882EC,0.0,1.000000009,confirmed
2025-10-24T17:56:42.075961,ethereum_tx,0x49aea9d1cc7a7a01d1a3018a1e54fd4c5fe05c4d009a51b77f5dd414307f7e0b,9481635,0x7e44215dB97d1dA208e05164d7821022fd853C0a,0x8a8717090Ad82fC8f7e8ac5755376F880e2Cb589,0.0,1.000000009,confirmed
2025-10-24T17:56:42.075961,ethereum_tx,0x41c440c884f9b367c4798c7d80fcb6424f550882a185543b956f3fb2628f420b,9481635,0x13a021dbD56A6E8f5a74386e7637aDFf476a825E,0x505C5A460e1FA57c0Dfe06dB71559083B957Ec98,0.0,1.000000009,confirmed
2025-10-24T17:56:42.075961,ethereum_tx,0x040c2d8d0920849a14b64c5186aeba8b035323e885c3afe3a7b5f2329a8245e5,9481635,0x0a3eF2f39aa6acA5609C2454dfBA39e3FDFc0E92,0x9251C784E888A3B9E6803F540e0ABd315c7D4604,0.0,1.000000009,confirmed
2025-10-24T17:56:42.075961,ethereum_tx,0xd6190d18e39698e2453e894f3d7ed18cef76c3b44dded81cb9aa6502ca027bec,9481635,0xa12F1B482018954d69F66Eff23244Ef49aF7Bcb5,0xBC04d69Ecd7890699b2BE7924eA86474e15098E6,0.599968499999895,1.500000009,confirmed
2025-10-24T17:56:42.075961,ethereum_tx,0xc107780b16cfa0e6c625279946a92e243e4f0e8a09ab2d30eed99a495ed3e29e,9481635,0x505EE5a07168886407B4E0230A2daBa4Fa1c1483,0xa7129849B4144a199DFE273068471FC405F61F7e,1e-05,1.5,confirmed
2025-10-24T17:56:42.075961,ethereum_tx,0x25472fd10d9e3d4b3e4158b6336ad5ffe454f6f646e202b9f13b8ea4d3be094d,9481635,0xF0FEd0C0192539a1076d8BDa1233f414704d98Be,0x00D22efF04CF7d0f5A355A6D9A06E43120398dA6,0.0,1.000000009,confirmed
2025-10-24T17:56:42.075961,ethereum_tx,0xf2f5f6b8c509398a0e0c509fa44d4fe3b0c7520375432b94df3229b931dff9e4,9481635,0x71efcD475724Af63B5A94869A038Bf67e34AC26A,0x7b79995e5f793A07Bc00c21412e50Ecae098E7f9,0.001,1.0,confirmed
2025-10-24T17:56:42.075961,ethereum_tx,0x60beacec16f7e66d1d422e142102761a9ec823874886b915b0eb3bc426220d18,9481635,0x53646D2A54dF1dcA4Ea2Ac66A6279f91C976dF56,,0.0,0.020000009,confirmed
2025-10-24T17:56:42.075961,ethereum_tx,0xf863ce9ce750a902d462fcba997f284d58f5492ccc88155e050da7a614c1eb17,9481635,0xD6f7F5b882CDEe6b9fBB1A658b8Cce53A7c84Dc1,0x0011891A6Cc29226B06fD6b4f709cc2012736bc1,0.0,1.000000009,confirmed
2025-10-24T17:56:42.075961,ethereum_tx,0x54b4e9aeec8269767bef0a676d974a2201ae38ea779a3858295aed56054b0be5,9481635,0x6d95AbF89c16Bb1682DEa4b31C85e311D569567e,0xEa1499503adDDC74Fc284a5707D29bCAc8cd48ca,0.0,0.001000009,confirmed
2025-10-24T17:56:42.075961,ethereum_tx,0xbbbb02f38c224446316aa9483a4736c8c09825577a888a49466ada420d290aa4,9481635,0xE6aa935c35f032689588F2342F557Aebe49188aF,0xf993E10C83Fe26DddFc6cb5E82444C44201e8a9C,1e-06,0.020000009,confirmed
2025-10-24T17:56:42.075961,ethereum_tx,0x92a4970f649d71e24c8fa3138117d23802c16b4ab85cc4b14b3dc7a0b42dcb06,9481635,0x4247b80f8863c81D03113A0d83c27a0295112c26,0xf993E10C83Fe26DddFc6cb5E82444C44201e8a9C,1e-06,0.020000009,confirmed
2025-10-24T17:56:42.075961,ethereum_tx,0x6fe039cf736b4ef99e7377189272bedde8f41734ae72ad7efe2002c8f7eab8b4,9481635,0xa90Bb3DEC360EAc9ddBFBAAeAc62404A4E7a970b,0xf993E10C83Fe26DddFc6cb5E82444C44201e8a9C,1e-06,0.020000009,confirmed
2025-10-24T17:56:42.075961,ethereum_tx,0x0a631055cdcda3ff2fcba84e0a0c0a911c23e1c6a4c83360bed6d65769c10a4e,9481635,0x15e6a8564FFDF67b0124d5028a461B965157aEf4,0xf993E10C83Fe26DddFc6cb5E82444C44201e8a9C,1e-06,0.020000009,confirmed
2025-10-24T17:56:42.075961,ethereum_tx,0x280089b239efd629c591a3ca48704961cb0848b97af4787cae6f553b3ddd797e,9481635,0x1f9162aDf495696C72Be2473e62C51B7B6fd2E50,,0.0,0.001000009,confirmed
2025-10-24T17:56:42.075961,ethereum_tx,0xdb51aba325e66b368bbf4e5e36728c096ab8ace85bdfb82ef428528b009dfe8d,9481635,0xd775e2661613Aee7a0b196245E0e4F2CB41D653C,0x87A3effB84CBE1E4caB6Ab430139eC41d156D55A,0.0,0.001500015,confirmed
2025-10-24T17:56:42.075961,ethereum_tx,0x6cbf43a04c3a37456a49cba15d345ce577141baca24f3a9ce1a704d030b60541,9481635,0x6d7927C0D236388319864007681BC0C6b844Def8,0x12e1181a741b70BE6A9D81f85af3E92B6ba41897,0.0,0.001300011,confirmed
2025-10-24T17:56:42.075961,ethereum_tx,0x32d617511ac29ded0dbb81058b9aa9dc3adc85c32f398c3f70bd78b790d488c3,9481635,0x00eAB27B88F94acB17474D16663C9360e8C9782D,0x70b1CD25Aa1DEbEf2BCa0eDbc11228C5EB4dAD0F,0.10390362967204009,0.001000009,confirmed
2025-10-24T17:56:42.075961,ethereum_tx,0x5932b5a358233979329c94bd91c4ab5883b09961ce2e9e569d443d3d86458776,9481635,0x85d49b7d955c46aFeBD43533B93161E250689Ba2,0x7215691F60C4fA7Bb82c5Ac44c7d57dc32bB0493,0.0,0.001000009,confirmed
2025-10-24T17:56:42.075961,ethereum_tx,0xf01feec139a5f120f614f75f74e4c2f15ed61942ff3b8efe38e3e95b2b6dfaa7,9481635,0xaC2841635e4F8e6E4cde60f131673c27ee9633b4,0x87A3effB84CBE1E4caB6Ab430139eC41d156D55A,0.0,0.001000009,confirmed
2025-10-24T17:56:42.075961,ethereum_tx,0x1328186680f08774a0b5fdbef0ace021baa9b6f10e30f643752d4ab77ebdd012,9481635,0x4337003fcD2F56DE3977cCb806383E9161628D0E,0x0000000071727De22E5E9d8BAf0edAc6f37da032,0.0,0.001005872,confirmed
2025-10-24T17:56:42.075961,ethereum_tx,0x865eaf7fd25502638f73acc2c34d464903b0213d9f8a4e1ca58018dbf3d6bebc,9481635,0x2D1A477e22F93b66F70a781D1f6aB73C3a62f09b,0xA73aFb610aC79A729A393D679029fCf9618854AD,0.0,0.001000009,confirmed
2025-10-24T17:56:42.075961,ethereum_tx,0x02aba2110194ef6947939dd400945f4a7be9f01c3cfb0c99e7dafd0f329d3db0,9481635,0x2D1A477e22F93b66F70a781D1f6aB73C3a62f09b,0xA73aFb610aC79A729A393D679029fCf9618854AD,0.0,0.001000009,confirmed
2025-10-24T17:56:42.075961,ethereum_tx,0x12dafbcd8ba3ba37ac3deb2a2bf1a81985c428e4afd97f132452fa9b98366734,9481635,0x4BA56bDa2009816e260921970041d6Eb005D7272,0xC764A997C86dC22B50Eb637626e3f46bfd82534A,0.0,0.001500014,confirmed
2025-10-24T17:56:42.075961,ethereum_tx,0xfad7fa1f4e451eb14335f32b115db971dbd5df7621a628ff4582e86e68abde77,9481635,0xb3a1956Cff1ecc8054B81b0C83b9847CB71384b8,0xCf8EDB3333Fae73b23f689229F4De6Ac95d1f707,0.0,0.001267406,confirmed
2025-10-24T17:56:42.075961,ethereum_tx,0x115d8363f1f20e91c50562d811cbbb68420eff970cd67381828c2afac77b900f,9481635,0x61d8838f9A00250C9AF13D622DA7c08c372ee587,0xCf8EDB3333Fae73b23f689229F4De6Ac95d1f707,0.0,0.001267406,confirmed
2025-10-24T17:56:42.075961,ethereum_tx,0x97ae21e1798a713b7e127dffb40e1ff3f1fa7218ae38b6cc3a811b334c1f7042,9481635,0x5d72984B2e1170EAA0DA4BC22B25C87729C5EBB3,0xd4116f515A6958da851080B390DDE4B81f408978,0.0,0.001000001,confirmed
2025-10-24T17:56:42.075961,ethereum_tx,0x98f7db25bc536d7953e078df2ed0e62ab6320b956f9168b90ad14d878fb3bbb2,9481635,0x1741EB7468A490b4A9BA6f4CC7A47B82EcD65c4c,0xd0dbB2486e3Fbf371D1B2e35Fa330bef6529d2f4,0.0,0.001000009,confirmed
2025-10-24T17:56:42.075961,ethereum_tx,0xd6cdc229cf5e525f6942718b93c8b2c9c7e09d11b6b4c73b45095f9ff8d1051a,9481635,0x49c36b3BEc6b6e0e77305273FAFC68f479630535,0xd0dbB2486e3Fbf371D1B2e35Fa330bef6529d2f4,0.0,0.001000009,confirmed
2025-10-24T17:56:42.075961,ethereum_tx,0xcf9040e43314c29f9a4a27fe8634bdf0af282c0bf230b1a9a739b489f790355d,9481635,0x1741EB7468A490b4A9BA6f4CC7A47B82EcD65c4c,0xd0dbB2486e3Fbf371D1B2e35Fa330bef6529d2f4,0.0,0.001000009,confirmed
2025-10-24T17:56:42.075961,ethereum_tx,0xc5d80f1a9f1151b38f3a3d20ae904014505db24d9085366c25b6d47e68c017a2,9481635,0x9d84f24065e86E7144175d712B30Df7eE94D4a90,0xa33216da8A8A6d6aEA6f0DB67f2a33a976aAA538,0.0,0.001200009,confirmed
2025-10-24T17:56:42.075961,ethereum_tx,0xdfc82c91a2f36729fc4c950122cb5a637e97f2ddb547ee1b74564cf4a31ee73d,9481635,0x40050b37378CA1f47a72e174595d2d8aE98D4263,0x2bc105F4aB8938f639e0fF7746db94f001011A7c,0.0,0.001100009,confirmed
2025-10-24T17:56:42.075961,ethereum_tx,0x091a655b6ccd8d2440f1fc5335404186a042cee7c21316d79485faa8f2833f6a,9481635,0x36a46774A3743641D4C274b385608Cb455B5B6b8,0xd0dbB2486e3Fbf371D1B2e35Fa330bef6529d2f4,0.0,0.001000009,confirmed
2025-10-24T17:56:42.075961,ethereum_tx,0xde21d9f75875b2ecc4e05ab4e2241b718b74b744357a90e9772ed5aca4ec23a8,9481635,0x03b71608C240C72ff52BC468746D34E7CA2cB2E4,0x956962C34687A954e611A83619ABaA37Ce6bC78A,2.8178831187732e-05,0.001500013,confirmed
2025-10-24T17:56:42.075961,ethereum_tx,0x037ce5e966fe03e149931e57ff979259f64c46df5b331084dfab6050a1abe8a8,9481635,0xc7fD27191Cc34f697F2872C4f597b6D719F611d9,0x956962C34687A954e611A83619ABaA37Ce6bC78A,2.050466166575e-06,0.001500013,confirmed
2025-10-24T17:56:42.075961,ethereum_tx,0x507cee09d76adf1e9dbc9954a15bf4ce14d35b7da2ab17f8e08ff83fed1dc003,9481635,0xBf389beCd498E1a07bd011489F6982DbC7E31897,0xFb13dE1C5aC28fc8335Ec5721b06eB4eA6e3897b,0.0,0.001000009,confirmed
2025-10-24T17:56:42.075961,ethereum_tx,0x2e4ca0902a48658bd2fbd607ded981e7c5f38cf966ed470964552bfe91b2b3e7,9481635,0x005E180355c8Be238Fc7AF24B90b6307dd7cc768,0x9A3e5153E7642913d007C0685938010011A865C7,0.0,0.001000009,confirmed
2025-10-24T17:56:42.075961,ethereum_tx,0x68e4c3cd89ee99caa9e33ab185dc70016ef1a1439604f6bf32e8418da0645661,9481635,0x3Da763C42E438eB17880fB6A83040d6cf13eF03b,0xFf00000000000000000000000000000000042069,0.0,0.001000009,confirmed
2025-10-24T17:56:42.075961,ethereum_tx,0xb7715b7d9af26faf3dc11898d5964a751c4f91bdeb05b2618b299f0e3916916d,9481635,0x86998d563F47e9cC192be06a5701b1602C441140,0x956962C34687A954e611A83619ABaA37Ce6bC78A,0.001,0.001,confirmed
2025-10-24T17:56:42.075961,ethereum_tx,0xf50f407ab92b76e63b3f89785eecd17276fd89bb8a1e76fbf19b56bb0a3630c3,9481635,0x2A6b5B71A81De91C7CCf8a4d51D53D4feB5c758f,0x956962C34687A954e611A83619ABaA37Ce6bC78A,0.0001,0.001,confirmed
2025-10-24T17:56:42.075961,ethereum_tx,0xed3379c501bbdefadf229676134a999bd7d14988f4b277ccad54ced30495dc49,9481635,0x2bF78d2268Ed1776E41323D6A5aE694d8c8F7968,0x956962C34687A954e611A83619ABaA37Ce6bC78A,0.0001,0.001,confirmed
2025-10-24T17:56:42.075961,ethereum_tx,0xd2b8f34ec21bd22e22f08c12c21674ef9ca7cc2794fcaba5e3efcb248a90c056,9481635,0xfdB296476f677e052f24b60cf3e844CE787a89fE,0x956962C34687A954e611A83619ABaA37Ce6bC78A,1e-05,0.001,confirmed
2025-10-24T17:56:42.075961,ethereum_tx,0xb86499a393d3e3030dec20bb70a2e66799621e5e5d591d4a94e46089d29316e2,9481635,0xff8e386D89249068195c8B8f19d53DA032Cc767B,0x956962C34687A954e611A83619ABaA37Ce6bC78A,0.0001,0.001,confirmed
2025-10-24T17:56:42.075961,ethereum_tx,0xae2b1ef282e8c90b1dcb9ace3d4df6119fa2d0a4726a7099085c8a327bdc40f5,9481635,0x8A2FC29762746Dea855Ed2B099A55fA00a1a3FF0,0x956962C34687A954e611A83619ABaA37Ce6bC78A,0.0002,0.001,confirmed
2025-10-24T17:56:42.075961,ethereum_tx,0x9f0f520f7d15cdaf4c33a7f9c946eb0e7e0c368242fd8fdb903b4909bceedaf8,9481635,0xd7B47D2Ef6c2EC09a3884403A9A8527a6630757D,0x956962C34687A954e611A83619ABaA37Ce6bC78A,1e-05,0.001,confirmed
2025-10-24T17:56:42.075961,ethereum_tx,0x9b5145c4e96918c40e9afddaa422892b71cf702071736e48588c494179cddddf,9481635,0x9C8FaA60ac71ad698FA1E9ba77C7F409eF4834cf,0x956962C34687A954e611A83619ABaA37Ce6bC78A,0.000132,0.001,confirmed
2025-10-24T17:56:42.075961,ethereum_tx,0x8b6efdd46ee5bc615021ee9cf490d0909444058c7bfd03fe7681167372735fd9,9481635,0x0835a809F7353D260FFeacC68AD31B60F006849d,0x956962C34687A954e611A83619ABaA37Ce6bC78A,0.00012,0.001,confirmed
2025-10-24T17:56:42.075961,ethereum_tx,0x88f5d6708775c415346dcb543e0a505f3371d348af0afeafde010998cf1343c7,9481635,0xcFA1Ce189fCC4ACA69EE04D7a39C6Ac9Df36Ed16,0x956962C34687A954e611A83619ABaA37Ce6bC78A,3e-06,0.001,confirmed
2025-10-24T17:56:42.075961,ethereum_tx,0x565f5cac19effdcc7f0bd9256729637ceb6ccc1f51ab0355107a0bdc056711b7,9481635,0xCDe41469a914F5Df52C601Df6fDc493E1dB3EeB4,0x956962C34687A954e611A83619ABaA37Ce6bC78A,0.0001,0.001,confirmed
2025-10-24T17:56:42.075961,ethereum_tx,0x43ee56fc34caac7c2b10442f57f1b50f92919b570161826209704accb2c21725,9481635,0x880b27A0405a2C93816975a6b50786F3D75C7E91,0x956962C34687A954e611A83619ABaA37Ce6bC78A,0.0001,0.001,confirmed
2025-10-24T17:56:42.075961,ethereum_tx,0xd8b7b3143baf0f0efab8eeefa9395af210c27f2a2848762bcc429b0e3f01d2bc,9481635,0x5c9b992075Ea287f0193926DB0cAc94cc93Ff058,0x956962C34687A954e611A83619ABaA37Ce6bC78A,1e-06,0.001,confirmed
2025-10-24T17:56:42.075961,ethereum_tx,0xd5cc903cd3dbc4eb08a7a77999b6e0514b7960036d1eb50a2847e8b6445038ca,9481635,0x131356a891d2Ad02CaD13ED38A2e973C1C65F314,0x956962C34687A954e611A83619ABaA37Ce6bC78A,1e-07,0.001,confirmed
2025-10-24T17:56:42.075961,ethereum_tx,0xaf095da802d1d23e6dd87c21190aba43088921096b6c357258995f81dd7e09e5,9481635,0xa6ab0e4ae657786273C457be86Fe3573d4013ed8,0x956962C34687A954e611A83619ABaA37Ce6bC78A,1e-07,0.001,confirmed
2025-10-24T17:56:42.075961,ethereum_tx,0xa8502bbde468e841cde7e72d3584a4b5a1d277388bb3da53a3f9628eb6418c9c,9481635,0xDA4bc6D9f9E8676502538C7476901CB4c891bc04,0x956962C34687A954e611A83619ABaA37Ce6bC78A,1e-07,0.001,confirmed
2025-10-24T17:56:42.075961,ethereum_tx,0xa2c31fb829257da71ccebffa5e17a6dbc9d899f0127b03b4cb45cc57d8fab8b6,9481635,0xB639167a998aC9a5E90e436e277907BC7a049119,0x956962C34687A954e611A83619ABaA37Ce6bC78A,1e-07,0.001,confirmed
2025-10-24T17:56:42.075961,ethereum_tx,0x87fa3833b4f306f93659d4dd6a47557692a522f6c93a99a79a011d1a4fa85dcb,9481635,0x993bFA8Ced35d5b16e3B10e561F99d44B8C0C0EB,0x956962C34687A954e611A83619ABaA37Ce6bC78A,1e-06,0.001,confirmed
2025-10-24T17:56:42.075961,ethereum_tx,0x853a7b8d2ecd66d597393f5f5ba410084e5dade4172ae1159c1c9f7dc73bf38c,9481635,0x3Eb7e47079324f9b270734B179aBBF80448f89cE,0x956962C34687A954e611A83619ABaA37Ce6bC78A,1e-07,0.001,confirmed
2025-10-24T17:56:42.075961,ethereum_tx,0x6ce068c4b78698c6c6ad4770f410b628f49072163e40a7d1ac2d5e266acd9931,9481635,0xA9394eB240F672252A30f3D5fb086371e1473A16,0x956962C34687A954e611A83619ABaA37Ce6bC78A,1e-07,0.001,confirmed
2025-10-24T17:56:42.075961,ethereum_tx,0x6bc8b29df1c332e0d3ce9efd314d629582b820ade0f764e89636884790cb5a5f,9481635,0x46A22652729ea652c3d1A27Bfa0C58d2da2649dB,0x956962C34687A954e611A83619ABaA37Ce6bC78A,1e-07,0.001,confirmed
2025-10-24T17:56:42.075961,ethereum_tx,0x660eedd933f6b8281276dfa859255421dfec8e03a83427b2dee4094b6f269dd9,9481635,0x05a53cD91a4946DE2a615d129bE71823F0Bbd6E8,0x956962C34687A954e611A83619ABaA37Ce6bC78A,1e-06,0.001,confirmed
2025-10-24T17:56:42.075961,ethereum_tx,0x610169c3e2a3bbc9cf56f2cde9092616bc5b0fe5970a5c4b66e50a9f8559d905,9481635,0x718a51ca2b216e675c84E374a70ba36658AEB3B6,0x956962C34687A954e611A83619ABaA37Ce6bC78A,1e-07,0.001,confirmed
2025-10-24T17:56:42.075961,ethereum_tx,0x4f0082e4506eb76d9d121d9dd2e844d2d8b7fa2ecc43125baa4395aadfe92205,9481635,0x5908ac57a9C1254DdC06491f2924B56A551A4f38,0x956962C34687A954e611A83619ABaA37Ce6bC78A,1e-06,0.001,confirmed
2025-10-24T17:56:42.075961,ethereum_tx,0x49884cef2b13f2bfa86f90186ba021681d299f821a3bab7f18b6b8d1396d9d34,9481635,0x41328a9C472a5e33faD4243F41fD8C66b7636CA7,0x956962C34687A954e611A83619ABaA37Ce6bC78A,1e-06,0.001,confirmed
2025-10-24T17:56:42.075961,ethereum_tx,0x302031663860c02b19320e0f020040d80f2a3af196c15d22d43a6d343ea47919,9481635,0x5bfC8BcA637E03B165Bf6771A417491835817049,0x956962C34687A954e611A83619ABaA37Ce6bC78A,1e-06,0.001,confirmed
2025-10-24T17:56:42.075961,ethereum_tx,0x2ea0b9677e6e6632b8d253aeb73b6229c41811710637932845e3ffb6704a7fc9,9481635,0x8Dfe90E5a0E285741723cdDEa9615ECbF6E2A2cb,0x956962C34687A954e611A83619ABaA37Ce6bC78A,1e-07,0.001,confirmed
2025-10-24T17:56:42.075961,ethereum_tx,0x211cc25e57f4f5efe61996588aafb5c963de5c0803aa7a680eff9aff406b2957,9481635,0x65F72928d6c34Ef555bCB2d1872134618fb898a9,0x956962C34687A954e611A83619ABaA37Ce6bC78A,1e-07,0.001,confirmed
2025-10-24T17:56:42.075961,ethereum_tx,0x0d327f4631aea9c2452993c68c5885c3f8caad5f3484dfc3a491bfa850102f6e,9481635,0xF7067502F610fBcFA7158416af7550c0Bb24C020,0x956962C34687A954e611A83619ABaA37Ce6bC78A,1e-07,0.001,confirmed
2025-10-24T17:56:42.075961,ethereum_tx,0x000bab68b2c271bcb335d886f38bbabf355f60c7faa698383c82d376b35225f2,9481635,0x6DcB31909B36221a12dDa46d96dBb8F3cf04eB4B,0x956962C34687A954e611A83619ABaA37Ce6bC78A,1e-06,0.001,confirmed
2025-10-24T17:56:42.075961,ethereum_tx,0x873a973824066960bde1f2b08bb5061bc174d665c94f37f2650166beac44119c,9481635,0x22eF655e70e2C810F5F475B2740F0E01fD57e626,0x956962C34687A954e611A83619ABaA37Ce6bC78A,1e-10,0.001,confirmed
2025-10-24T17:56:42.075961,ethereum_tx,0x0b5eaa98c13d7693fc59f95fb6f5e68b0ee440922beed871e39ff0427d9908f3,9481635,0xBcdF006850A438B1F9185504831CDb5E0Cb716bB,0x956962C34687A954e611A83619ABaA37Ce6bC78A,1e-06,0.001,confirmed
2025-10-24T17:56:42.075961,ethereum_tx,0x3bd59ccfd21f650cc37cf385c55c3b8cde67dc687e44f92b6013edc42660ff2c,9481635,0x4B91938B8952eC5382F7103EbB708D128cc0AF5c,0x956962C34687A954e611A83619ABaA37Ce6bC78A,0.0,0.001,confirmed
2025-10-24T17:56:42.075961,ethereum_tx,0x8abfc698dc26c64bf1545a88c7b3474704504524c28c096bc58481ac95e4e10e,9481635,0x339d413CCEfD986b1B3647A9cfa9CBbE70A30749,0xD1654C656455E40E2905E96b6B91088AC2B362a2,0.0,0.001200009,confirmed
2025-10-24T17:56:42.075961,ethereum_tx,0xe41a0963fc75991ebd6971c540b80b4e8dbad0264cbd3ae60aed3368c8869a87,9481635,0xEC79e928b05608eBB285CA7FFe0AcAA9Ca9E61ab,0x3eDF60dd017aCe33A0220F78741b5581C385A1BA,0.0,0.001000009,confirmed
2025-10-24T17:56:42.075961,ethereum_tx,0x7dde6cc509a71d09480a7725fca803b1e7a3e4474f68b47a7d060bb8feec8e8c,9481635,0x334655356E79a21D3592145425e539Ad077460A7,0x3eDF60dd017aCe33A0220F78741b5581C385A1BA,0.0,0.001000009,confirmed
2025-10-24T17:56:42.075961,ethereum_tx,0x66934e23d51a2bbc8dd8315cf9d99eb44fe8f5376f111b17d39bd6c53b52e296,9481635,0x380273DE3979c034cdCABe119e316F8AA8A4C93A,0x3eDF60dd017aCe33A0220F78741b5581C385A1BA,0.0,0.001000009,confirmed
2025-10-24T17:56:42.075961,ethereum_tx,0x56240847ed49926310cda74ba2f3514966e40269cd241f5ea2984e2b65d61682,9481635,0x69f6e6C9f79776b04B1928F7A472EA07212e2918,0x3eDF60dd017aCe33A0220F78741b5581C385A1BA,0.0,0.001000009,confirmed
2025-10-24T17:56:42.075961,ethereum_tx,0x942ef6afbe8607877404e67f39d29a3ce69b0867546013616289d9a385b6205a,9481635,0x1C98C81eD2f54B01eDada639e0D5d44E62a22fBc,0x3eDF60dd017aCe33A0220F78741b5581C385A1BA,0.0,0.001000009,confirmed
2025-10-24T17:56:42.075961,ethereum_tx,0x3cefdb2ccde88e60c5510ea0da952f644aae8d5e120df80f05f3f453bf51ae44,9481635,0xCC87802fe14895b7CBCf4C0094960B3EFEe3cfd6,0x3eDF60dd017aCe33A0220F78741b5581C385A1BA,0.0,0.001000009,confirmed
2025-10-24T17:56:42.075961,ethereum_tx,0x25e4ab117454a128f664cf22aa9f84dd0ec2bbd5018b66e1fd41b3db9933024a,9481635,0x339d413CCEfD986b1B3647A9cfa9CBbE70A30749,0xD1654C656455E40E2905E96b6B91088AC2B362a2,0.0,0.001200009,confirmed
2025-10-24T17:56:42.075961,ethereum_tx,0xf286ff5954239c96b09aa5e18b578ddb2d46bb33f139507f9850e2aefdcb5d6f,9481635,0x339d413CCEfD986b1B3647A9cfa9CBbE70A30749,0xD1654C656455E40E2905E96b6B91088AC2B362a2,0.0,0.001200009,confirmed
2025-10-24T17:56:42.075961,ethereum_tx,0x77467fc06d83294c588cc7692fecd9477586b4e02e8995aa3c6df804c185fea5,9481635,0x339d413CCEfD986b1B3647A9cfa9CBbE70A30749,0xD1654C656455E40E2905E96b6B91088AC2B362a2,0.0,0.001200009,confirmed
2025-10-24T17:56:42.075961,ethereum_tx,0x525887021867a190d5b5db3ae868fc783834943b74a9641f18ce194ddb082f56,9481635,0xcd8E51C18C8D160246b29Ecc6A1b2467F7Ad5792,0x3eDF60dd017aCe33A0220F78741b5581C385A1BA,0.0,0.001052642,confirmed
2025-10-24T17:56:42.075961,ethereum_tx,0xff71951b97284307a1816ee02d8f1abd616f31dc812a6077058f1e7768c11100,9481635,0x810a9a6340731933b7DFe4a0C29Fc96c0F708ED7,0x03C66CB1826BDB0395BF31E68Bf7E873e9564fFB,0.0,0.001000009,confirmed
2025-10-24T17:56:42.075961,ethereum_tx,0xf5688a2a5a58852b4d78e1a10704c921fd3f18f5f00ae083f90e18fdb53d6f50,9481635,0x67f8d04c8169080eC9aaA072E5D8B9DFBFdEe08c,0x03C66CB1826BDB0395BF31E68Bf7E873e9564fFB,0.0,0.001000009,confirmed
2025-10-24T17:56:42.075961,ethereum_tx,0xa83c6abb75d789a691cce3266604cfb63bf02f3711e1dd7a3784f3714a8a0c96,9481635,0x70183B587fef7e621F453dbE4F0C9a01e548522d,0x03C66CB1826BDB0395BF31E68Bf7E873e9564fFB,0.0,0.001000009,confirmed
2025-10-24T17:56:42.075961,ethereum_tx,0x8b9534c0b22af88e2609891632b71ceb7c8774f740042815ebfb5dcf4954dd98,9481635,0x621B7E2c59234108a45B164373933636829d1E82,0x03C66CB1826BDB0395BF31E68Bf7E873e9564fFB,0.0,0.001000009,confirmed
2025-10-24T17:56:42.075961,ethereum_tx,0x5f41d38105a976fe9c7424d340e818b45b2f791151c300c865ca5455b5bfdfa5,9481635,0xa9184bB0425f6b8b174C3621e70e98AD0e850c4B,0x03C66CB1826BDB0395BF31E68Bf7E873e9564fFB,0.0,0.001000009,confirmed
2025-10-24T17:56:42.075961,ethereum_tx,0x4c434953834d12d5db6d6d7927e4627266e07bf5bc79079ddff98dac7314f093,9481635,0x7aF480a89954194b7A738da4E8cECE9aEd2611e4,0x03C66CB1826BDB0395BF31E68Bf7E873e9564fFB,0.0,0.001000009,confirmed
2025-10-24T17:56:42.075961,ethereum_tx,0x452051bca9316c7c30ca1c0afb81c27e0e67d7474b118c2b23251e33a76d1a81,9481635,0xDFB5E8627025AE7Be32CbD110DA45799da617328,0x03C66CB1826BDB0395BF31E68Bf7E873e9564fFB,0.0,0.001000009,confirmed
2025-10-24T17:56:42.075961,ethereum_tx,0x1b93f99ad91d0081b7adeee85053da25d0f392c39ee81a25d92c460af8f23492,9481635,0x62322F0056d2b54e1Ee1425F035d9117C6158aD5,0x03C66CB1826BDB0395BF31E68Bf7E873e9564fFB,0.0,0.001000009,confirmed
2025-10-24T17:56:42.075961,ethereum_tx,0x095d83ef1bbf45480f88d09232a2c166e35f49304dfb7954d56b854cb505f8cc,9481635,0x24dF894C350277CFC076B2873999F943098D199C,0x03C66CB1826BDB0395BF31E68Bf7E873e9564fFB,0.0,0.001000009,confirmed
2025-10-24T17:56:42.075961,ethereum_tx,0xd5296b7112692df0bbe692d442c910607db790bd961c845490c50858515d6215,9481635,0x1949c0f91325d0667c2E7Cf8D47bcAfA9C3014F2,0x2c02c4F3DB094788bdb60C093D96F834F0FB4bcE,0.028832971060472862,0.001000009,confirmed
2025-10-24T17:56:42.075961,ethereum_tx,0xc95bf7b39d03f43ead682b206dde6ce3722a04e379cfd3ada5af2c834b531ddc,9481635,0x28B2b7f94Ebd6b954e5651EBb7519CbC5fe4593e,0xBD1498976ffDBE710d483a2954037AC9982B720f,2.11e-06,0.001000009,confirmed
2025-10-24T17:56:42.075961,ethereum_tx,0xbac6f7c9e78456f10a1ba5808fda303adb659b9cea1cc6a80c90c75b69b626ba,9481635,0xcfD5dDc974005CDfCE04286a4E96a28Bb9366b8c,0xcfD5dDc974005CDfCE04286a4E96a28Bb9366b8c,4.8e-05,0.001000009,confirmed
2025-10-24T17:56:42.075961,ethereum_tx,0xba39f7367f87384eca2590f7020cd0888f36437093aa8a876188755be87d045f,9481635,0x1ADE58CDFB3750b1A0b4FBF64b281D4490fa791D,0x08d2b0a37F869FF76BACB5Bab3278E26ab7067B7,1.42e-05,0.001000009,confirmed
2025-10-24T17:56:42.075961,ethereum_tx,0xb8ef0f5705294e76c2c53eea2ee5f9f82c7d60365faa4cc04665d36a2ccb6e3e,9481635,0xC733786e6ce284081EDd4A0D51a116A6beC127CA,0x08d2b0a37F869FF76BACB5Bab3278E26ab7067B7,4e-05,0.001000009,confirmed
2025-10-24T17:56:42.075961,ethereum_tx,0x9d543a13dee57812c96b7549d23a3c29bae4e38c253792015b3bd3f0a5c8c00d,9481635,0x13FE57464cbeeF93Afa4Faa5df90B91E10FeBFcB,0x00e44cD4D027a1aDEe230E8346ef8b0Ab23B9ef8,1.79e-06,0.001000009,confirmed
2025-10-24T17:56:42.075961,ethereum_tx,0x8012030cb95134b76a866fa7120eec8a777aa6e300721861958f5cd6de5b98fa,9481635,0x15391181943fF4B1305571411ed6ED05D21d9CC0,0x0000000000000000000000000000000000000000,1e-05,0.001000009,confirmed
2025-10-24T17:56:42.075961,ethereum_tx,0x7e6d89a061527c3dc3bad2d3a61b207e38c51e6e668a66fced8c8b79b1fa654b,9481635,0xb075E3363F5f0aC3f1A441c6d7e5267A6a18a5A4,0xb075E3363F5f0aC3f1A441c6d7e5267A6a18a5A4,0.001,0.001000009,confirmed
2025-10-24T17:56:42.075961,ethereum_tx,0x78de7ef2b83719f692062c37f3da770bc5480532bc2e923674f812bbbe1fd96a,9481635,0x0B0e2673A1CE96a115c2c53e1304eD4640294856,0x08d2b0a37F869FF76BACB5Bab3278E26ab7067B7,2e-05,0.001000009,confirmed
2025-10-24T17:56:42.075961,ethereum_tx,0x5cec01650190f4b0b5604bf067d019fa938dbf0d60091ddfa98e48ceb8e77b56,9481635,0x1590f0C8AE31875bdc4792d5308C018aF31eC119,0x08d2b0a37F869FF76BACB5Bab3278E26ab7067B7,0.00321134,0.001000009,confirmed
2025-10-24T17:56:42.075961,ethereum_tx,0x5c23663638af0e53156c1e8ef73b74dcbb7ead9ae497b3be3fdbd256f185e361,9481635,0xBAfC6110FbC70cacA8eFE50306b5130782216719,0x2c02c4F3DB094788bdb60C093D96F834F0FB4bcE,0.13017017776607334,0.001000009,confirmed
2025-10-24T17:56:42.075961,ethereum_tx,0x40270d6f518b72930f0c629d74fea6c3d4fd913a5b51ce603ba6ad69fd45c2b0,9481635,0x771310A8815c57a264d73bDbfcD244ADcd6423EA,0xd3FC28Ce9D86E5Ab2E6415027D0e5cA88D6e38CB,8.84e-06,0.001000009,confirmed
2025-10-24T17:56:42.075961,ethereum_tx,0x0b0a9a952ba852d9c05958d89eb7682782321ca0edd3bf3eb2c967b244c88179,9481635,0x302485c7D0B910aD9B0C1B07A5964C4beAA4402d,0x2c02c4F3DB094788bdb60C093D96F834F0FB4bcE,3.806011195527283,0.001000009,confirmed
2025-10-24T17:56:42.075961,ethereum_tx,0x05ab847ca2298f1dc4baf6217bb118e1ec8ed81ecc15104f47f4271f35881251,9481635,0x5641a1E8651DE500838bed93E62e3E06a4D0e683,0x33C35F0d5242fBdB46712135533e70203D86D1a5,9.9e-05,0.001000009,confirmed
2025-10-24T17:56:42.075961,ethereum_tx,0x5d99deaf20db5aace0fb9a2c4474dfbc1ceaf9f7600612136042a045b9fcd08c,9481635,0x13CB6AE34A13a0977F4d7101eBc24B87Bb23F0d5,0x9b7E335088762aD8061C04D08C37902ABC8ACb87,0.01833475895135433,9e-09,confirmed
2025-10-24T17:56:42.075961,ethereum_tx,0xe7bd5c8e019f8f6bd02ea9d773f286563e85a9d2a6cf1cc49f78b99da01a20d0,9481636,0x25a64Ac398Fb6ee7AFc372BC961a5eF99cfA905b,0xcA11bde05977b3631167028862bE2a173976CA11,0.0,3.000000009,confirmed
2025-10-24T17:56:42.075961,ethereum_tx,0xcbfd85e1b9cfe57bbe5c59ec25fd02c347ba445e9e2d88a50c70e7d9ca3b444c,9481636,0xB3A4e46b180887e27ea1881CF7A413775210440E,0x025Ce546F76B2C4632E07742492dA1cD843df3d9,0.0,2.500000009,confirmed
2025-10-24T17:56:42.075961,ethereum_tx,0x1c5ca303eb67b5d3b24fc31daae1bb3d8d934546004d7f471531d00ed3e651c1,9481636,0x55A07F9f7eD7F110c2Ddd8f2f5d8677Dc94aF4E2,0xeA30c4B8b44078Bbf8a6ef5b9f1eC1626C7848D9,0.0,2.200000009,confirmed
2025-10-24T17:56:42.075961,ethereum_tx,0x917e58112aa045a97d91610d9e38d5e2d133375b43dd0b4725e9444686a16742,9481636,0xD4c0B787aA2ff9Eb751Bb515c877EbBF2Daddaae,0x1c7D4B196Cb0C7B01d743Fbc6116a902379C7238,0.0,2.000000009,confirmed
2025-10-24T17:56:42.075961,ethereum_tx,0xd0a6db2293b4df89651d3d74d081f303f4fe1fcbf810b6a2380bafe293eeb2c0,9481636,0x615E0671717121f54A741f5CEf5aB14d9E8f0695,0x0071679f8024e420A6E2138B2F3bAaA3095BC782,0.0,2.000000009,confirmed
2025-10-24T17:56:42.075961,ethereum_tx,0x5882640a80c8c60ff2557a389e929828bc6cc3c41692bafb4e5eacdd638692f7,9481636,0x70E3Fb28e1794bb91D5bCEB7d66b731d0C61Af8e,0x08210F9170F89Ab7658F0B5E3fF39b0E03C594D4,0.0,2.000000009,confirmed
2025-10-24T17:56:42.075961,ethereum_tx,0xf588a476ce408f63d0a39496a294fa8a6d75e5628ae912d13409f5be4b10e7b1,9481636,0x6Cc9397c3B38739daCbfaA68EaD5F5D77Ba5F455,0xE0892DEA93882687F49468Ca8fE0b003d5fCf0e1,2.5,2.000000009,confirmed
2025-10-24T17:56:42.075961,ethereum_tx,0xf3624080683c382de357ce14eff09035edd545f4bbf04a2b33e9f784c001a8c9,9481636,0x1d1d9307c172C1fDcbA8fFfbaBc410958E37b596,0x51372558b0b9205E6c42d804311be7DaBE532885,1.09967348,2.0,confirmed
2025-10-24T17:56:42.075961,ethereum_tx,0xdcdba2f6ba4a34046f6fbef7405e0eb0830c647f6e0fb2642e2de219b12482d3,9481636,0x3d6523a53996c4c030432bECb347e0ECeBB61a17,0x51372558b0b9205E6c42d804311be7DaBE532885,0.07365937,2.0,confirmed
2025-10-24T17:56:42.075961,ethereum_tx,0x3e1e62e71479ee4eefcd8087d7a0062338c051cf9534ede44a6f3ce37481c717,9481636,0xB437ec16d4f36E2f9cD00570c7f95bf4f171a872,0x51372558b0b9205E6c42d804311be7DaBE532885,1.38088191,2.0,confirmed
2025-10-24T17:56:42.075961,ethereum_tx,0x2eb8eef256c2ed662de9815eb39b6a57d0efce32d171cc4c70361e1ce5d012e3,9481636,0xD76cFf5B601BA0C1dcED33D48ada7E2577ba5753,0x51372558b0b9205E6c42d804311be7DaBE532885,0.26909465,2.0,confirmed
2025-10-24T17:56:42.075961,ethereum_tx,0xd1d187c8264f1c62699bc8a824dc0c08fd6e63e850c083211a9cb1718afcff0a,9481636,0x470e91ddac929a7d82ee582AE7308f21334E88f9,0x51372558b0b9205E6c42d804311be7DaBE532885,0.93040057,2.0,confirmed
2025-10-24T17:56:42.075961,ethereum_tx,0x83d5db5c6adb15c22308cabe6dbdf78e9ac59f263e602bcc01c52b4aa16762c0,9481636,0xF5D2Cc2202Dd9Bf51D87419aD630e195F724d12C,0xfc8Bf89bd7c6AE520BEDacE38140a9aF203458E6,0.0,1.500000009,confirmed
2025-10-24T17:56:42.075961,ethereum_tx,0x9d5866793befb90eeea2f5cce0de62f602d5386f811ce7df271d471037627ef4,9481636,0x796E2B5fd93aaa28968AA1eFCb72EbB3797405Ff,0x2A4496bbC344414e3bDbE6a8E7c40EF007DAeEd1,0.0,1.5,confirmed
2025-10-24T17:56:42.075961,ethereum_tx,0xf3d5fdd9d4b9f01799e798b2e57dc1a8c66b09a760f060fe396dbab8c1e55a06,9481636,0x9e0F72Ba7a535EB2c7eb9DC1D240Da4e3BdBDc53,0x2A4496bbC344414e3bDbE6a8E7c40EF007DAeEd1,0.0,1.5,confirmed
2025-10-24T17:56:42.075961,ethereum_tx,0x060c919d9cbe5cd22457f7abb0d96bae5d985fa092cbba2c7a58040965742d61,9481636,0xc6e62F7909A8Db1762eb7C809F928f94C8DaDdf5,0x2A4496bbC344414e3bDbE6a8E7c40EF007DAeEd1,0.0,1.5,confirmed
2025-10-24T17:56:42.075961,ethereum_tx,0x2e794d800eb6f487a446a50cdc451280c84b83fe24d3120cb793b870789a1a7f,9481636,0xdffC8dE4EC8B2c51597887a9f90052A6fC466585,0x2A4496bbC344414e3bDbE6a8E7c40EF007DAeEd1,0.0,1.5,confirmed
2025-10-24T17:56:42.075961,ethereum_tx,0x3e4989e864182ccec15f26912dc84652942b3e6bebcbbd701c225bad7dccc08a,9481636,0xF6B4F351d5C4AaE6Bd8eca60d25Ee527e501494C,0x2A4496bbC344414e3bDbE6a8E7c40EF007DAeEd1,0.0,1.5,confirmed
2025-10-24T17:56:42.075961,ethereum_tx,0xcb412a00b3bbcbdd80398a175c22844f34a24a41a5b6f658fc96d770f4f264fe,9481636,0x9F89028846333e81AeB5755DbB06b3AA1177fd06,0xF5577222A1a930F1bEBaf299Bcf67C9789218246,0.0,1.5,confirmed
2025-10-24T17:56:42.075961,ethereum_tx,0x1efe4203524365b2a81a52cb8a357fdcdfbe38bbcb2cd47689acd193e686870f,9481636,0xc39Ab29406cf7F5e6eD12320B667F5A26ce9127b,0x21740c52C7C6eD18D795291cF5CadFcd2117dC2d,1.13e-05,1.5,confirmed
2025-10-24T17:56:42.075961,ethereum_tx,0x554670d2241c6e78e85c8b3b7319900d26ecd636cf9e26545b4785ce975955bf,9481636,0x9c6eE99a948727F80176e2733c789bb4F302Af19,0xedf4B1C6AF6520bb76826525adef7e0e09Af2c8d,0.0,1.000000009,confirmed
2025-10-24T17:56:42.075961,ethereum_tx,0xd7149312f90e491615cb1bc91e238c0d690090bf955094c5454d696cfd338609,9481636,0x520D64e7D20acF0ee5e911a5276FDBbd68463773,0x7f9dA388fb2943aE1Eb8BCDF945F4265A33097b0,0.0,1.000000009,confirmed
2025-10-24T17:56:42.075961,ethereum_tx,0x38684a915761404022ccf6aa235a51aa42deb6d6ab9cee8ddc76246a09b007f8,9481636,0x4F2d212F64Fa80AbdBC5024000Ab59B73e5efB2E,0x00EF7AE78fC56F5fcaddc2834BcA466c738DD0DA,0.0,1.000000009,confirmed
2025-10-24T17:56:42.075961,ethereum_tx,0x2898438fb528ff8039f03fbb5cbeee8d6a7c7525f744d5a2666f70614a9cb80f,9481636,0xF0FEd0C0192539a1076d8BDa1233f414704d98Be,0x00D22efF04CF7d0f5A355A6D9A06E43120398dA6,0.0,1.000000009,confirmed
2025-10-24T17:56:42.075961,ethereum_tx,0x2f3518faa6d31dd5a7ce640c446c49c5b0e3334989f7ac2d799745e5ec7a79a8,9481636,0x9c6eE99a948727F80176e2733c789bb4F302Af19,0xedf4B1C6AF6520bb76826525adef7e0e09Af2c8d,0.0,1.000000009,confirmed
2025-10-24T17:56:42.075961,ethereum_tx,0xf9865d070ae71ab9733cafc8c69d95b0bc184967a7c1043166ff881e322c0658,9481636,0x6A05918EBDc54487ed4229c343642199C5D496a0,0xf993E10C83Fe26DddFc6cb5E82444C44201e8a9C,1e-06,0.020000009,confirmed
2025-10-24T17:56:42.075961,ethereum_tx,0x214b5488b7e53309e471fc60998dd492ef3d86e37c5890b3b43f0aa5cc034ca6,9481636,0xBf258f387aF8C268783e71c0e8c861E13Dee0337,0xf993E10C83Fe26DddFc6cb5E82444C44201e8a9C,1e-06,0.020000009,confirmed
2025-10-24T17:56:42.075961,ethereum_tx,0x3f783fa6e38605c5b8bf04e1827773ed96e441ccfaaf6929bee25126c26d76a0,9481636,0xde061d7fB0156Cb33Fe87DB4c36Fe641F6772772,0xf993E10C83Fe26DddFc6cb5E82444C44201e8a9C,1e-06,0.020000009,confirmed
2025-10-24T17:56:42.075961,ethereum_tx,0x1986318c3bb3c7c497f44a37a5191806aa44905a2cc0d85bd0a88e6d26ad0dd0,9481636,0xfb89feDC4531feA1876287AAe428abC570652111,0xf993E10C83Fe26DddFc6cb5E82444C44201e8a9C,1e-06,0.020000009,confirmed
2025-10-24T17:56:42.075961,ethereum_tx,0x22fe8aa99487e70872c8eb74fea899ecc1425939da7b83bfcd4ffdeef0ece70f,9481636,0x4BA56bDa2009816e260921970041d6Eb005D7272,0xC764A997C86dC22B50Eb637626e3f46bfd82534A,0.0,0.001500014,confirmed
2025-10-24T17:56:42.075961,ethereum_tx,0xe23b121b5dcc0c4f25ac4c80bd74fb8230a04e2569a640e9ac544f1aba6632f8,9481636,0x95A13F457C76d10A40D7e8497eD4F40c53F4d04b,0x2e7eC341F07375B6F3d73ed1ef4d354A38Cd4c1C,0.05,0.001100009,confirmed
2025-10-24T17:56:42.075961,ethereum_tx,0x45bbf1864bcc2fc8128ca736d5b9c6a3c85d8884f0d7876bdc149ae02bc8b4e5,9481636,0x715d1084b1237Ba6a61447890F282E2505471EEC,0xb5A49949C49dEDD852F9f0f419b17aD2785032db,0.0,0.001100009,confirmed
2025-10-24T17:56:42.075961,ethereum_tx,0x7f5f769aff906e8b1d7a91c9b46c45032b73c9c0d00dc177cb00a0efc9f0fda5,9481636,0xB5A462A9f6Fb81002184A323e05d0cF7FaF5b66d,0x7215691F60C4fA7Bb82c5Ac44c7d57dc32bB0493,0.0,0.001052641,confirmed
2025-10-24T17:56:42.075961,ethereum_tx,0x691f31a8055410b30e90d0517c9ab16308dd9827ff4a7ec07031877d5992ecfb,9481636,0x0AEEf4CBE163b427fb34D7B81d5e631d27cCc182,0x7215691F60C4fA7Bb82c5Ac44c7d57dc32bB0493,0.0,0.001052641,confirmed
2025-10-24T17:56:42.075961,ethereum_tx,0xea8f500d820ba0c0e6bbda0bd1a879016cbe59adccfeb653d10b151bad03e9e4,9481636,0x61d8838f9A00250C9AF13D622DA7c08c372ee587,0xCf8EDB3333Fae73b23f689229F4De6Ac95d1f707,0.0,0.00101112,confirmed
2025-10-24T17:56:42.075961,ethereum_tx,0x8eff53ee542db8d60d4395b215f36492b182f906c73c4324c3f9ccb2da7bc142,9481636,0xc50fee94414B13e54172ca3ec22020b0A3EB3172,0x693D43fD2443fF118325a96d08CbC34309E98772,0.0,0.001000018,confirmed
2025-10-24T17:56:42.075961,ethereum_tx,0x6250b3cddccd7fda16321210fb8bda631e987c677634256162f960c9bf11f1aa,9481636,0x2EB1a03D5c641f714ee4645e885dB7F6ea1E7741,0x853758425e953739F5438fd6fd0Efe04A477b039,0.0001,0.001000009,confirmed
2025-10-24T17:56:42.075961,ethereum_tx,0xa52c4630a941db9fd6b202ddcdaeb8b8d81101bbc73d1174bd991fe9c8a587e2,9481636,0xFC1C971679fE722D3F633756A87c0a49c8F78FaB,0x3eDF60dd017aCe33A0220F78741b5581C385A1BA,0.0,0.001000009,confirmed
2025-10-24T17:56:42.075961,ethereum_tx,0x52bba9c02cbab79221dba46f6fbfb28aab7873e0602a75b63e9e3d690f586ee0,9481636,0xcD12Ed9b63603bc9685Cda552c0156d9b297b41F,0x87A3effB84CBE1E4caB6Ab430139eC41d156D55A,0.0,0.001000009,confirmed
2025-10-24T17:56:42.075961,ethereum_tx,0x4ade5ef3b3152832d31aeff42add51fdbbeedc03a3411cb2b4fb30e1f0498266,9481636,0x67a2afA8e9658D6d768119Ef61eb03C7596CF1Cc,0x3eDF60dd017aCe33A0220F78741b5581C385A1BA,0.0,0.001000009,confirmed
2025-10-24T17:56:42.075961,ethereum_tx,0x5bba34f58eaea15a17329f6dc7b4e4f3bc08bc8bf2f8b54c238ef7de53bf6547,9481636,0xbEbf08e775960b7a10ca65073768f9213B55be94,0x06EE41735d78E32BA28600Bd781b2aD088c9A6c3,0.0,0.001000009,confirmed
2025-10-24T17:56:42.075961,ethereum_tx,0x76f8ceefe74fa8c828b13f8cb6973d12a80f25f758dc51cca2dea7d345892a52,9481636,0xBAdbc7dEE3EfE45BAf4Fcc53848343579910F989,0x853758425e953739F5438fd6fd0Efe04A477b039,0.0001,0.001000009,confirmed
2025-10-24T17:56:42.075961,ethereum_tx,0x1f4a5a00f372bc38647bf0d228f9e92954d255b3c9d6a51291bb9c0b1fc906f4,9481636,0x7Ec852687A954c7e6E8B59c6393c26De46571f75,0x0000000000000000000000000000000000000000,1.65e-05,0.001000009,confirmed
2025-10-24T17:56:42.075961,ethereum_tx,0xa90f2d6a175ace8490375223710382f6ebbed903e6f80c0fe960b07320a0dfc5,9481636,0x6f04D86db3Be5978f9b4CF5DC8640Cc2Ff83f906,0x3eDF60dd017aCe33A0220F78741b5581C385A1BA,0.0,0.001000009,confirmed
2025-10-24T17:56:42.075961,ethereum_tx,0x4fff9131c9973ad2316dd5caf5e920f463444ab89d939ba7fafc01cf8d0387c2,9481636,0x55262d29AE5768035567E27F7A11F02683023423,0x3eDF60dd017aCe33A0220F78741b5581C385A1BA,0.0,0.001000009,confirmed
2025-10-24T17:56:42.075961,ethereum_tx,0x090a12ea070ba5e4e777c543ea21c1ff860e3f8779a0874aa38576411ccef8ed,9481636,0x3Da763C42E438eB17880fB6A83040d6cf13eF03b,0xFf00000000000000000000000000000000042069,0.0,0.001000009,confirmed
2025-10-24T17:56:42.075961,ethereum_tx,0x61de9d3de347fbc9717155a6278d5d3ecc2e68cbe0763f1e43f845aec3fa57f7,9481636,0xcB499cf9d71FBD345e9BF8A37434e5C92d290Efc,0xb3975b4294ed871013d2B47ADe5da9015Df5C54a,0.0,0.001000009,confirmed
2025-10-24T17:56:42.075961,ethereum_tx,0x4fc65c4cb7136df9b6897e80b448985a02c5e32c12ef0ce25600735a3755551b,9481636,0xE9539fDd4bde1f8F6C1DAd6332ACcd3603D76f78,0x03C66CB1826BDB0395BF31E68Bf7E873e9564fFB,0.0,0.001000009,confirmed
2025-10-24T17:56:42.075961,ethereum_tx,0x009388a82d1bf69b49be29bd9e1f65c812a0bf7eae16776d4892f2cf0a12042b,9481636,0xDc9d3015A4a391607A835B87a292BcF030AF24E2,0x9E841C03218E36A785C1c50f2f74fAc5D54656Da,0.0,0.001000009,confirmed
2025-10-24T17:56:42.075961,ethereum_tx,0x8eab60805fa022eded830f2770a66a4eb5dd5635003aa49013a8b18358d5265c,9481636,0x89BCB2c0b2Fb884110c82cd8EC316174e94fc7aa,0x03C66CB1826BDB0395BF31E68Bf7E873e9564fFB,0.0,0.001000009,confirmed
2025-10-24T17:56:42.075961,ethereum_tx,0xe4b0ac9920ae4d880c13f74f01316a32e4335173e4281a67f5ee28db83455151,9481636,0x0B0e2673A1CE96a115c2c53e1304eD4640294856,0x08d2b0a37F869FF76BACB5Bab3278E26ab7067B7,0.0002,0.001000009,confirmed
2025-10-24T17:56:42.075961,ethereum_tx,0x902fa0fdd6afb8713d0192baa0aeaa89f513d2a548399ded3134581f08663602,9481636,0x15391181943fF4B1305571411ed6ED05D21d9CC0,0x0000000000000000000000000000000000000000,1e-05,0.001000009,confirmed
2025-10-24T17:56:42.075961,ethereum_tx,0xdee9cb43cdcbb18b6609ea529517cfd2e232482c63ebcc3d9143508af4b2f1fc,9481636,0x28B2b7f94Ebd6b954e5651EBb7519CbC5fe4593e,0x512e903a1783992DEac22d6de3d5971BF303c43C,1.77e-06,0.001000009,confirmed
2025-10-24T17:56:42.075961,ethereum_tx,0x6a2d8e3209538e2503c4e1fcb65b615cea71986d94c4a130cb43051de51ad5fe,9481636,0xFb6d28fDaB9c073537CF22EaFC6fcaCEf15Ac767,0x87A3effB84CBE1E4caB6Ab430139eC41d156D55A,0.0,0.001000009,confirmed
2025-10-24T17:56:42.075961,ethereum_tx,0xf47e700db00d4f217a36bcf2d3cab1cb4db8e0641c6d4837930b740336eff029,9481636,0x1f9162aDf495696C72Be2473e62C51B7B6fd2E50,0x0a75d56Bc081dEe7Ff837630a216f1702B14978e,0.0,0.001000009,confirmed
2025-10-24T17:56:42.075961,ethereum_tx,0xe0562d093f9ce07c406bcdbd1ba20a93fc3198216cc9a144c53a81f1becfc1a1,9481636,0x9716f049A6851c750173d23ACD3A9970Fa2E06D3,0x93fACfb642917529A9C7354545F6444239eF6Ac9,0.0,0.001000009,confirmed
2025-10-24T17:56:42.075961,ethereum_tx,0x83cd94d5b69e66d8af1659deef843f3c433a3aadd1363001f258afc134d6ecaf,9481636,0xF0Bea0467F248C1984143F3414d91fAa592a8C0A,0x853758425e953739F5438fd6fd0Efe04A477b039,0.0001,0.001000009,confirmed
2025-10-24T17:56:42.075961,ethereum_tx,0xac6ed41c79527d0fa28aaf729360970610205b4af57cfa37f1e638d6c1880a26,9481636,0xcE6ebc563AB7Dd210847A4898C1a7ECD4220Bda6,0x03C66CB1826BDB0395BF31E68Bf7E873e9564fFB,0.0,0.001000009,confirmed
2025-10-24T17:56:42.075961,ethereum_tx,0x1d9c4c5852574a73c389f02d475b36a8664fe18c7c62f7211a83a540b07d5f29,9481636,0x13FE57464cbeeF93Afa4Faa5df90B91E10FeBFcB,0x51A953E02319B21F8e912a65603BCa7EF50D4CEC,1.7e-06,0.001000009,confirmed
2025-10-24T17:56:42.075961,ethereum_tx,0xcde1294c763c85d3d5855dfbf7b2b43d6cd31f7b0e9c0d8dcc5019ad886fd314,9481636,0x8D7A26d8122F5Eb66a27B9a65fEF25556413C575,0x93fACfb642917529A9C7354545F6444239eF6Ac9,0.0,0.001000009,confirmed
2025-10-24T17:56:42.075961,ethereum_tx,0x788999a784797219d734ea375dc86fa362bb347bafab227281e8732101bc14b4,9481636,0xEcB2CeD74C87AAFD9041cD7A1fACD4D332E4356C,0x08d2b0a37F869FF76BACB5Bab3278E26ab7067B7,3e-05,0.001000009,confirmed
2025-10-24T17:56:42.075961,ethereum_tx,0xbb1b55200b50f44eab621717b5c5ab85b0d37d4018d91eb95fa1d08b7366d66d,9481636,0x2386B7F7c7214615b398434988C25a43A25A4F02,0x03C66CB1826BDB0395BF31E68Bf7E873e9564fFB,0.0,0.001000009,confirmed
2025-10-24T17:56:42.075961,ethereum_tx,0xdfe4fe2cfec99d860e0fa78d230d9c213e86e1e96f14bd21708fe3c199920423,9481636,0xA21130f7144E2C598f6e19164Aebc02F3822c552,0x03C66CB1826BDB0395BF31E68Bf7E873e9564fFB,0.0,0.001000009,confirmed
2025-10-24T17:56:42.075961,ethereum_tx,0x0e6c9e54069695548af38ea71487a739e541e0527bec6442f4063469754cbb4e,9481636,0x6d50EDC485a5c5C8E57e45994de1C8f8A11A7cee,0x19d180bc50198A622C62AcDbeD7eC6B415DCF415,9.5e-05,0.001000009,confirmed
2025-10-24T17:56:42.075961,ethereum_tx,0x38d51e928a8186415fafad098ca028ab4f697adc3931ac5f609d4f69a960a520,9481636,0xCC87802fe14895b7CBCf4C0094960B3EFEe3cfd6,0x7215691F60C4fA7Bb82c5Ac44c7d57dc32bB0493,0.0,0.001000009,confirmed
2025-10-24T17:56:42.075961,ethereum_tx,0xffc3288337c669ea069d2916201a0989bb36017e5f5f2d28ae136d7347407c5e,9481636,0x33179D89192B89c6bdF8e7259425DdB58E21A068,0xC0215f0202418568C06b899F5E11245Dbf717802,0.001,0.001000009,confirmed
2025-10-24T17:56:42.075961,ethereum_tx,0x6ff1749096aaf8c3fbd55c484b3f159c283596e42c3f83f716c8417945757f7f,9481636,0xC5FFE3B3a33Eb94ec88fD05773B78E77bDAdd4f5,0x33779342dbB9Bb774abc9777Ecc549FE9dA4ba39,6.32e-06,0.001000009,confirmed
2025-10-24T17:56:42.075961,ethereum_tx,0xed695fbc0da0eeae8b8aa503c591adbab47ffbe3021b2abda85afabe3f8c0589,9481636,0xd64dFF33D948F662EC5a2836FD301aD6b4e930a5,0x3eDF60dd017aCe33A0220F78741b5581C385A1BA,0.0,0.001000009,confirmed
2025-10-24T17:56:42.075961,ethereum_tx,0x8560d4aee200267e40dcf9626ee04fd6c0d90172ca0d8ad2d9999a8435b7cf30,9481636,0x38a48A7c32A60c32853255F4CDC43B5A09B67373,0x853758425e953739F5438fd6fd0Efe04A477b039,0.0001,0.001000009,confirmed
2025-10-24T17:56:42.075961,ethereum_tx,0x5921199095634db1334496c1f77488f7bef54e6c02d158a68574c6d51835e56b,9481636,0x91d6Bf11608ed2Dd40f44a95f3ef222840746577,0x2c02c4F3DB094788bdb60C093D96F834F0FB4bcE,0.8496163611446057,0.001000009,confirmed
2025-10-24T17:56:42.075961,ethereum_tx,0x2d0a81eecd94e43a5854309fce55d10ab8014a18950dd16e3ba0e7519a14d2bf,9481636,0xBDBF434845d43416e8307E6c91B1cD2731Ca6920,0x03C66CB1826BDB0395BF31E68Bf7E873e9564fFB,0.0,0.001000009,confirmed
2025-10-24T17:56:42.075961,ethereum_tx,0x53ef3d57d25db75a5904b00552059efe7b0622fd7660d9afa755ce7c187464fb,9481636,0xE6e5dA74624884FBa5D34b1304c1B7a501a94b45,0x08d2b0a37F869FF76BACB5Bab3278E26ab7067B7,0.00515,0.001000009,confirmed
2025-10-24T17:56:42.075961,ethereum_tx,0xf9e3826c4f28300c77583ddffac85adf5a47ba4048a487f13cf7d7b8415dc70e,9481636,0x4095941de2c980587be8A91745B9f0878b347028,0x2c02c4F3DB094788bdb60C093D96F834F0FB4bcE,0.004226055414670089,0.001000009,confirmed
2025-10-24T17:56:42.075961,ethereum_tx,0x1b9d755b53c9e0b8b0efe161e098747c4c54108bd9cd83e46e7d31234ab4ced8,9481636,0x3Da763C42E438eB17880fB6A83040d6cf13eF03b,0xFf00000000000000000000000000000000042069,0.0,0.001000009,confirmed
2025-10-24T17:56:42.075961,ethereum_tx,0xdc728920c0c9afce6b2da5e33dd2c9b2dbffd5a7e1fd9b9921c19415b7c4ee3e,9481636,0x5d72984B2e1170EAA0DA4BC22B25C87729C5EBB3,0xd4116f515A6958da851080B390DDE4B81f408978,0.0,0.001000001,confirmed
2025-10-24T17:56:42.075961,ethereum_tx,0xde76cd9501829d7427972fd95ef7ea73a47d5394104628bc76cb01784381f581,9481636,0xD72cd1a43923b4Ad362B7a6BcD5AfEd7C92AC2Fc,0x956962C34687A954e611A83619ABaA37Ce6bC78A,1e-06,0.001,confirmed
2025-10-24T17:56:42.075961,ethereum_tx,0x3051c7f9ba46d4559525fa0e94837f05382565cb4f42c16c0ef00552465ae030,9481636,0xafdcCe1Cad7a083860D73f2d62C2090292DBA171,0x956962C34687A954e611A83619ABaA37Ce6bC78A,1e-05,0.001,confirmed
2025-10-24T17:56:42.075961,ethereum_tx,0x6dd50ead88e70ccbacc9e9c19d9bd1d7de6069d70a38a779765de8ff6229c2e2,9481636,0xe03F5Eea59b3e719653d522811A49E089FA0DE8e,0x956962C34687A954e611A83619ABaA37Ce6bC78A,0.001,0.001,confirmed
2025-10-24T17:56:42.075961,ethereum_tx,0xe56d4913cdde0c12985d3ec0e572e77f99e9d61bd15d8e834e248961750b3156,9481636,0x65C1daB5A49AbD4261627CF5074ee41a2e74AC73,0x956962C34687A954e611A83619ABaA37Ce6bC78A,0.0001,0.001,confirmed
2025-10-24T17:56:42.075961,ethereum_tx,0xf58297a328108ff7a7592089c9794c05e84712ca74005603125a6a2c0a0902ea,9481636,0x4B91938B8952eC5382F7103EbB708D128cc0AF5c,0x956962C34687A954e611A83619ABaA37Ce6bC78A,0.0,0.001,confirmed
2025-10-24T17:56:42.075961,ethereum_tx,0xbbe8f4f9e2f4a49b051dd0fdc9d273c1732e6868649501f21923a5d734ec3fa0,9481636,0x9C8FaA60ac71ad698FA1E9ba77C7F409eF4834cf,0x956962C34687A954e611A83619ABaA37Ce6bC78A,0.000132,0.001,confirmed
2025-10-24T17:56:42.075961,ethereum_tx,0x3fcb0c8099960936f278f93501b6760eec7f45deab861666732a65e5ec3af266,9481636,0xB0752cCA8b78aAB13eA9bE15f9C2b88Fd8B6F043,0x956962C34687A954e611A83619ABaA37Ce6bC78A,1e-07,0.001,confirmed
2025-10-24T17:56:42.075961,ethereum_tx,0x58f15f5278469e3149584ac6931b3e269c35613fb8cd7bb8a780894d0d711468,9481636,0x86998d563F47e9cC192be06a5701b1602C441140,0x956962C34687A954e611A83619ABaA37Ce6bC78A,0.001,0.001,confirmed
2025-10-24T17:56:42.075961,ethereum_tx,0xcdd4e54bd67e692b67f093d3a1ad36057d5c7781b4c3c7b8d6028df1d5e97c54,9481636,0x41328a9C472a5e33faD4243F41fD8C66b7636CA7,0x956962C34687A954e611A83619ABaA37Ce6bC78A,1e-06,0.001,confirmed
2025-10-24T17:56:42.075961,ethereum_tx,0xa5f780afbb11e6b238de224b3118416e84cabe7a5f16a4d5d126357c655c87dd,9481636,0x4DF959EE954F0137d1508c3a700b7750aA3fCce4,0x956962C34687A954e611A83619ABaA37Ce6bC78A,1e-07,0.001,confirmed
2025-10-24T17:56:42.075961,ethereum_tx,0x93f78dd3bc4bace595f6b09d2ec592bba41c84f89f910e8dd8ee021ce275170f,9481636,0x6DcB31909B36221a12dDa46d96dBb8F3cf04eB4B,0x956962C34687A954e611A83619ABaA37Ce6bC78A,1e-06,0.001,confirmed
2025-10-24T17:56:42.075961,ethereum_tx,0x463f08ca02d9ff7ffe5c656f9b531592f44860f1062b40bdfef2665edf66eef7,9481636,0xFB59D58dbED1C5bBc94b119A3Dc06577d2BF2539,0x956962C34687A954e611A83619ABaA37Ce6bC78A,3e-06,0.001,confirmed
2025-10-24T17:56:42.075961,ethereum_tx,0xb3f9d5011f8275236702d6ee9322d59ade14a515868a8e9a12149f39da5f1147,9481636,0x26cDc7A5B7b2411e1fE3fe1b486210E2227Bf7Ca,0x956962C34687A954e611A83619ABaA37Ce6bC78A,0.0001,0.001,confirmed
2025-10-24T17:56:42.075961,ethereum_tx,0x6ac5b6ff4a3b3bf3917d9c7e72badd2f4bc6a51c5fc947262d210524d2df7006,9481636,0x828D8964D97564075c76d681A001C1336a2397aD,0x956962C34687A954e611A83619ABaA37Ce6bC78A,1e-07,0.001,confirmed
2025-10-24T17:56:42.075961,ethereum_tx,0xe030a27d7958f631bc2c9c5e50e0e98ed541cf211798feafd0666ec86991860a,9481637,0x3C95c2633296B264d051498C4b2e982EbB526A53,0x3C95c2633296B264d051498C4b2e982EbB526A53,0.0,4.1,confirmed
2025-10-24T17:56:42.075961,ethereum_tx,0x91f9b94ac04c823012cc69e3fe4a77f28b7408edc1acca5a1e6c4c1fc7ddb960,9481637,0x610FFa95ec35F3fcA2FfBb615cAAfdb0d49dCB18,0xcA11bde05977b3631167028862bE2a173976CA11,0.0,3.000000009,confirmed
2025-10-24T17:56:42.075961,ethereum_tx,0x598f64fc74f2a421c11145499bee8b50eb041c6d28185b19006c7018baeb50e6,9481637,0x55A07F9f7eD7F110c2Ddd8f2f5d8677Dc94aF4E2,0xeA30c4B8b44078Bbf8a6ef5b9f1eC1626C7848D9,0.0,2.200000009,confirmed
2025-10-24T17:56:42.075961,ethereum_tx,0x6c38fd98a592f302b1dbb8eeae52018396d2253668fad30b2e093cda8c98f83a,9481637,0x4AB3387810eF500bfe05a49dc53A44C222cbab3e,0xFf00000000000000000000000000000000001301,0.0,2.000000009,confirmed
2025-10-24T17:56:42.075961,ethereum_tx,0xd07184f9661690a2bb49e899adba65a3e1cf1cf1a538d31a0b1deaad5bf64b00,9481637,0x615E0671717121f54A741f5CEf5aB14d9E8f0695,0x0071679f8024e420A6E2138B2F3bAaA3095BC782,0.0,2.000000009,confirmed
2025-10-24T17:56:42.075961,ethereum_tx,0x3d23180e022fc8e534c61cbafc3d15ca7c41bf7ffe02305a9d58fd769e7047b6,9481637,0x6Cc9397c3B38739daCbfaA68EaD5F5D77Ba5F455,0xe32F7df751fc64F48108a8b460830f1fF49ae560,2.5,2.000000009,confirmed
2025-10-24T17:56:42.075961,ethereum_tx,0x7b20bb6b12a428d728cb43bdf6c07b8763261a586ecf8475964d53567e872745,9481637,0xECD996D256B935C2AC08Fc0331Fce81351F84e66,0xA258524D11C6b71592868d20258E16BF8DD31d83,0.0001,2.000000009,confirmed
2025-10-24T17:56:42.075961,ethereum_tx,0xdf8c35c4b156a0426d3ea9bcb1c39ce5183f0f2f8d9d3c78824343ea366f34c4,9481637,0xECD996D256B935C2AC08Fc0331Fce81351F84e66,0x1c7D4B196Cb0C7B01d743Fbc6116a902379C7238,0.0,2.000000009,confirmed
2025-10-24T17:56:42.075961,ethereum_tx,0x8a843b7950e11243a46d7a0aacd44ac81b11d2ba64fb0f23565512c27949a177,9481637,0x6Cc9397c3B38739daCbfaA68EaD5F5D77Ba5F455,0xbeB7110D780BADE84DeB040F871644F75d1CaaF3,2.5,2.000000009,confirmed
2025-10-24T17:56:42.075961,ethereum_tx,0x52bd592e94a0c495dcb6ecffeb3291d6c5fc519be428a696555efb33f6f200b2,9481637,0xE7e188ffCdf2C8A3dc38a855c3B1d649eB691d1D,0x51372558b0b9205E6c42d804311be7DaBE532885,1.0215007,2.0,confirmed
2025-10-24T17:56:42.075961,ethereum_tx,0x5dbd149f0d2075dda7d4725f804cbd7b84b9b8e84199a2a9a28a8dee0380ea1b,9481637,0x2dacD4db3efD54D30A08935Ae920Ce2238C39367,0x51372558b0b9205E6c42d804311be7DaBE532885,0.36808098,2.0,confirmed
2025-10-24T17:56:42.075961,ethereum_tx,0xaecc6e65b56a9e1901d087f368306800bb5bd97c9a906259ff0cb348dca8d643,9481637,0x67a3638A898077D01d8d38Ca5856Cd194C12Ca27,0x51372558b0b9205E6c42d804311be7DaBE532885,0.58473076,2.0,confirmed
2025-10-24T17:56:42.075961,ethereum_tx,0xfb2a5a548259ab5102c0c945183eb053b632596c8ed942b9590bdffc516e0f49,9481637,0x555f6544cecdf8Ce7a009516a392411b06C6df70,0x51372558b0b9205E6c42d804311be7DaBE532885,1.81225834,2.0,confirmed
2025-10-24T17:56:42.075961,ethereum_tx,0x5e5aea4801a1a8d22c0ed9fbc63317d6334c207c142c40cd985d8c39cd572062,9481637,0xe3Af309aE645E5D57c47BC29c222b2E633961fb7,0x74004d8F4094Fc628A1f9A9240CDa90B81F113C0,0.0,1.500000009,confirmed
2025-10-24T17:56:42.075961,ethereum_tx,0xcfa2dd279f2e1cb87c7396e7414aab5bda248d976be74f94f07825e00630ed58,9481637,0x014a923F0455f18190a207C5b1749c5F7dcCAD15,0x3A9D48AB9751398BbFa63ad67599Bb04e4BdF98b,0.0125,1.500000009,confirmed
2025-10-24T17:56:42.075961,ethereum_tx,0xa9184dc8d752406f9a0cf8f04e6a9e08a8f815fe977e08293ab7c6ba5507c960,9481637,0x384E822f6e8b112F743CdDcB4306fB05973aD632,0xBC04d69Ecd7890699b2BE7924eA86474e15098E6,0.599968499999895,1.500000009,confirmed
2025-10-24T17:56:42.075961,ethereum_tx,0x6a4c98e0e082e3a26f148270ebd7b432d9ccd6bbaad965a371f198c82f6c4b0d,9481637,0x5D8e07909b334fd920efeBc0cfFE44f4F3d54205,0x85ba72E242f899EA77fc4c0AfFec609422937Ec8,0.0,1.500000009,confirmed
2025-10-24T17:56:42.075961,ethereum_tx,0x47d6cc00fc99ea22cee1b9317f2a8a99b26b98062e4b0c185761c9ed9c105034,9481637,0x9CD77b2f93Dc90579842657e2344BD3403732374,0xd168Bd031aed253D6333f14468946eea6C75d2F8,0.0,1.500000009,confirmed
2025-10-24T17:56:42.075961,ethereum_tx,0x354b3350e703e783f93f0e76ac8dc68a805001b9518aed7f6343245eeb55ccf0,9481637,0x75Ae41096D6FE364994f84f815dcA8c416c754d3,0x75Ae41096D6FE364994f84f815dcA8c416c754d3,0.0,1.500000009,confirmed
2025-10-24T17:56:42.075961,ethereum_tx,0xf5387561086e52f564ee12a880802700c3553b67bfd3e53aaa0f11cc87cb53bc,9481637,0x505EE5a07168886407B4E0230A2daBa4Fa1c1483,0x43Fb6375c6d4CF24480D910799403c01E2f37569,1e-05,1.5,confirmed
2025-10-24T17:56:42.075961,ethereum_tx,0x825d9a7ee69e4331a8ce39c38bfed18631bd756e7b80e020447d7171d352961d,9481637,0xD107ce1B6462c16bF813fD10805E22Fe86270ACE,0x2A4496bbC344414e3bDbE6a8E7c40EF007DAeEd1,0.0,1.5,confirmed
2025-10-24T17:56:42.075961,ethereum_tx,0x226b146b3157f40bddf89b9ba0e173271fcf2a2fa97019db63dbafa46ce4aae8,9481637,0x8BE4f8A0dfdB5cfda789a7F42F3a63a219509a83,0xB51c1a8799e79FbA82d0D742BfA3660b8A4CcBdf,0.0,1.5,confirmed
2025-10-24T17:56:42.075961,ethereum_tx,0x2268c2b55e0873bd4df1b7daadc52194f9e11ed0bb6afef52a8a64e9c991f79e,9481637,0x923CB3186eaD11AE655258875dC9fa96189A2426,0x2A4496bbC344414e3bDbE6a8E7c40EF007DAeEd1,0.0,1.5,confirmed
2025-10-24T17:56:42.075961,ethereum_tx,0xe64f90a53e2e0b9bc08bc8365768774ab2f45d11bbd68e0b4a6af7e15884a64f,9481637,0x3c028d92813AD43Adf3831ac1106E544A94Ca1AE,0x2A4496bbC344414e3bDbE6a8E7c40EF007DAeEd1,0.0,1.5,confirmed
2025-10-24T17:56:42.075961,ethereum_tx,0xdeb06d64fb33c916bee376fd72e178b3bfaa3d2cb4ffb46af1229e4a432bcefa,9481637,0x3965173254Ee7060b34f96e083046fbEf43CBC60,0x2A4496bbC344414e3bDbE6a8E7c40EF007DAeEd1,0.0,1.5,confirmed
2025-10-24T17:56:42.075961,ethereum_tx,0x95fc7374525120586f64d8587092055ef01baba1298915de42c0b62c0bd2c986,9481637,0xD61a6BaB67F89A1789Cf0C324b0cCdb0e66BfbD6,0x2A4496bbC344414e3bDbE6a8E7c40EF007DAeEd1,0.0,1.5,confirmed
2025-10-24T17:56:42.075961,ethereum_tx,0x2b96a730fd1bf0c1a27713ed9b628bc489b3e2efb6eaa7b6664900f44d6c2dd8,9481637,0x6DEFf02001A86f794886e9140bBFC126d12707B0,0x2A4496bbC344414e3bDbE6a8E7c40EF007DAeEd1,0.0,1.5,confirmed
2025-10-24T17:56:42.075961,ethereum_tx,0xd4a08266cb32de762d88710873556ca68d34c530913037e9aff9c00f5a448977,9481637,0x0632215e32658508fC985BB80f22eE71377F7aAE,0xFF00000000000000000000000000000000743111,0.0,1.000000009,confirmed
2025-10-24T17:56:42.075961,ethereum_tx,0x2e1854df474782136b76bfc9120dd6375ada42433b9a259f5ee7a15b8866766e,9481637,0x0d81b78b1A476e68D2A08910C6f17bb9dEda50d9,0x0b75bA0BBa2CFB2e39Fe156532db34Bdb17DC171,0.0,1.000000009,confirmed
2025-10-24T17:56:42.075961,ethereum_tx,0xa557ebeb1e8983f15856735d34866b8d21c9f62f746909c860db9c307ac99647,9481637,0xe0bEa9f97559A5860edaDE603d4B8907bc460A28,0x102E0911cdC1f5505c2A64Dc499Cf04ADA974B78,0.0,1.000000009,confirmed
2025-10-24T17:56:42.075961,ethereum_tx,0xf0367936ea0e384960e682a08e5b6de2c88ec1f625c68ebd96b7b56eb16ae140,9481637,0x376D5A418734288359e04A0086E647281f8EF78e,0x2E16B0B60866c98f37f9ADa84304b119C683de13,0.0,1.000000009,confirmed
2025-10-24T17:56:42.075961,ethereum_tx,0x29fdd6071129d1d27c51a5ee663d587db835f67b31e6fdb35182be2fb38f34fb,9481637,0x1361234CdD2598D5C49Be7b460936Ed1A718b841,0x4231396dF13aCCD9c1aB682d69ADeFcF9aA4463e,0.0,1.000000009,confirmed
2025-10-24T17:56:42.075961,ethereum_tx,0x3a1bdb4c14d1950d9a47b9dfbe125b8359b0b1637a38909de6396dacf6f1b1b5,9481637,0x3A76FB973Efb6C200c1C971604d920F2A28b2D10,0xC084142720ad7fb2b43769cafcC2777fd86F2fe8,0.0,1.000000009,confirmed
2025-10-24T17:56:42.075961,ethereum_tx,0xcb94a1b99624ca5222ad36f96d1c299a70c66cfd06d25716a19d23c305c0b788,9481637,0xB70C8Ba967B7c4d26661D1cF29d520651A97Dd3f,0x77901918D6A3D9Ad58F44420bb32ec51E7B6Fc7A,0.0,1.000000009,confirmed
2025-10-24T17:56:42.075961,ethereum_tx,0x41b41e7e4fa29ab662704fc1e0c27b6fa61fd06d6a4913e117bab394a4d20107,9481637,0x853e8588EDC5676495ff84607208d90b4FB3E98E,0x7b79995e5f793A07Bc00c21412e50Ecae098E7f9,1e-07,1.0,confirmed
2025-10-24T17:56:42.075961,ethereum_tx,0xcbe37df3cf701ce4a94cab47d9ac3ad9a849249e99c493abb33741f9680c6774,9481637,0x859109517bdFC3FbB262447F4C085F043eCc89f9,0xf993E10C83Fe26DddFc6cb5E82444C44201e8a9C,1e-06,0.020000009,confirmed
2025-10-24T17:56:42.075961,ethereum_tx,0x9f658f753d1ede65b262aaeebf02412aff7b91c1cc0d1644b6097d4b938a69ad,9481637,0x24CDd94160947Ca74C0eEc3a963baaf9f20A9327,0xf993E10C83Fe26DddFc6cb5E82444C44201e8a9C,1e-06,0.020000009,confirmed
2025-10-24T17:56:42.075961,ethereum_tx,0xbd50c935afdf3922b1405a94ead6ca2b9a088d3b933806621853ca3d0027f862,9481637,0x8b50Fd652fe352F1392052dE40A27EaAdc555516,0xf993E10C83Fe26DddFc6cb5E82444C44201e8a9C,1e-06,0.020000009,confirmed
2025-10-24T17:56:42.075961,ethereum_tx,0xecd817e262f753910cc25be2704d1722d7769ed608dc1377ab2315eb252a004f,9481637,0xA68726CA95D1eFE1e2F4eB1A5c315C204D7Bfee3,0xf993E10C83Fe26DddFc6cb5E82444C44201e8a9C,1e-06,0.020000009,confirmed
2025-10-24T17:56:42.075961,ethereum_tx,0x89bfe754699a204030636a40784f87f7426f872c39eceefb605ebe69223f334e,9481637,0x0ea879CdfB7dD062e4bA235F74F4E36b265D59e1,0xE09d6B1Abb4B0d2Dbd6E948577d1e4d04C85aDA5,0.0,0.001562509,confirmed
2025-10-24T17:56:42.075961,ethereum_tx,0xb9d0e82ca1845dd3ae8c0755aa14f79e44ed49b3d44f3acfdca3d5a136e5c83f,9481637,0xd5e230D329bEf05d2DE11964223aFCE3d58A1cbf,0x956962C34687A954e611A83619ABaA37Ce6bC78A,2.7595509322926e-05,0.001500013,confirmed
2025-10-24T17:56:42.075961,ethereum_tx,0x7ed07b8e94d1e97860b0298fcd27feef8670cf26a947641b835f1ff84f0a74e7,9481637,0x27445bb7B2e3AaE46f7Cb22be8ea45719733BD4C,0x956962C34687A954e611A83619ABaA37Ce6bC78A,2.118602409285e-06,0.001500013,confirmed
2025-10-24T17:56:42.075961,ethereum_tx,0x89185d873e62eca8385ab608b75ccaddd9d80bb36d5aa6bb8cb3db5b657a397b,9481637,0x6d7927C0D236388319864007681BC0C6b844Def8,0x12e1181a741b70BE6A9D81f85af3E92B6ba41897,0.0,0.001300011,confirmed
2025-10-24T17:56:42.075961,ethereum_tx,0x471cc9aec2e2976a72f86bf2b1a7ebe1da88b8b45471d4d025a5474bce85c8f8,9481637,0x65141CA3329DA9A83458017474b5Bc62097Cf24f,0x69C6b28Fdc74618817fa380De29a653060e14009,1e-18,0.001200009,confirmed
2025-10-24T17:56:42.075961,ethereum_tx,0xdec33cc148ccf7f2957bb635975bc1d2ecedb62aa23219bbaea8c25bdcf16e27,9481637,0xb3a1956Cff1ecc8054B81b0C83b9847CB71384b8,0xCf8EDB3333Fae73b23f689229F4De6Ac95d1f707,0.0,0.001066676,confirmed
2025-10-24T17:56:42.075961,ethereum_tx,0x12f63123986a34b9ff605736f8d8449b062b155b57b7d4bace37621ac1dc1f81,9481637,0x61d8838f9A00250C9AF13D622DA7c08c372ee587,0xCf8EDB3333Fae73b23f689229F4De6Ac95d1f707,0.0,0.001066676,confirmed
2025-10-24T17:56:42.075961,ethereum_tx,0xa2dcb0e3b8cc603164b03a9f25b734052b7c6b86156fa2e38553531bc03a7d53,9481637,0xb3a1956Cff1ecc8054B81b0C83b9847CB71384b8,0xCf8EDB3333Fae73b23f689229F4De6Ac95d1f707,0.0,0.001066676,confirmed
2025-10-24T17:56:42.075961,ethereum_tx,0x13f12fc40b5ce2ec2af8dd271414b66b8fbe30c07eaf8aa864556770c047cd89,9481637,0x1f9162aDf495696C72Be2473e62C51B7B6fd2E50,0x7554E3D8544CC2eb8Becaa7b6dEc64802Ff2d34C,0.0,0.001000009,confirmed
2025-10-24T17:56:42.075961,ethereum_tx,0x0ecda77ebe2566ddd23116946a148cab2e7b70a94cea6fa0c29d24e6f5336043,9481637,0x5641a1E8651DE500838bed93E62e3E06a4D0e683,0x7d2867Cb6dbeD186DAB6d1562D524527fE2D8046,1.4e-05,0.001000009,confirmed
2025-10-24T17:56:42.075961,ethereum_tx,0xa8679bb5c913e0c699b84a1724dee64de5a00a5b9f7c2c0d876fc4173a37affe,9481637,0xCA6F48d2ac180E23Bfff57cDa18ABbA1c698cc7A,0x87A3effB84CBE1E4caB6Ab430139eC41d156D55A,0.0,0.001000009,confirmed
2025-10-24T17:56:42.075961,ethereum_tx,0x75ac440e7ea4d4c3064e4cc9a35d3d966d32589cab688086d8df7d464115125e,9481637,0x1FFA89cf51Af16F467244D979A8a15A35953bde2,0x87A3effB84CBE1E4caB6Ab430139eC41d156D55A,0.000955,0.001000009,confirmed
2025-10-24T17:56:42.075961,ethereum_tx,0x5603075ab1acad9fe8545bc2651d0c2ab53b58de94386bd3a6c9a53a7a3a442c,9481637,0x3840D59E77871D7Cf9A03d397785272ECfD94Ee5,0x595609F8B645B7DDF3d382dD382BCC19B9e71748,0.0,0.001000009,confirmed
2025-10-24T17:56:42.075961,ethereum_tx,0xccdf9b608acf2ea3a9f201ecab1ec0d972f50e71b932386a44040c9bba9317d6,9481637,0x0B0e2673A1CE96a115c2c53e1304eD4640294856,0x08d2b0a37F869FF76BACB5Bab3278E26ab7067B7,2e-06,0.001000009,confirmed
2025-10-24T17:56:42.075961,ethereum_tx,0x4eaa4f5827df4d85620ac68c0c73a17104bb0924460e2203bc78bdb4a15d12e6,9481637,0x15391181943fF4B1305571411ed6ED05D21d9CC0,0x0000000000000000000000000000000000000000,1e-05,0.001000009,confirmed
2025-10-24T17:56:42.075961,ethereum_tx,0xa9c804cf47c9ea2070411f621be700566651eb64094d758cdc6b79ea2798e595,9481637,0x54f978be913780d3F0215448bE9cF4c14Be95bb4,0x3eDF60dd017aCe33A0220F78741b5581C385A1BA,0.0,0.001000009,confirmed
2025-10-24T17:56:42.075961,ethereum_tx,0xde8e911291daf8820bd157f5f416dc16e379eb8a3c6e0ed9b23033fe3152c804,9481637,0x79f8892bb6956A424cbE0cFcfef4a7A447aF3DBe,0x08d2b0a37F869FF76BACB5Bab3278E26ab7067B7,4e-05,0.001000009,confirmed
2025-10-24T17:56:42.075961,ethereum_tx,0x28210cd7951113fca7b17a74898be7258c38f5d544cbce265f2145ca72bbc1eb,9481637,0x976C95e6fE5D39e0b1daB5Beeb927Fe849418607,0x08d2b0a37F869FF76BACB5Bab3278E26ab7067B7,3e-05,0.001000009,confirmed
2025-10-24T17:56:42.075961,ethereum_tx,0xa5414aa284b8d6428d45a6ad7914bd4d3f6230c99bd6083e04f0efe2de8a6d60,9481637,0xC2fdc9bFfa2CF051bA345d251Bc04141c1A97098,0x03C66CB1826BDB0395BF31E68Bf7E873e9564fFB,0.0,0.001000009,confirmed
2025-10-24T17:56:42.075961,ethereum_tx,0x6e4dd78eb682fa89bdcb0fe8831eea0737383a9da839ddd7c84bf46042a8b669,9481637,0xC5FFE3B3a33Eb94ec88fD05773B78E77bDAdd4f5,0x8d93A58C4c869613e1242eCEaa2F68d6aA852274,7.39e-06,0.001000009,confirmed
2025-10-24T17:56:42.075961,ethereum_tx,0x0bfb85ba69a506f484a69724bada40b9a318dcb2e0e894be5ee945d3497d218c,9481637,0x55262d29AE5768035567E27F7A11F02683023423,0x7215691F60C4fA7Bb82c5Ac44c7d57dc32bB0493,0.0,0.001000009,confirmed
2025-10-24T17:56:42.075961,ethereum_tx,0x7410f08c606e30bc8be2777dddaa79954f71a94a97c5dbbf704e7f1bf891c4d0,9481637,0x160F016a27F7aB71f2063D0cE28fabF79F899f59,0x03C66CB1826BDB0395BF31E68Bf7E873e9564fFB,0.0,0.001000009,confirmed
2025-10-24T17:56:42.075961,ethereum_tx,0x4ca06fa256ecfc4efca7ba670b728da97511cf39f48180e5c0f80305c7d14168,9481637,0x1A19f492db0ed95b0CCBa852CF59358C34783a38,0x03C66CB1826BDB0395BF31E68Bf7E873e9564fFB,0.0,0.001000009,confirmed
2025-10-24T17:56:42.075961,ethereum_tx,0x48847fd461b2831e06dd8973beb8aa1af895d95d8f1f34d9746e41fede5b0cb9,9481637,0xf9cFC2a5Bb94A499bA3C96Cb2Bb3Ed1b5a0804a1,0x7215691F60C4fA7Bb82c5Ac44c7d57dc32bB0493,0.0,0.001000009,confirmed
2025-10-24T17:56:42.075961,ethereum_tx,0x426edcebabf33bb3a8ac651dec85a8ac931d77ec536f05f9ab7121ad1694a74e,9481637,0x543d829E4a7C18F485D4B0CC1C12B67be69bD189,0x03C66CB1826BDB0395BF31E68Bf7E873e9564fFB,0.0,0.001000009,confirmed
2025-10-24T17:56:42.075961,ethereum_tx,0xb06b976a4cf41b03444a37a7cbce1f8aa0d51cbd2c1d39e22ee44ca3aa18a8cd,9481637,0xe5D46DeA61e67e95D47e752bd6CC7c1E2939DD9C,0x03C66CB1826BDB0395BF31E68Bf7E873e9564fFB,0.0,0.001000009,confirmed
2025-10-24T17:56:42.075961,ethereum_tx,0x7daf4338b63166698026bb70386cf68544e780d8360926e76fb7adc794399afb,9481637,0xcD12Ed9b63603bc9685Cda552c0156d9b297b41F,0x87A3effB84CBE1E4caB6Ab430139eC41d156D55A,0.0,0.001000009,confirmed
2025-10-24T17:56:42.075961,ethereum_tx,0x7942b8fac0eb629928784d13d3645e03046fa313e875ebe4685a4b8171e59227,9481637,0x4b93134fc71Cb4879b15995d942963b55d192902,0x03C66CB1826BDB0395BF31E68Bf7E873e9564fFB,0.0,0.001000009,confirmed
2025-10-24T17:56:42.075961,ethereum_tx,0x44c1e953cd69b5de90e4c97383cf5f12624006b72a5f8b00c46271bf383ff777,9481637,0xEAF1B166a3D8e937283bB0FCFe07279072DCce57,0xB230726CB712Dd56efF32F075D37C53e3C5fA14c,1.65e-06,0.001000009,confirmed
2025-10-24T17:56:42.075961,ethereum_tx,0xa910b462f51f5a43dc4f326bdd9b60b9ecf353cd805fb93a823540abab7cbfb0,9481637,0xBf2da8Bf99AB5b6b9F6203559e6AAf1e69199131,0x3FDb790A991194665A618d94d81c111196c57d21,0.0,0.001000009,confirmed
2025-10-24T17:56:42.075961,ethereum_tx,0xb37730baab5ee62ed5bc1c50245d15996d52fb7392fb0eb10ee01bf4b5247c2c,9481637,0xB3C259f1235A50Bd0B8aA2E588648c106F6F3816,0x0215f8e5e81B75799Ae38232420377339d811796,0.0,0.001000009,confirmed
2025-10-24T17:56:42.075961,ethereum_tx,0xa44538a4e60db4029ff146f81d5a1db0d63f5c24bd4b567c6b61230384632695,9481637,0x28B2b7f94Ebd6b954e5651EBb7519CbC5fe4593e,0x8a4d2CCCD3855b8f6f78B31CBB3bf85c7191aB1B,2.1e-06,0.001000009,confirmed
2025-10-24T17:56:42.075961,ethereum_tx,0x9943d85fd2d13b19c316a1b51cb69455ad7b6812afc62b72a104770fda25066e,9481637,0xF6c39a72A02F345B2a786CF5d4890A697a9e249d,0x7215691F60C4fA7Bb82c5Ac44c7d57dc32bB0493,0.0,0.001000009,confirmed
2025-10-24T17:56:42.075961,ethereum_tx,0x5c02168312629403ffef07894df336fa3923cbde1675c0adb109c781bb816835,9481637,0x1ADE58CDFB3750b1A0b4FBF64b281D4490fa791D,0x08d2b0a37F869FF76BACB5Bab3278E26ab7067B7,5.7e-05,0.001000009,confirmed
2025-10-24T17:56:42.075961,ethereum_tx,0x0b1c46aa950bb305d88a9c67ebced9872db8fdfaa03fd579776cfa08626d44b9,9481637,0x3Da763C42E438eB17880fB6A83040d6cf13eF03b,0xFf00000000000000000000000000000000042069,0.0,0.001000009,confirmed
2025-10-24T17:56:42.075961,ethereum_tx,0x0e16fbb5f64ca9e41885c29ff5e35cab88f848684d7929f66972817b8aeae133,9481637,0xEDaf4083F29753753d0Cd6c3C50ACEb08c87b5BD,0xFCAd0B19bB29D4674531d6f115237E16AfCE377c,0.1,0.001000009,confirmed
2025-10-24T17:56:42.075961,ethereum_tx,0xcc57efd7b9b7fd228b68b702e2f23d0f966be6eaf8619eb110eeef579f3a5fe5,9481637,0x5d72984B2e1170EAA0DA4BC22B25C87729C5EBB3,0xd4116f515A6958da851080B390DDE4B81f408978,0.0,0.001000001,confirmed
2025-10-24T17:56:42.075961,ethereum_tx,0x6217659c3845377c51b6242b5d919480ad7a64381d2b132b416f4dd560497d4a,9481637,0xeC3221F510cFFCC86E0cbb02Dd5A6FEb9EEBA608,0x956962C34687A954e611A83619ABaA37Ce6bC78A,1e-07,0.001,confirmed
2025-10-24T17:56:42.075961,ethereum_tx,0xe2d80d4930e5a7ce378fb80538438788f67e75fb32b2be218c36d2305df77757,9481637,0xAC4c6359917B5D02a35Bb073EF3A15A8eDC40F25,0x956962C34687A954e611A83619ABaA37Ce6bC78A,1e-06,0.001,confirmed
2025-10-24T17:56:42.075961,ethereum_tx,0x2791fa50cf645d246c456cf1ac211d798fba93bb6b1d5448f27b48696cb1586f,9481637,0x65F68c609C4165D108061a2059d6C8FDc0d4F0bB,0x956962C34687A954e611A83619ABaA37Ce6bC78A,1e-07,0.001,confirmed
2025-10-24T17:56:42.075961,ethereum_tx,0x7688e968ccea3fac328aafb44664c956190963a25c0aeb7f9841367eb7e702b5,9481637,0xfdB296476f677e052f24b60cf3e844CE787a89fE,0x956962C34687A954e611A83619ABaA37Ce6bC78A,1e-05,0.001,confirmed
2025-10-24T17:56:42.075961,ethereum_tx,0x050719f04cb7deedb78e91660d7b136f1bfcd9901b7c7ff638a485b7c9cff5a6,9481637,0xF7067502F610fBcFA7158416af7550c0Bb24C020,0x956962C34687A954e611A83619ABaA37Ce6bC78A,1e-07,0.001,confirmed
2025-10-24T17:56:42.075961,ethereum_tx,0xcd7c860dd250c909c38d25e5179ad59a89e31faaf5229c4f7524bd70f1ba01c2,9481637,0x9C8FaA60ac71ad698FA1E9ba77C7F409eF4834cf,0x956962C34687A954e611A83619ABaA37Ce6bC78A,0.000132,0.001,confirmed
2025-10-24T17:56:42.075961,ethereum_tx,0x0b19d7757531363536e08e05176bfd336c443b00d6d8174ed83f4fbb68913fd1,9481637,0xda99Bc27F8E03Cb88b7CC27B9317eE3cbBE77DdA,0x956962C34687A954e611A83619ABaA37Ce6bC78A,1e-07,0.001,confirmed
2025-10-24T17:56:42.075961,ethereum_tx,0xa4215f2c9e34f9db84c68752a133bca40abc9ad154108c3e9e5bbb0a90f613b7,9481637,0x2bF78d2268Ed1776E41323D6A5aE694d8c8F7968,0x956962C34687A954e611A83619ABaA37Ce6bC78A,0.0001,0.001,confirmed
2025-10-24T17:56:42.075961,ethereum_tx,0x05f37d5e886117aa21d99a854c2f2ed3b0413a3782a7ca0543cf78e929e1a7e2,9481637,0x86998d563F47e9cC192be06a5701b1602C441140,0x956962C34687A954e611A83619ABaA37Ce6bC78A,0.001,0.001,confirmed
2025-10-24T17:56:42.075961,ethereum_tx,0x8e0335a79e65f1f0ce92c8e31b64419ef9a84e0dd076552d928bbd461c9f4f23,9481637,0x16c1b18100E4035483C805B1feeCA564C5c61E77,0x956962C34687A954e611A83619ABaA37Ce6bC78A,1e-05,0.001,confirmed
2025-10-24T17:56:42.075961,ethereum_tx,0x9f05b8e727f3f6beae47e75f21715b020e602caafbfdd84049cfcc445416d00f,9481637,0x4B91938B8952eC5382F7103EbB708D128cc0AF5c,0x956962C34687A954e611A83619ABaA37Ce6bC78A,0.0,0.001,confirmed
2025-10-24T17:56:42.075961,ethereum_tx,0xdafb183e8c0e504a3a8cca8ab2f5748a556f6403c3ec45fa6ea35880d0ad96ef,9481637,0x13e6009357AF52E7D564b5914aa97719C8304A28,0x956962C34687A954e611A83619ABaA37Ce6bC78A,1e-05,0.001,confirmed
2025-10-24T17:56:42.075961,ethereum_tx,0xf5747261fbd233992b4ac838da9d5a7a00db45e1b1b3ef1753dc28e7738b3845,9481637,0x6DcB31909B36221a12dDa46d96dBb8F3cf04eB4B,0x956962C34687A954e611A83619ABaA37Ce6bC78A,1e-06,0.001,confirmed
2025-10-24T17:56:42.075961,ethereum_tx,0xd56bd71cd758c72a7e90b4c8b054057d8cc3b4d417f67b7cb70f5e90938d566c,9481637,0x651c1199b808aF233ED0F8a9453651B6b8F3e6a4,0x956962C34687A954e611A83619ABaA37Ce6bC78A,3e-06,0.001,confirmed
2025-10-24T17:56:42.075961,ethereum_tx,0xae7a947c33935111eadd0001e3b8a94603d29d59899f46764e4c570f0e9b3c69,9481637,0xff8e386D89249068195c8B8f19d53DA032Cc767B,0x956962C34687A954e611A83619ABaA37Ce6bC78A,0.0001,0.001,confirmed
2025-10-24T17:56:42.075961,ethereum_tx,0x635f0ea6b9959ac9c1f656534df21f435ed09a8fad9d06d0a01816b4ed2f2763,9481638,0xf20D4c9790A5615bC07A32AF1fb17832a722feC1,0xcA11bde05977b3631167028862bE2a173976CA11,0.0,3.000000009,confirmed
2025-10-24T17:56:42.075961,ethereum_tx,0x546b45d8e61a1aaba2470115e9dda35adbb50e865ef078bda318733eed5e1f12,9481638,0x615E0671717121f54A741f5CEf5aB14d9E8f0695,0x0071679f8024e420A6E2138B2F3bAaA3095BC782,0.0,2.000000009,confirmed
2025-10-24T17:56:42.075961,ethereum_tx,0xe7e563f1274aa2482c3f29a75bb9d26417ea022415c5854bdf873ad2fe253de1,9481638,0x6B8147C9D326faA79DEC758339568de845A94cF5,0x3a81F59E6BF4238D1ED202f3b06389454De3f204,0.0,1.000000009,confirmed
2025-10-24T17:56:42.075961,ethereum_tx,0x32a511cdc49ca53b52c0457a36502a7c0546589aa95e49081e13f6f522858ed2,9481638,0x3C95c2633296B264d051498C4b2e982EbB526A53,0x3C95c2633296B264d051498C4b2e982EbB526A53,0.0,4.1,confirmed
2025-10-24T17:56:42.075961,ethereum_tx,0x49fc731d4a87edea78060672bbb05a72aa569a4085b4b5bf8f4715e2e4bf5d9c,9481638,0x6Cc9397c3B38739daCbfaA68EaD5F5D77Ba5F455,0x0B4f66740eBd98431A22D03E56555f85A4280657,0.05031899,2.000000009,confirmed
2025-10-24T17:56:42.075961,ethereum_tx,0xbaff9f1c46ce1dcbf88a963658262d49eec855322c46356e79939a12c218cf3c,9481638,0xD844ba11F64d23a7481E24474D2f184e350B9B3d,0x1c7D4B196Cb0C7B01d743Fbc6116a902379C7238,0.0,2.000000009,confirmed
2025-10-24T17:56:42.075961,ethereum_tx,0xae5d020830da7081d4a04745bb7c3ba04492f537833c30db095ddd4641dc4803,9481638,0x70E3Fb28e1794bb91D5bCEB7d66b731d0C61Af8e,0x08210F9170F89Ab7658F0B5E3fF39b0E03C594D4,0.0,2.000000009,confirmed
2025-10-24T17:56:42.075961,ethereum_tx,0xe8ce49e493d007f019ea076efe08cea96fb6e3917ff5128932cc60de16785021,9481638,0x120F247E13347339F477e32c3A7a0e2Ab06A5995,0x2A4496bbC344414e3bDbE6a8E7c40EF007DAeEd1,0.0,1.5,confirmed
2025-10-24T17:56:42.075961,ethereum_tx,0xc93dd80abafa8e25f4efc65293a2249f34905c52a5a208f9a74fb942e4303696,9481638,0xAed17De0d83C814d4cDF03B41F744aa6222B0820,0x57c5dC670eB6f571bDD8Fc1CF178c46c9A917A74,0.0,1.5,confirmed
2025-10-24T17:56:42.075961,ethereum_tx,0x173d211d6919536d692ba7e7a97967dbf448a8c8f85c0ade44ad26766543316d,9481638,0x33a89a713469327Bc0212965FE680Be5bdFa755c,0x2A4496bbC344414e3bDbE6a8E7c40EF007DAeEd1,0.0,1.5,confirmed
2025-10-24T17:56:42.075961,ethereum_tx,0xfdb6425ca5e9deb44a0fc2d7883d8ae7501c15f66d3402aa8975e73f5a885379,9481638,0x9F89028846333e81AeB5755DbB06b3AA1177fd06,0x57c5dC670eB6f571bDD8Fc1CF178c46c9A917A74,0.0,1.5,confirmed
2025-10-24T17:56:42.075961,ethereum_tx,0xe87100de79f47b66100a85a51edd36315d7f883d65f7919a56bc6558f4a267e8,9481638,0x275825447F8D5C145F07ecE6Dfc08E3C0da5AbCe,0x2A4496bbC344414e3bDbE6a8E7c40EF007DAeEd1,0.0,1.5,confirmed
2025-10-24T17:56:42.075961,ethereum_tx,0x4e751641faaa95d1ab5b6f81a76a2b6f7d9eb57325d8751e4eae23609cc87b67,9481638,0xC5fD2d2b4a035735F03ddD06B0500bD8e2480715,0x2A4496bbC344414e3bDbE6a8E7c40EF007DAeEd1,0.0,1.5,confirmed
2025-10-24T17:56:42.075961,ethereum_tx,0x2d42c00f50b953b26f14ec9332251aca414787486851e93da5b49d539ccdc05d,9481638,0x353377083b7c8Dc2D88210406d7103f04cBE9Fd4,0x2A4496bbC344414e3bDbE6a8E7c40EF007DAeEd1,0.0,1.5,confirmed
2025-10-24T17:56:42.075961,ethereum_tx,0x7f8014092f20fc3b1810a196bf048298649cb9e5e40898a845d23b735b8e7e97,9481638,0xdffC8dE4EC8B2c51597887a9f90052A6fC466585,0x2A4496bbC344414e3bDbE6a8E7c40EF007DAeEd1,0.0,1.5,confirmed
2025-10-24T17:56:42.075961,ethereum_tx,0x20788420685cbee4cd8c01a453ddd3684a14f5d3260ff8807bb7978c25881b16,9481638,0x26Ddf4DddeCfac97B3359d24D426dCe006B0c58f,0x57c5dC670eB6f571bDD8Fc1CF178c46c9A917A74,0.0,1.5,confirmed
2025-10-24T17:56:42.075961,ethereum_tx,0x88499575da844e1e9f43db2dc6db0f9dad61b6d5e6640c408320bcab4f462c36,9481638,0xc6e62F7909A8Db1762eb7C809F928f94C8DaDdf5,0x2A4496bbC344414e3bDbE6a8E7c40EF007DAeEd1,0.0,1.5,confirmed
2025-10-24T17:56:42.075961,ethereum_tx,0x81f6d8c0b1b1b1d331ed9cc86a11fe836a2b66e54240d2964505c7673e50b305,9481638,0x36a3F6085732B0835c7A1EE4A681361d57920671,0x2A4496bbC344414e3bDbE6a8E7c40EF007DAeEd1,0.0,1.5,confirmed
2025-10-24T17:56:42.075961,ethereum_tx,0x4c6cecfb25097391f5526ab4c3ff2c462ff49ea1da5d2c86c2aeb66969627241,9481638,0xF0FEd0C0192539a1076d8BDa1233f414704d98Be,0x00D22efF04CF7d0f5A355A6D9A06E43120398dA6,0.0,1.000000009,confirmed
2025-10-24T17:56:42.075961,ethereum_tx,0x5e99e136fb066454c99d907a61d374e8f3f45a56021b65321491a1a0dafbe9c5,9481638,0x0a62Ab09C1e26Fec0d31DE5caA15AEcC9143AAdd,0x0053F4C6Dc77F13299336248208AaE839196a724,0.0,1.000000009,confirmed
2025-10-24T17:56:42.075961,ethereum_tx,0x830986648335fb923d3d847104b377cdb320ba9dfe0bf5806aff13de8cdea518,9481638,0x1a8f1cec95Fa6f418756bb99c3D67544b9d46F6F,0x00a431E8Bcf6B683F52FDb687101826D374ba8aC,0.0,1.000000009,confirmed
2025-10-24T17:56:42.075961,ethereum_tx,0xe0ff667416d96b7ebf0c518a8980e9e9e58d50203c040af06460c071c9a98b3c,9481638,0xEbDf9256B79b2ca70Dfc4392280f4D39C64E48E4,0x157dF160081dC8b97900F4D0D276ed8DEa29976d,0.0,1.000000009,confirmed
2025-10-24T17:56:42.075961,ethereum_tx,0x96956d46ca505791ff18e5f0aa50d9e94af20ab97f2e6bd903c8731a18c124d7,9481638,0x45A9E762151139bA4059404989DcFAb068D69823,0xFf00000000000000000000000000260011155008,0.0,1.000000009,confirmed
2025-10-24T17:56:42.075961,ethereum_tx,0xd76851b6173e9cbfe4b0acb048a5400dd4b10bb7d6f540e9626055a301f881c1,9481638,0x2a66A77dEe2ec1c6c59A33b070665607d777B122,0xb9248E5E679E251443a52f0d481C6736162ceA0e,0.0,1.000000009,confirmed
2025-10-24T17:56:42.075961,ethereum_tx,0x59700e81c20ebefb6e8cd630083e6968224bf3e13c819847529f0e7bfcff4694,9481638,0xa029e2E511d10CC73b681a7BA0A0cb443AE956Ed,0x5F9364fd5F86091f0c654910c9Db71D3E2c889c3,0.0,1.000000009,confirmed
2025-10-24T17:56:42.075961,ethereum_tx,0xe593f04cf44305315013ab01f8aa096b85f2b3ce98b4a81ea5ecc9c1c7495e1f,9481638,0x22d72dB063dd9cE6b96bDE48331E6984c1570F38,0x1E59A308BAFAd671F63BA5d440489f0a84bF0F7C,0.0,1.000000009,confirmed
2025-10-24T17:56:42.075961,ethereum_tx,0x6ba4db1a714e593a887533d02d00757bc00ac582dd9b4de3288cf095d1e85b97,9481638,0xf7D2cA359d0398DA4f020fc424863dF973f99267,0x860E97f2aCbCe1908ebC86Db411CAd5Fde50DD54,0.0,1.000000009,confirmed
2025-10-24T17:56:42.075961,ethereum_tx,0x376f84109684d4f275b30335b3b9ad47066994e9810469589d0689de1bc6382a,9481638,0xD5f76b3140979914eC97CB51B67f4a5fd11a2628,0xf993E10C83Fe26DddFc6cb5E82444C44201e8a9C,1e-06,0.020000009,confirmed
2025-10-24T17:56:42.075961,ethereum_tx,0x2f102f31822d83892505c21bbd331b358620f4d141b56be54c67c3ccd166a583,9481638,0x6776B559eCb0baF3Afe5693443b4B75d26B343b2,0xf993E10C83Fe26DddFc6cb5E82444C44201e8a9C,1e-06,0.020000009,confirmed
2025-10-24T17:56:42.075961,ethereum_tx,0xa1e266f1577e0d97905995f74f67c7fb4b23735c6d9c976a4072a049e9817450,9481638,0x6B1Df10444CBD0C49e378ba0e1E47bac0F021E84,0xf993E10C83Fe26DddFc6cb5E82444C44201e8a9C,1e-06,0.020000009,confirmed
2025-10-24T17:56:42.075961,ethereum_tx,0x1b4241299fed67b0ca2ac76aefbe02413101a12d6fe90d01aa9a344d28f93768,9481638,0x1686b68506f3b47ee3801259DeC83219ac4985cE,0xf993E10C83Fe26DddFc6cb5E82444C44201e8a9C,1e-06,0.020000009,confirmed
2025-10-24T17:56:42.075961,ethereum_tx,0x35a7fe848a78bb6f8ed01a7f16bb16597b44557949d3af6f7ccbaa03ac14a487,9481638,0x4F379424719a1feF0196F4913DccF3eB6d49AdE9,0x5EE3D1449Bd00d6Bd028F6914f46e0Fe9fDfdEC6,0.0,0.001100009,confirmed
2025-10-24T17:56:42.075961,ethereum_tx,0x187f15dd9196c83fde07048357f1ad1f1fb2d2b7a5478cca5223350b697d1bac,9481638,0x715d1084b1237Ba6a61447890F282E2505471EEC,0xb5A49949C49dEDD852F9f0f419b17aD2785032db,0.0,0.001085726,confirmed
2025-10-24T17:56:42.075961,ethereum_tx,0x75642dd7271431ea12012ee3519c4a9585e00fabe0bfd17e574f1b9690cca63e,9481638,0xb3a1956Cff1ecc8054B81b0C83b9847CB71384b8,0xCf8EDB3333Fae73b23f689229F4De6Ac95d1f707,0.0,0.001066676,confirmed
2025-10-24T17:56:42.075961,ethereum_tx,0x1c3f298542fdc2e46934a8344d871f4eab4a5c8691dec8e1ece17a5a2da95d73,9481638,0xb3a1956Cff1ecc8054B81b0C83b9847CB71384b8,0xCf8EDB3333Fae73b23f689229F4De6Ac95d1f707,0.0,0.001066676,confirmed
2025-10-24T17:56:42.075961,ethereum_tx,0x7dac45223c2beef0a8be0c8f658eabba172f610ee435e983400729a032a0c3e6,9481638,0xb3a1956Cff1ecc8054B81b0C83b9847CB71384b8,0xCf8EDB3333Fae73b23f689229F4De6Ac95d1f707,0.0,0.001066676,confirmed
2025-10-24T17:56:42.075961,ethereum_tx,0x26f51ecf94dfec5ba75ef96e5bfc243dd25411975b29bdbba9bbb275d14ade56,9481638,0x61d8838f9A00250C9AF13D622DA7c08c372ee587,0xCf8EDB3333Fae73b23f689229F4De6Ac95d1f707,0.0,0.001066676,confirmed
2025-10-24T17:56:42.075961,ethereum_tx,0x9d30296f16e286be260a8e44cdf3e05fc8d316f74ff34b38f087cc8e6798d4a6,9481638,0xb3a1956Cff1ecc8054B81b0C83b9847CB71384b8,0xCf8EDB3333Fae73b23f689229F4De6Ac95d1f707,0.0,0.001066676,confirmed
2025-10-24T17:56:42.075961,ethereum_tx,0x34311898aaefae8faaebaddadb74e04c4d9fca8e9c66ab70abae2c77ab277b0b,9481638,0x15391181943fF4B1305571411ed6ED05D21d9CC0,0x0000000000000000000000000000000000000000,1e-05,0.001000009,confirmed
2025-10-24T17:56:42.075961,ethereum_tx,0x65b5f66425cefede03704654b3375069d3f60e34fc9353aeaaedf6e75a2f6b73,9481638,0xb075E3363F5f0aC3f1A441c6d7e5267A6a18a5A4,0xb075E3363F5f0aC3f1A441c6d7e5267A6a18a5A4,0.001,0.001000009,confirmed
2025-10-24T17:56:42.075961,ethereum_tx,0x22228d83cd00b1ecdc6f52f3b91a5fb0b623b6c3fc632126ad24fa6bb0514c63,9481638,0x2beD2911366C582Ab52F11f849F5C0E942Ba666E,,0.0,0.001000009,confirmed
2025-10-24T17:56:42.075961,ethereum_tx,0x59e16f09414f84744ea016f97ac8dee9d257d3446cfc42163f8dc66ca13ba04e,9481638,0x8CAF5e881b3CB29Da8e36B5D448CbEa34ED2fBf9,0x69C6b28Fdc74618817fa380De29a653060e14009,0.0,0.001000009,confirmed
2025-10-24T17:56:42.075961,ethereum_tx,0x31a415da05de26ff309080392b0b382912c508e0d7b8507381726cc64c882ee0,9481638,0x0577362906e48DFE973979504EF2237bcE206318,0x3eDF60dd017aCe33A0220F78741b5581C385A1BA,0.0,0.001000009,confirmed
2025-10-24T17:56:42.075961,ethereum_tx,0x82be511f08951452b26dc596b827b9e5187a48bb6b354e43e87d6fb7c013ab98,9481638,0x384cf91b2c5C625Cda3ba078308d11548De72C19,0x15B0E3766B144fbB190AeA6F01d8676af20C5aef,0.0,0.001000009,confirmed
2025-10-24T17:56:42.075961,ethereum_tx,0x07ba99205d8ce6e7c6e4eb7cd4f1b30e27de6a2ae7955836cf3477a1193da454,9481638,0x5e30aB45CA6a2fD2B24c59429369e76c1e589Df1,0x03C66CB1826BDB0395BF31E68Bf7E873e9564fFB,0.0,0.001000009,confirmed
2025-10-24T17:56:42.075961,ethereum_tx,0x15fc98bd264eb234239ef7e56deadf972747c16adba92a0c34d6f6b667c49c4a,9481638,0xEcf9ca4e5dA06626176B459088265565A679C7CD,0x3eDF60dd017aCe33A0220F78741b5581C385A1BA,0.0,0.001000009,confirmed
2025-10-24T17:56:42.075961,ethereum_tx,0x27157fdc95057be82000eeac41bacc4b66109651858f4b8772fd8c25481d4f8e,9481638,0xEAF1B166a3D8e937283bB0FCFe07279072DCce57,0x2A40f1C8083bABeC888d1F5554c77faB95c31d36,2.05e-06,0.001000009,confirmed
2025-10-24T17:56:42.075961,ethereum_tx,0x18541831175a09bee8feb764701358e4f713889a5d2913513a9b16193f0974c6,9481638,0x21Aa988Ea66c83083BbB662fcef6f54e782B2286,0x7215691F60C4fA7Bb82c5Ac44c7d57dc32bB0493,0.0,0.001000009,confirmed
2025-10-24T17:56:42.075961,ethereum_tx,0x1d88976470490f698d03e38fcee13b406c7c823d24bcb028a75cda9d82729b30,9481638,0xC3916F041b35Fa7D77A75501cE7B4E6c2973b250,0x03C66CB1826BDB0395BF31E68Bf7E873e9564fFB,0.0,0.001000009,confirmed
2025-10-24T17:56:42.075961,ethereum_tx,0x2848e434c4528599477cb1e0de088e8119ef57ad52b9026201deab5af5790652,9481638,0xc6D64991f98dc16a62d1bf6d534445C53B6b0103,0x03C66CB1826BDB0395BF31E68Bf7E873e9564fFB,0.0,0.001000009,confirmed
2025-10-24T17:56:42.075961,ethereum_tx,0x5b40e7d4ef30c6eec1dfad0a41ecc2c50184ac4a7780b0dc0bff96a0c01a2378,9481638,0xf714D1487Efaf51e399A9877cA76d73996e01f38,0x03C66CB1826BDB0395BF31E68Bf7E873e9564fFB,0.0,0.001000009,confirmed
2025-10-24T17:56:42.075961,ethereum_tx,0x5d674a7641bd8796e18d04b196459bc9c7bc5fc8b0a58dfd846f49e0de6e8297,9481638,0x03350BE5A1384D81dAE816c092C74c2913937179,0x03C66CB1826BDB0395BF31E68Bf7E873e9564fFB,0.0,0.001000009,confirmed
2025-10-24T17:56:42.075961,ethereum_tx,0x842537e4fcc3b836ab7d9426439de10a2bf6daccfbeeb9d8c95e1dfd12f8f8af,9481638,0x870e884fcD7571D89c79AF26563fC4f1a1309630,0x3eDF60dd017aCe33A0220F78741b5581C385A1BA,0.0,0.001000009,confirmed
2025-10-24T17:56:42.075961,ethereum_tx,0x8c5a7fc5ac4e50bd5b654d46f115004fd7560e198cf839e2c67d4e5ef39cc73e,9481638,0xbEAe5E390f34f5b0F8F3B2Fd8fb400633D67cfFa,0x03C66CB1826BDB0395BF31E68Bf7E873e9564fFB,0.0,0.001000009,confirmed
2025-10-24T17:56:42.075961,ethereum_tx,0x62ab222b44f8b2e6d12dcc7078472209db855133c87ab8531a2bf1123e9eccd0,9481638,0xD3F8BCBD03d8AE1C13C9d0ca5846AEE185A60BE4,0x03C66CB1826BDB0395BF31E68Bf7E873e9564fFB,0.0,0.001000009,confirmed
2025-10-24T17:56:42.075961,ethereum_tx,0x9281236da01d5b89809801418daae2ac4c24799cd4b01ad3a88fa345e223096f,9481638,0x71a528950b0dd313f984a5D7751A5672a898F4F5,0x03C66CB1826BDB0395BF31E68Bf7E873e9564fFB,0.0,0.001000009,confirmed
2025-10-24T17:56:42.075961,ethereum_tx,0x14ce86ba91d826ae3bcf0ce41709ccc9e82907f9843be828d15cf3a1de36d89d,9481638,0x3ca6fC2c9ef6F5D51Bf23D85d3f138D93b4E86eF,0x03C66CB1826BDB0395BF31E68Bf7E873e9564fFB,0.0,0.001000009,confirmed
2025-10-24T17:56:42.075961,ethereum_tx,0xdb1b82171720723bab9b3c240d22d8a13f785ba2d8213ff98bf63aa90c74e9d3,9481638,0x28B2b7f94Ebd6b954e5651EBb7519CbC5fe4593e,0xa155bA48f6Fc311F6Ad3B10abF02EAbEFED1F2BD,1.86e-06,0.001000009,confirmed
2025-10-24T17:56:42.075961,ethereum_tx,0xa6a750639547e428488e92a178b2c14b24d9574dbd449528f8472dbc338ec1b4,9481638,0x54223e996FEB07CFb887A3458BBc75903FBF15f0,0x3eDF60dd017aCe33A0220F78741b5581C385A1BA,0.0,0.001000009,confirmed
2025-10-24T17:56:42.075961,ethereum_tx,0xf53bece47ed263e3294b21de486f4aaa86f29cfe03b5c0aa3fa1df011ae0165d,9481638,0x68d004950e36Ab45B5319e281105598B386E7f18,0x03C66CB1826BDB0395BF31E68Bf7E873e9564fFB,0.0,0.001000009,confirmed
2025-10-24T17:56:42.075961,ethereum_tx,0xf9bc8116538a7c3a7f13e9e1292e6f3f7457a8c00bc785019d8af92e18f3c294,9481638,0x1B78D7aA3578c3aEe979BCe59E139DF547Db5d66,0x03C66CB1826BDB0395BF31E68Bf7E873e9564fFB,0.0,0.001000009,confirmed
2025-10-24T17:56:42.075961,ethereum_tx,0x74cb447cc59fbc8de84089c2192a32ac7445c3a87ca851005585c149eb50896d,9481638,0x3Da763C42E438eB17880fB6A83040d6cf13eF03b,0xFf00000000000000000000000000000000042069,0.0,0.001000009,confirmed
2025-10-24T17:56:42.075961,ethereum_tx,0x15dd21e07e82c78277c2e92e554872789bcc03828e8139d88ab5c70bd04139cd,9481638,0xd4083a0a4E61fA50cAEe335425ba1e98334Cf4C5,0x03C66CB1826BDB0395BF31E68Bf7E873e9564fFB,0.0,0.001000009,confirmed
2025-10-24T17:56:42.075961,ethereum_tx,0x460cec5cf1066d9f7968c733dbb514b72e253419dbd78ea0e8826df306b15863,9481638,0xED5beF696e29BEeD77DB1cDDda818F35490225A9,0x03C66CB1826BDB0395BF31E68Bf7E873e9564fFB,0.0,0.001000009,confirmed
2025-10-24T17:56:42.075961,ethereum_tx,0xd422781e54ebb6b792ad2d93d462f2e975fef81e1c01a85653e4930c1a8dc256,9481638,0xc0aEdDBA68eAD5A34B1644196ff1EF000335B26A,0x83458E8Bf8206131Fe5c05127007FA164c0948A2,0.0,0.001000009,confirmed
2025-10-24T17:56:42.075961,ethereum_tx,0x9b7e721485ddb1995e05fc0ff467c728e48ce2c585fa1d4b59b79f00a21687fc,9481638,0xbFA3B5b5F3b56921977C7Bef0e1456543796044a,0x03C66CB1826BDB0395BF31E68Bf7E873e9564fFB,0.0,0.001000009,confirmed
2025-10-24T17:56:42.075961,ethereum_tx,0x6567eef1e7a0867eebc5a91f270e3d44d36a1f8fb8902b26da7276709f413d3d,9481638,0xfe6323d0336D8e7BFb1Ce1dD8444580C25Aa6b8c,0x3eDF60dd017aCe33A0220F78741b5581C385A1BA,0.0,0.001000009,confirmed
2025-10-24T17:56:42.075961,ethereum_tx,0xe48f678458e8fa08c6556b09a55bfc4a512e53ed17607562d026a183da891889,9481638,0x1D4533de079096b44e15aAAfB29A111AaE8Bf720,0x03C66CB1826BDB0395BF31E68Bf7E873e9564fFB,0.0,0.001000009,confirmed
2025-10-24T17:56:42.075961,ethereum_tx,0xf51dc2bb963428b4fa1ff147a6b0170c408f3b14bb5bd1e5fb7e250a43d162ce,9481638,0x2D1A477e22F93b66F70a781D1f6aB73C3a62f09b,0xA73aFb610aC79A729A393D679029fCf9618854AD,0.0,0.001000009,confirmed
2025-10-24T17:56:42.075961,ethereum_tx,0xa86982d415de8644035223b804f57087aab1b7e03ab791ebda5adea35ea7008a,9481638,0xA2bfAc45e6878fbE04525C23dFbb11fFb224Ea60,0xd0dbB2486e3Fbf371D1B2e35Fa330bef6529d2f4,0.0,0.001000009,confirmed
2025-10-24T17:56:42.075961,ethereum_tx,0x5bad4fbe1a28976e88ed57bee9eef5fcfa3e380879edca164325ef534659ac4e,9481638,0x7cE347ce7dbf3FC95e1abaa6E9994f4217b03764,0xA73aFb610aC79A729A393D679029fCf9618854AD,0.0,0.001000009,confirmed
2025-10-24T17:56:42.075961,ethereum_tx,0x482464c21966cefc5cd3240b80b0739f42b063f68b300d34b9c73e59399fdae7,9481638,0xDc9d3015A4a391607A835B87a292BcF030AF24E2,0x9E841C03218E36A785C1c50f2f74fAc5D54656Da,0.0,0.001000009,confirmed
2025-10-24T17:56:42.075961,ethereum_tx,0x9243fd4b4c798190c4fbb9c6d4bf680f433d74761e202ef302504b30ca882ed6,9481638,0xC733786e6ce284081EDd4A0D51a116A6beC127CA,0x08d2b0a37F869FF76BACB5Bab3278E26ab7067B7,3e-05,0.001000009,confirmed
2025-10-24T17:56:42.075961,ethereum_tx,0x129c3013be67c930e5d24d94c289d6f2c99eba95255a1f362a0be1eda57c0f27,9481638,0xBe2c3A75f875B4E7B4E9c81EF0fdbe191a6Aa1cE,0x08d2b0a37F869FF76BACB5Bab3278E26ab7067B7,6.22e-05,0.001000009,confirmed
2025-10-24T17:56:42.075961,ethereum_tx,0x695a8105578e1b65e8b890115c488646e58b4778f2b4374df5899a73819dfb53,9481638,0x0B0e2673A1CE96a115c2c53e1304eD4640294856,0x08d2b0a37F869FF76BACB5Bab3278E26ab7067B7,2e-06,0.001000009,confirmed
2025-10-24T17:56:42.075961,ethereum_tx,0x3a78a655973aaa5caf67022ec8586fb4c1f70202ab91fc50903592b6d89701c1,9481638,0xE6e5dA74624884FBa5D34b1304c1B7a501a94b45,0x08d2b0a37F869FF76BACB5Bab3278E26ab7067B7,0.00515,0.001000009,confirmed
2025-10-24T17:56:42.075961,ethereum_tx,0xc8dd5ad5be2b84a800697237690ddecbd4dc6664c84fc7f1477fa852a7f2a6cd,9481638,0x6d50EDC485a5c5C8E57e45994de1C8f8A11A7cee,0x6d50EDC485a5c5C8E57e45994de1C8f8A11A7cee,6.3e-05,0.001000009,confirmed
2025-10-24T17:56:42.075961,ethereum_tx,0xfa2ac0e006b4008697c7e8a83d7b7ce356eaaa982b267d24e311fecd66d6abc2,9481638,0xc3252278994b662d2754828426a94A3Feb4ed2e4,0x853758425e953739F5438fd6fd0Efe04A477b039,0.0001,0.001000009,confirmed
2025-10-24T17:56:42.075961,ethereum_tx,0x7971610b293d50cf3885981fe7146fc7df5beefd0afd6c3615ef15d7fdd466a2,9481638,0x099BA97a37FA019c064a2517026e3c2Ea8DB9964,0xF6e7F84d9cee738ec59c08B7a7260152C236813a,0.0,0.001000009,confirmed
2025-10-24T17:56:42.075961,ethereum_tx,0x7a2c41eddd441901be5a6d13587380b8582a163f63b16dc338764b2a5d546006,9481638,0xE232521803e53509E75A8DD8e8C9db2d56Ae70C0,0xE7e232ad2F2A4206b3e7f07dD230105167d9DeDe,0.001,0.001000009,confirmed
2025-10-24T17:56:42.075961,ethereum_tx,0x7880345dadb4ea139bc2287746965bc0c3e47aa7ce07621b4118886f212f3856,9481638,0xbA92D93F797f7FEF0a102237e1241b9d45b502c4,0x282704687674A2adeeBC572AE2947065a0C98607,0.0,0.001000009,confirmed
2025-10-24T17:56:42.075961,ethereum_tx,0x5739c90fd849bc0081818b159cfa2462fb6bd5e4081e770db509640e3aa2d658,9481638,0xD44fB789E1C2b9AE7A8414d93b0ff86Cc23361Ea,0x334a5A4fF2EC5377D7Bf83A69c82A6A7B5E6E18c,2.13e-06,0.001000009,confirmed
2025-10-24T17:56:42.075961,ethereum_tx,0x1b0c1be25a054a805f810e379304b5d2b942201dbfd79bb9fa597fc58b8f9dcd,9481638,0x71422cC22c48CBaAA46e0913B5C0c34229eE3198,0x2c02c4F3DB094788bdb60C093D96F834F0FB4bcE,0.1033106317906941,0.001000009,confirmed
2025-10-24T17:56:42.075961,ethereum_tx,0x43e031a36438273c8437ff327e1137aaea0f2f0a436b39cb2ec5cea9973bad99,9481638,0x71A6D6a1ca08FFC667F85050f72d9aAE327Aa29A,0xB440907E5f80C931d3ada7d392AfEa4C2828c5e7,2.4e-05,0.001000009,confirmed
2025-10-24T17:56:42.075961,ethereum_tx,0x128301aa55f89370bde85a14ff97e8769c31349e83b7a62fd035ed302b18f70a,9481638,0x5d72984B2e1170EAA0DA4BC22B25C87729C5EBB3,0xd4116f515A6958da851080B390DDE4B81f408978,0.0,0.001000001,confirmed
2025-10-24T17:56:42.075961,ethereum_tx,0x7a35589051b795030e5648ec9ed152f37b5d96bca02982a2afd8d237dc322c59,9481638,0x718a51ca2b216e675c84E374a70ba36658AEB3B6,0x956962C34687A954e611A83619ABaA37Ce6bC78A,1e-07,0.001,confirmed
2025-10-24T17:56:42.075961,ethereum_tx,0x80667382a26ea1552e28b3e7745b920d8650c3e0185535162af7c45e379a0bc5,9481638,0xA11Fa7B4678F5b6AE596b8BD89b64CA2d0ecA7C7,0x956962C34687A954e611A83619ABaA37Ce6bC78A,0.0001,0.001,confirmed
2025-10-24T17:56:42.075961,ethereum_tx,0x1f9b048e84b1571ba6c3d4341e914c9fc9175022bfb04112790405c2f488c5fb,9481638,0xcC05E956be7B2F3AdCD13cc6005C1C87bc3E5F78,0x956962C34687A954e611A83619ABaA37Ce6bC78A,0.0001,0.001,confirmed
2025-10-24T17:56:42.075961,ethereum_tx,0x54693c55f7849f5124a05ac6a19b62df060697531a301e7e20352e876f373c95,9481638,0x65C1daB5A49AbD4261627CF5074ee41a2e74AC73,0x956962C34687A954e611A83619ABaA37Ce6bC78A,0.0001,0.001,confirmed
2025-10-24T17:56:42.075961,ethereum_tx,0xf6e4df379c2aaa351a547c71304d544f0c546717180f454c09e82957c75b7552,9481638,0x26cDc7A5B7b2411e1fE3fe1b486210E2227Bf7Ca,0x956962C34687A954e611A83619ABaA37Ce6bC78A,0.0001,0.001,confirmed
2025-10-24T17:56:42.075961,ethereum_tx,0xfef3b377b7f9d7c3be28d272daf1996253d523bb05e8928fdf2a54b19dffc339,9481638,0xCB2154Ea2C2470361442F69EC57E8df772ad4521,0x956962C34687A954e611A83619ABaA37Ce6bC78A,1e-07,0.001,confirmed
2025-10-24T17:56:42.075961,ethereum_tx,0x3f04b15af060e2a652b8e3e00782e7a8366b0009f7b8fabbaf862cff3e72ec33,9481638,0x2c2b882B65Fc147bb3980B3dfbaB9D7C8222DF2C,0x956962C34687A954e611A83619ABaA37Ce6bC78A,1e-07,0.001,confirmed
2025-10-24T17:56:42.075961,ethereum_tx,0x0e207616911019a029a6ee2d6acc6609f940ee709874ec2eb9380aabf12ab34f,9481638,0x2A6b5B71A81De91C7CCf8a4d51D53D4feB5c758f,0x956962C34687A954e611A83619ABaA37Ce6bC78A,0.0001,0.001,confirmed
2025-10-24T17:56:42.075961,ethereum_tx,0x81590af0d159a2f3375afab16a00fe50f8e6f1771a946652616a1acd2beff155,9481638,0x05a53cD91a4946DE2a615d129bE71823F0Bbd6E8,0x956962C34687A954e611A83619ABaA37Ce6bC78A,1e-06,0.001,confirmed
2025-10-24T17:56:42.075961,ethereum_tx,0x81da7ce860c90887818a1f39dcf82a2e63a4787ff6ad6bb48814aef12172f3a5,9481638,0x9C8FaA60ac71ad698FA1E9ba77C7F409eF4834cf,0x956962C34687A954e611A83619ABaA37Ce6bC78A,0.000132,0.001,confirmed
2025-10-24T17:56:42.075961,ethereum_tx,0x1c874a68ebec571ef6569402cc65c03ec427a5df66ddc5bf7c7230632798dd7c,9481638,0x85a085b038D760f69846c8ad64276d9Fc32B703f,0x956962C34687A954e611A83619ABaA37Ce6bC78A,1e-06,0.001,confirmed
2025-10-24T17:56:42.075961,ethereum_tx,0xc90d52a217485dcfd50a175916eac668178b61f6bf96a52ab24018a9d56be25c,9481638,0x5bfC8BcA637E03B165Bf6771A417491835817049,0x956962C34687A954e611A83619ABaA37Ce6bC78A,1e-06,0.001,confirmed
2025-10-24T17:56:42.075961,ethereum_tx,0x8c571f741dd0cffb226490837f4dee05497dd9d29bebc646189868324b7864b6,9481638,0x86998d563F47e9cC192be06a5701b1602C441140,0x956962C34687A954e611A83619ABaA37Ce6bC78A,0.001,0.001,confirmed
2025-10-24T17:56:42.075961,ethereum_tx,0xc7d766fb848c2abb529c8f21b8b54bd42d67ba84aa4be919469d60bcb89615e7,9481638,0x0F173A6f84a0B406188e4b3CED504d390Cc37b81,0x956962C34687A954e611A83619ABaA37Ce6bC78A,3e-06,0.001,confirmed
2025-10-24T17:56:42.075961,ethereum_tx,0xfcbd6d67230ddab4743492ae01e0aa8f60a7f4e764ffa520a90bbc99d14549a6,9481639,0x53646D2A54dF1dcA4Ea2Ac66A6279f91C976dF56,0x0b27Ca7e1DE0c405a2AD9aE12190BF113eB96838,0.0,1.500000009,confirmed
2025-10-24T17:56:42.075961,ethereum_tx,0xe9174acf0a138c478a23fd6bb6ec5231fedcd75f0daf2bd56499c731b0144a66,9481639,0x273FC6fC8fB37483262dF86eDd4336B027d18a9E,0xBC04d69Ecd7890699b2BE7924eA86474e15098E6,0.599968499999874,1.500000009,confirmed
2025-10-24T17:56:42.075961,ethereum_tx,0x5c2a5fded79258b238735beb7871c1ac93f22fff6cdf11656617a2aea80db185,9481639,0x796E2B5fd93aaa28968AA1eFCb72EbB3797405Ff,0x2A4496bbC344414e3bDbE6a8E7c40EF007DAeEd1,0.0,1.5,confirmed
2025-10-24T17:56:42.075961,ethereum_tx,0x127eb9bf96ce72ce6e72915d6892d737f81a1fb4b0eed8e3a22f6906a879af90,9481639,0xc39Ab29406cf7F5e6eD12320B667F5A26ce9127b,0xc37ae360bA3E4B587a18b8692f9266b37Fe5D3F6,1.13e-05,1.5,confirmed
2025-10-24T17:56:42.075961,ethereum_tx,0xde218a1cc60300bda82615b66cf8406a6a4cea2f64fd8366162dca2acd4b4bf8,9481639,0xEae3e0D41321BCad56A94805135B0820cbce5877,0x2A4496bbC344414e3bDbE6a8E7c40EF007DAeEd1,0.0,1.5,confirmed
2025-10-24T17:56:42.075961,ethereum_tx,0x5e1879611597c3948003fdf3e9354063ef90b0db360e8d7f44e2bd0936344894,9481639,0x43CCB72DCC242bD3f5990b1683E79Fc89a41efA6,0x57c5dC670eB6f571bDD8Fc1CF178c46c9A917A74,0.0,1.5,confirmed
2025-10-24T17:56:42.075961,ethereum_tx,0x051bd149abaa0bb97283c677e486fcced5ab9424cd6a4351a8e946cccc41d57a,9481639,0x49a2F09A0C59f425A0b9958549FEB2Af5d8E2518,0xb3211A8BAC7d286070251a9B9E5Dec8bfc29B2dE,0.0,1.000000009,confirmed
2025-10-24T17:56:42.075961,ethereum_tx,0x7b1ea36171fc7492e08cb51ef3fc7d6ab7c56cb44350dd50b37c516a3a777fb5,9481639,0xA79bF6f2C6cc0e7dc365E71f2a8de6D40C8346c2,0x006BA30148eFe8ce40209432B8fDF6FfE04f939D,0.0,1.000000009,confirmed
2025-10-24T17:56:42.075961,ethereum_tx,0x066cc2f9a53fc56daa22b4271c460c7c082bc2d4066e67bb87a776d04ca4220f,9481639,0x55Bb122a11162c0b6E5A9358aED76B1E11c79EEA,0x0065425985a2369c7B05F47575bE10cDcdA392AE,0.0,1.000000009,confirmed
2025-10-24T17:56:42.075961,ethereum_tx,0x07cafeddcf2dd6cd9f6aea6f005bd67f227ea5284b3b319c24f4c825713f08a3,9481639,0xa63592f7cd09acfBeC1cd28390b602ba5e67f64C,0xf5cc93681699348928af9Cfee7641915C626370b,0.0,1.000000009,confirmed
2025-10-24T17:56:42.075961,ethereum_tx,0x2287385aacb5ef75a8ab62caa568785623d363d38259ef89eaa07322d25f3537,9481639,0x06Da314915a32792B5C2d0a9A8d0E06195aE1124,0xFA3B05F2A7B318b0A0c484c529cF4f707c6277ff,0.0,1.000000009,confirmed
2025-10-24T17:56:42.075961,ethereum_tx,0xeba17aff51a6dc61d6ce3e06f41e67071ed17a0859360cb1714a87ab8534dbc8,9481639,0x412494320555FcFF33F27c03312C98B5e3731CcD,0x7750F6deD68435d6EA3415CEA544126bE54d208D,0.0,1.000000009,confirmed
2025-10-24T17:56:42.075961,ethereum_tx,0x119593499d1fc32699f15a8f1a7566ab56186ff5a9e9835a396fef2693151a95,9481639,0x01846850749d7EaBd9765EB765391434DfEF3E2B,0x288303254377D5E81371bBfb476466222D48d4E1,0.0,1.000000009,confirmed
2025-10-24T17:56:42.075961,ethereum_tx,0xef0f6b2501e1b94462108a8377bffa9eab9d25ea841ecd49b1066fc3a09d92cf,9481639,0xF33827175e9414dfa1E4f0827F106359F6b52AB7,0xea86b43278159379686B220b0f858086e631cE1e,0.0,1.000000009,confirmed
2025-10-24T17:56:42.075961,ethereum_tx,0xb8e71cf6413f4f2aba2755599ce0e310d8a2b877134073c445ab2fea3a7981ec,9481639,0xF0FEd0C0192539a1076d8BDa1233f414704d98Be,0x00D22efF04CF7d0f5A355A6D9A06E43120398dA6,0.0,1.000000009,confirmed
2025-10-24T17:56:42.075961,ethereum_tx,0xc5af6cdcdedea7e66a4a3fef4d5d57a6ec1b444315506650fb80bf9e3268f7a3,9481639,0x697924ed9b6bb3F41295040aB91Aca31AB7F6d10,0x7E38a259C353e72eEd3F5136c6E6534eb15C7199,0.0,1.000000009,confirmed
2025-10-24T17:56:42.075961,ethereum_tx,0x49b2146957cf93e9e0c3861b5e76986314991fa7083e908f55fbbbe59dd10611,9481639,0x81F909d067A0205C479d6d5f1542a10209EF382a,0x7b79995e5f793A07Bc00c21412e50Ecae098E7f9,0.0001,1.0,confirmed
2025-10-24T17:56:42.075961,ethereum_tx,0x8aef0f4654da305a3a47fa5acc14b79e2cf3e6b983548b4ac86c49dafbfe2003,9481639,0xED83562E872420eCcbF244498E64CF23d28b8791,0xf993E10C83Fe26DddFc6cb5E82444C44201e8a9C,1e-06,0.020000009,confirmed
2025-10-24T17:56:42.075961,ethereum_tx,0x02727e854bef5ba2494a7f5e27760f5befba98cad6105e369de859315b8b7ebe,9481639,0xeEE07435d224056bd6d973C6dfaCEdc5296aE5c6,0xf993E10C83Fe26DddFc6cb5E82444C44201e8a9C,1e-06,0.020000009,confirmed
2025-10-24T17:56:42.075961,ethereum_tx,0xc1c601af4566f59a8c16d7f943185f4c293466e4734d2a98466a2c0068de5745,9481639,0x8389F34F46fe321b29530b45de26D981f79c4C5E,0xf993E10C83Fe26DddFc6cb5E82444C44201e8a9C,1e-06,0.020000009,confirmed
2025-10-24T17:56:42.075961,ethereum_tx,0xf3a11644934e9634efbec0d018e65df5f43f2f5ab1ef2d310412eb820267de86,9481639,0x2F569C581996a1D705baf1ffD95444841F89b137,0xf993E10C83Fe26DddFc6cb5E82444C44201e8a9C,1e-06,0.020000009,confirmed
2025-10-24T17:56:42.075961,ethereum_tx,0x3cbe55311d95bea2c661cfe3fb3499abfa064f06763ae6e2da65481180ac21b7,9481639,0x5B55E1f98800012AD42AafEE2585AA61BaBf1752,0x1348947e282138d8f377b467F7D9c2EB0F335d1f,0.0,0.00200002,confirmed
2025-10-24T17:56:42.075961,ethereum_tx,0x6e54a30e78caabfa5d315115b29d608d6fa0f7448ca5962b27531a5a5d7d0ccd,9481639,0x4BA56bDa2009816e260921970041d6Eb005D7272,0xC764A997C86dC22B50Eb637626e3f46bfd82534A,0.0,0.001500014,confirmed
2025-10-24T17:56:42.075961,ethereum_tx,0x279497e1744a816d9627092f4ddfc69cd0d838a2d1dd75315d5ecf3c1861018d,9481639,0xa4272eB51D190D6A79223cD757877606B5976623,0x956962C34687A954e611A83619ABaA37Ce6bC78A,2.443425408836e-06,0.001500013,confirmed
2025-10-24T17:56:42.075961,ethereum_tx,0x63d1d4e686c9b34c3f97b263181ba490591b27ac17cc0ac83f59cde11cb2fb22,9481639,0x95ea54B805e814DE63C35b5f7c55c6137Bd837Fe,0x956962C34687A954e611A83619ABaA37Ce6bC78A,2.0180538514793e-05,0.001500013,confirmed
2025-10-24T17:56:42.075961,ethereum_tx,0x06b1f1a824e4826061ba4da32798add64458dc0f507220267d47edda94b5ca80,9481639,0x7e62c5e7Eba41fC8c25e605749C476C0236e0604,0xBdCC405C59ED6075088E600f25DF922d76bCcB64,0.0,0.001300011,confirmed
2025-10-24T17:56:42.075961,ethereum_tx,0x48d82321d6a1a15cf6fd80d2caca262aab3e2d129475f99f3d14c9d2df93ffbc,9481639,0xE4765a5D7335DAd51b3058d0b8eDeE540D149a21,0x83458E8Bf8206131Fe5c05127007FA164c0948A2,1e-18,0.001200009,confirmed
2025-10-24T17:56:42.075961,ethereum_tx,0x60c5494a5c6cd779c3af429f434ca437b3517b60fdb1aae046e5b39c5867499b,9481639,0x762fcb5a7DA58481c0ac88C7579ef1fC5527C11D,0x1552573d9cEa305c82F998C120e19c2aF8BFfF56,0.0,0.001100009,confirmed
2025-10-24T17:56:42.075961,ethereum_tx,0x954950b6886c7ce95637036148dafa0ebbe1552f82b9035541af03faf0497ee5,9481639,0xb3a1956Cff1ecc8054B81b0C83b9847CB71384b8,0xCf8EDB3333Fae73b23f689229F4De6Ac95d1f707,0.0,0.001066676,confirmed
2025-10-24T17:56:42.075961,ethereum_tx,0x43aac8ba9bca2e3e97220722e700429e93814e76ab54ca31a481ef858fc89d16,9481639,0x61d8838f9A00250C9AF13D622DA7c08c372ee587,0xCf8EDB3333Fae73b23f689229F4De6Ac95d1f707,0.0,0.001066676,confirmed
2025-10-24T17:56:42.075961,ethereum_tx,0xaff1a1557aa4f9de0cbc795c0cabbc27940cb2fdef739f577206372ca2c86348,9481639,0x61d8838f9A00250C9AF13D622DA7c08c372ee587,0xCf8EDB3333Fae73b23f689229F4De6Ac95d1f707,0.0,0.001066676,confirmed
2025-10-24T17:56:42.075961,ethereum_tx,0xa6364853deeaa0605469f6170985180c4b2514b522d40b8c15e1b9913b620a45,9481639,0x61d8838f9A00250C9AF13D622DA7c08c372ee587,0xCf8EDB3333Fae73b23f689229F4De6Ac95d1f707,0.0,0.001066676,confirmed
2025-10-24T17:56:42.075961,ethereum_tx,0x2644301eafa65200dd5bea02ec7e56b6ecc9e6fd48b9d138988c5742f70accf5,9481639,0xe8F20855c2b1A0B8705aEf808db95F8b61b34e3e,0x3eDF60dd017aCe33A0220F78741b5581C385A1BA,0.0,0.001052641,confirmed
2025-10-24T17:56:42.075961,ethereum_tx,0x8c0e25da7e4b1f59a455238eb1b33973e2c37bfd4fb15c33b6c6847fa85070d3,9481639,0x18be63Cc9839db512b37A6076E9dd06AA5e6dD10,0x3eDF60dd017aCe33A0220F78741b5581C385A1BA,0.0,0.001052641,confirmed
2025-10-24T17:56:42.075961,ethereum_tx,0x8c243f53393d39522783c61ed44e28071c74fe5d02646ecb9b5b1c79255ee898,9481639,0x76Fb84682f11Eae6440B99c9F17aE7C108Fe4B06,0x9f54e6A87429E7bB2fe7B9f0ACCA3A31560FF198,0.0,0.001000019,confirmed
2025-10-24T17:56:42.075961,ethereum_tx,0x22bb68c130c89f40acfe9dde31b7ff082f0003778fa240bb5c3bd8ae25aef742,9481639,0xfB3524803124F608F84CFAcA15fA07C5Ce10bc6F,0x9f54e6A87429E7bB2fe7B9f0ACCA3A31560FF198,0.0,0.001000019,confirmed
2025-10-24T17:56:42.075961,ethereum_tx,0x142a331efb72f55e4a63e1119f2f922ece76ec1b4138bc7fa56dfe250519f1ea,9481639,0xe036828307C40A1471DBCd55d3BEA3fc57cAC75C,0x0000000000000000000000000000000000000000,1e-05,0.001000009,confirmed
2025-10-24T17:56:42.075961,ethereum_tx,0xdd7b7173d8f897525bbb94143b761fe3d38e82f6735d4d2a802df20ce009bf6f,9481639,0x5ecdF707CFA481882827783D48Ab5b2c0E8Aeb62,0x2E2981aE09CA101B865a89421aBb68762874A47c,1e-08,0.001000009,confirmed
2025-10-24T17:56:42.075961,ethereum_tx,0x02e7a1408a4c5750a2252d679a74cea110eed9fadf17312534fc57be13676140,9481639,0x0d0aFBC6fED31D93073150aB54633b65a02FA93a,0x03C66CB1826BDB0395BF31E68Bf7E873e9564fFB,0.0,0.001000009,confirmed
2025-10-24T17:56:42.075961,ethereum_tx,0x47aae2eb8eea1e9fa9f7560c1847cd78213c3594bccd37a0744e816cafbfb751,9481639,0xC0A95B8A7EBcAfF89436492A205E98d2e3277B37,,0.0,0.001000009,confirmed
2025-10-24T17:56:42.075961,ethereum_tx,0xcdf18f137ab07ba43ee0881289f6a250a9588c12f396f716572a7b622a76b349,9481639,0xcC5Ccf91BE6d24d1deFD7409cc950AA5EF5a1a9a,0x03C66CB1826BDB0395BF31E68Bf7E873e9564fFB,0.0,0.001000009,confirmed
2025-10-24T17:56:42.075961,ethereum_tx,0x1baf9bceb9bc3937832c1831c4a430a8c7fd495870f4372637ce5da4074b319b,9481639,0xd1874CC285F08EEF9f61eFeEbd7BfcE9036687E7,0x03C66CB1826BDB0395BF31E68Bf7E873e9564fFB,0.0,0.001000009,confirmed
2025-10-24T17:56:42.075961,ethereum_tx,0x81e259b4b8345fd2f7d22aef9c8b5f61da3592713d07d160b108ea2785523344,9481639,0x4009734793c47edCf1b7b54B1513D4432923095A,0x03C66CB1826BDB0395BF31E68Bf7E873e9564fFB,0.0,0.001000009,confirmed
2025-10-24T17:56:42.075961,ethereum_tx,0xb215dd060bc289b9fb843d5ef61857ed888c0201bacf3f9e34568bd0839da519,9481639,0xB1bC4b481D1f414d9E413C1270D2AC6b5144460A,0x3FDb790A991194665A618d94d81c111196c57d21,0.0,0.001000009,confirmed
2025-10-24T17:56:42.075961,ethereum_tx,0x5fe1c31ba8f12cfa9e389573d7183aa067ed672d085698a27123d485069073e0,9481639,0x2beD2911366C582Ab52F11f849F5C0E942Ba666E,,0.0,0.001000009,confirmed
2025-10-24T17:56:42.075961,ethereum_tx,0x23f54051006f68c1c6c45b28033e61152deadef877fdadab6745fe7aa65aefc9,9481639,0xe759E1469c6F23361c0c0ceCF0EfB1813e43d858,0x03C66CB1826BDB0395BF31E68Bf7E873e9564fFB,0.0,0.001000009,confirmed
2025-10-24T17:56:42.075961,ethereum_tx,0xe4604d994fe3b86b311b648d62d9272ae0f33254a442f314b1c05642ae0eaf94,9481639,0x89AdeA40273E7744F87C883177591A1F0af94Fd7,0x3eDF60dd017aCe33A0220F78741b5581C385A1BA,0.0,0.001000009,confirmed
2025-10-24T17:56:42.075961,ethereum_tx,0xc471437e2edae409b1e922f42e930b6bd4fa516a230094301705832c90ad5266,9481639,0xE5401Bbae2EAa1C984E95e770212134A231401De,0x03C66CB1826BDB0395BF31E68Bf7E873e9564fFB,0.0,0.001000009,confirmed
2025-10-24T17:56:42.075961,ethereum_tx,0x21f9944a9e4999d901613877bd36338b4031f91d7fad449fc29f7cb6d1d28a3e,9481639,0xe5be0e28c0A99d835e7f7879d69066A38fbd4ab2,0x03C66CB1826BDB0395BF31E68Bf7E873e9564fFB,0.0,0.001000009,confirmed
2025-10-24T17:56:42.075961,ethereum_tx,0x737e1639d104d372f7c69abd10697b2f68f44c9e4787f17335f0b687a53f2b0a,9481639,0x9f67F7E6D127E16fa7A722a181A617A977dB54C6,0x7215691F60C4fA7Bb82c5Ac44c7d57dc32bB0493,0.0,0.001000009,confirmed
2025-10-24T17:56:42.075961,ethereum_tx,0xcf54bfb86e730617dff4a21de7d1f591de01466d13543d5de2b85cacaf40f243,9481639,0x3B472d5E38BCa21039204D3D64E0d2f2EE0133De,0x4121dc8e48Bc6196795eb4867772A5e259fecE07,0.0,0.001000009,confirmed
2025-10-24T17:56:42.075961,ethereum_tx,0x32e09406dbe740de99ddc90350201acb2db390a380725e9419dc05131ddd469f,9481639,0xFb7a87dE09Dea4D8D546C6cA158Dd5Df53cC493b,0x03C66CB1826BDB0395BF31E68Bf7E873e9564fFB,0.0,0.001000009,confirmed
2025-10-24T17:56:42.075961,ethereum_tx,0x74c034112acac37293a462625a2cdd20147793f3c3e22ec304a3a894d4cd6fbd,9481639,0x26c3DA22c4395E967cF09855f77BCeF43499c0De,0x03C66CB1826BDB0395BF31E68Bf7E873e9564fFB,0.0,0.001000009,confirmed
2025-10-24T17:56:42.075961,ethereum_tx,0x5356408a9908e43e3ae63b559dea6a655eb9e76bac2a5204399d60eb3ba606c2,9481639,0x94F9b613331a8caccE7b89EE978986BDCDF4DF58,0x03C66CB1826BDB0395BF31E68Bf7E873e9564fFB,0.0,0.001000009,confirmed
2025-10-24T17:56:42.075961,ethereum_tx,0x72b98c7a5506525121dfec837eb23d33a6b9a025c7ced339f2ef0904e07735a2,9481639,0x030266c027466dF62fCd8154B7abF8b3d3869987,0x03C66CB1826BDB0395BF31E68Bf7E873e9564fFB,0.0,0.001000009,confirmed
2025-10-24T17:56:42.075961,ethereum_tx,0x1ea107d3f3a2898954a66d689f084980546b1669a6a2c9ce4c5a0c36f8ab7f17,9481639,0xb3Fb53Aec32a7B31e21d155364E7A7eE9c20A39f,0x87A3effB84CBE1E4caB6Ab430139eC41d156D55A,0.0,0.001000009,confirmed
2025-10-24T17:56:42.075961,ethereum_tx,0xd9d0a44b2933670541d91ce5a3cd72db2500e34c9f6ad15dcf74245a9cc3be72,9481639,0x28B2b7f94Ebd6b954e5651EBb7519CbC5fe4593e,0xF85Ecbbacd0EC3d98b6b27d9D5F4e8eDF097797C,2.1e-06,0.001000009,confirmed
2025-10-24T17:56:42.075961,ethereum_tx,0x35b1758018feb2fdd78ea0d67a1121eaced49e0b9cf7e2c472d32067d99fd9cb,9481639,0x8cf8Dc4045ed7f6be6Ed8E6F46899701aab59383,0x03C66CB1826BDB0395BF31E68Bf7E873e9564fFB,0.0,0.001000009,confirmed
2025-10-24T17:56:42.075961,ethereum_tx,0x9ebf815abe8aae972158134a3e641d9fa264f69e0c45cbaf5ba22418f68e983d,9481639,0xCdf2ac76cf36A564AD6B71735d9D10070a485Db5,0x3eDF60dd017aCe33A0220F78741b5581C385A1BA,0.0,0.001000009,confirmed
2025-10-24T17:56:42.075961,ethereum_tx,0x0279eb006b6f2c00e9868c89abdadfaa7401fb4302970d717816cc465e2cbff8,9481639,0xae04a4618fC8cD434Ecc97DA7Be0650855f0e498,0x3eDF60dd017aCe33A0220F78741b5581C385A1BA,0.0,0.001000009,confirmed
2025-10-24T17:56:42.075961,ethereum_tx,0x95b0e9305fc80d68f47a5dccab9e932197f1f9040a5af7783cd2b8776e09fb1c,9481639,0xdf7B1D1B3D39F3EE2aBF05959aAb0785EA166259,0x938736Db82135bC8aE27144ae1A8c54BDD9f93b8,1.83e-06,0.001000009,confirmed
2025-10-24T17:56:42.075961,ethereum_tx,0xa2e2bd95ceb57ed3f3430211a152c6aa2ed4bb44636a5101929a25308ac191ce,9481639,0xade5C4b00Ab283608928c29e55917899DA8aC608,0xc211b581cB62e3a6D396A592Bab34979E1bBBA7D,0.0,0.001000009,confirmed
2025-10-24T17:56:42.075961,ethereum_tx,0xe80bfb656151674cf543d2fc5dcf47b7c923de644b36878320233863608cf73b,9481639,0x0B0e2673A1CE96a115c2c53e1304eD4640294856,0x08d2b0a37F869FF76BACB5Bab3278E26ab7067B7,2e-06,0.001000009,confirmed
2025-10-24T17:56:42.075961,ethereum_tx,0x35d4f03fdfe0b6f154e3b54a0649e01a2502e1549ef42fedeebf97dcc2fccd5f,9481639,0x736a2127313baE0E3b40b638Ce281Aa53ae0C315,0x08d2b0a37F869FF76BACB5Bab3278E26ab7067B7,2e-06,0.001000009,confirmed
2025-10-24T17:56:42.075961,ethereum_tx,0xd58f450b15815c31ed22ce3f172244f854b5194c09398d32a9321e58ad85103e,9481639,0x3142BA993060E0da0eD39BC077653cd4Bca0Ca56,0x08d2b0a37F869FF76BACB5Bab3278E26ab7067B7,6.22e-05,0.001000009,confirmed
2025-10-24T17:56:42.075961,ethereum_tx,0x4ff96398f43281344afc17ab018e6439f6049fc2111f04dbe34f26e03bc1c832,9481639,0xe2AfEFe57EbeC26ea6A8638818674Bfb789a6038,0x08d2b0a37F869FF76BACB5Bab3278E26ab7067B7,4.76e-05,0.001000009,confirmed
2025-10-24T17:56:42.075961,ethereum_tx,0x2ef221c33c24a36700000c4592653724fa81884ab293f95e3b7a07a26a294efd,9481639,0x8704Ef617323FB3f4C3eB5b6472919b0f803E1a5,0x87A3effB84CBE1E4caB6Ab430139eC41d156D55A,0.0,0.001000009,confirmed
2025-10-24T17:56:42.075961,ethereum_tx,0xb392a1d6b390243777486f001fa46f6f2ba58631c252eb30fb784f554b597e39,9481639,0x099BA97a37FA019c064a2517026e3c2Ea8DB9964,0xF6e7F84d9cee738ec59c08B7a7260152C236813a,0.0,0.001000009,confirmed
2025-10-24T17:56:42.075961,ethereum_tx,0x40de128c723b09fa19fc301f67aa4917b06f0b1b53b38fb86a21a1d373768650,9481639,0x5641a1E8651DE500838bed93E62e3E06a4D0e683,0xA3A87819FC57CE09886eE8ee077E5e45398f4652,8.5e-05,0.001000009,confirmed
2025-10-24T17:56:42.075961,ethereum_tx,0x0002661eefacf46c912e46bb8d0f12639555eb1f60fc11cff87fee36cdee82d6,9481639,0xbfB331f5383C9dE87Dba14E0229C9e46B2Aa33C3,0x853758425e953739F5438fd6fd0Efe04A477b039,0.0001,0.001000009,confirmed
2025-10-24T17:56:42.075961,ethereum_tx,0x9cfdc49122922b1071a4574dfb4a65f2fe268a644c9b012c4209cc5a460a17ea,9481639,0xD44fB789E1C2b9AE7A8414d93b0ff86Cc23361Ea,0xD24C9aCC20F740C4b35DFF650717FBfd9fF8b8c1,2.95e-06,0.001000009,confirmed
2025-10-24T17:56:42.075961,ethereum_tx,0x1ca533a5567a9a56f88c99a16e6f77de5416e8e281417ab77481da0f31823998,9481639,0x354ab274578d442FD107ff809E547B0a194cfa9f,0x2c02c4F3DB094788bdb60C093D96F834F0FB4bcE,0.045849112575863604,0.001000009,confirmed
2025-10-24T17:56:42.075961,ethereum_tx,0xf1b46da2ea8844c5ea11cd1f56fb4365e22958a86903ecc453153a0d9a78c392,9481639,0xd6DD05694e3fC2B0a6607Eca50c11D6F2a47b5A7,0x87A3effB84CBE1E4caB6Ab430139eC41d156D55A,0.0,0.001000009,confirmed
2025-10-24T17:56:42.075961,ethereum_tx,0xabecf089929fcf139224162b7dc4844b94cda1fd82bcb51cadb5b762b180a9e8,9481639,0x5d72984B2e1170EAA0DA4BC22B25C87729C5EBB3,0xd4116f515A6958da851080B390DDE4B81f408978,0.0,0.001000001,confirmed
2025-10-24T17:56:42.075961,ethereum_tx,0x4551ce95078fe978ba51a57ef2274356074abfd86d49766519ae1dbf5cc8a4bd,9481639,0x7aB3C3BE970a9739c2706D955E8CAd487654B3F5,0x956962C34687A954e611A83619ABaA37Ce6bC78A,1e-06,0.001,confirmed
2025-10-24T17:56:42.075961,ethereum_tx,0x33cb4303b0b2ec90fb53b2566bbf5765181eeab5b65bbf5018319ae1d177a7dc,9481639,0x5908ac57a9C1254DdC06491f2924B56A551A4f38,0x956962C34687A954e611A83619ABaA37Ce6bC78A,1e-06,0.001,confirmed
2025-10-24T17:56:42.075961,ethereum_tx,0xd4d0c272e55d9e3c640c865992d1290d2c70513a11a2a25c955f6e642dab41aa,9481639,0x5D4c0ACacf38e02d70716Ed84d1FA9c0471613fD,0x956962C34687A954e611A83619ABaA37Ce6bC78A,0.0,0.001,confirmed
2025-10-24T17:56:42.075961,ethereum_tx,0xae6929864234d8f1ce1f0ee4efc2fd5303853e0535a8cba97d36ee8854b710c0,9481639,0xD73D9aF2EBb1999581fe6ed688da866eF9903f14,0x956962C34687A954e611A83619ABaA37Ce6bC78A,1e-06,0.001,confirmed
2025-10-24T17:56:42.075961,ethereum_tx,0xe65bcdca1ddc8f15ebffc0896350ae97756aa7391329d2e5506aa0391de6a487,9481639,0x13e6009357AF52E7D564b5914aa97719C8304A28,0x956962C34687A954e611A83619ABaA37Ce6bC78A,1e-05,0.001,confirmed
2025-10-24T17:56:42.075961,ethereum_tx,0x1726b71e5fc8a97ab9f4b2020e24ed6fc813aed2710372ba3b36444d706b1a30,9481639,0x828D8964D97564075c76d681A001C1336a2397aD,0x956962C34687A954e611A83619ABaA37Ce6bC78A,1e-07,0.001,confirmed
2025-10-24T17:56:42.075961,ethereum_tx,0x6a85fb8006f0a3ddd2755154350d18df86e8f09b5bbdbe41b906593900e09e4c,9481639,0x8Dfe90E5a0E285741723cdDEa9615ECbF6E2A2cb,0x956962C34687A954e611A83619ABaA37Ce6bC78A,1e-07,0.001,confirmed
2025-10-24T17:56:42.075961,ethereum_tx,0xaeeed284ef1048345c1918112f4d5fcc4b548f8c04c89bc1fce1d7a4f2bfe6a5,9481639,0xA9394eB240F672252A30f3D5fb086371e1473A16,0x956962C34687A954e611A83619ABaA37Ce6bC78A,1e-07,0.001,confirmed
2025-10-24T17:56:42.075961,ethereum_tx,0x25dc2edf99fd6635fd6e1cf8ac98e632c5eb839f551b1f9434078cf3e15e478a,9481639,0xcC05E956be7B2F3AdCD13cc6005C1C87bc3E5F78,0x956962C34687A954e611A83619ABaA37Ce6bC78A,0.0001,0.001,confirmed
2025-10-24T17:56:42.075961,ethereum_tx,0x8120411af6ea4d980446b031ff8bd3d7379bb2ed55904557fe7b829cba6d1186,9481639,0xF7067502F610fBcFA7158416af7550c0Bb24C020,0x956962C34687A954e611A83619ABaA37Ce6bC78A,1e-07,0.001,confirmed
2025-10-24T17:56:42.075961,ethereum_tx,0x7dcee4803e30632175c4979673bff860d452e925d8567efff5c8c623bc40d84b,9481639,0x7afEc1252f5C7b317505aB379Bb888CbD07e6659,0x956962C34687A954e611A83619ABaA37Ce6bC78A,0.0002,0.001,confirmed
2025-10-24T17:56:42.075961,ethereum_tx,0xde283aa9ff652b636051d661363c88c8f4787c8fa73f14762d0f97f03cb9c51f,9481639,0x718a51ca2b216e675c84E374a70ba36658AEB3B6,0x956962C34687A954e611A83619ABaA37Ce6bC78A,1e-07,0.001,confirmed
2025-10-24T17:56:42.075961,ethereum_tx,0x5bded7a61ba8ef22a40d7381011b12a58d4bc9b7bfc02645f1c06f9777a8560b,9481639,0x408e46140ce73a6AA29FC9c6659b398E685e7Fc7,0x956962C34687A954e611A83619ABaA37Ce6bC78A,1e-06,0.001,confirmed
2025-10-24T17:56:42.075961,ethereum_tx,0xaf1db91288a7c71eec2e0f9aca71b7cc6c495feea56522324571b38323c57ea2,9481639,0x65C1daB5A49AbD4261627CF5074ee41a2e74AC73,0x956962C34687A954e611A83619ABaA37Ce6bC78A,0.0001,0.001,confirmed
2025-10-24T17:56:42.075961,ethereum_tx,0x5ca8a6f1f89a1ccaa4db2e60ed0ee7ac86efa74bf2ef0329fd03fd15718db577,9481639,0xe03F5Eea59b3e719653d522811A49E089FA0DE8e,0x956962C34687A954e611A83619ABaA37Ce6bC78A,0.001,0.001,confirmed
2025-10-24T17:56:42.075961,ethereum_tx,0xecaedd4bf9a54342b017e4618068da2e33e5d6e1a13d8df7d8cd9a7dafcf93f5,9481639,0x85a085b038D760f69846c8ad64276d9Fc32B703f,0x956962C34687A954e611A83619ABaA37Ce6bC78A,1e-06,0.001,confirmed
2025-10-24T17:56:42.075961,ethereum_tx,0x54061994224a19544cb4691fe9fcbcea344ba33f8167725860071d1b1788d85b,9481639,0xCc575A565FA2C886bf79618C2EDF427d4F617121,0x956962C34687A954e611A83619ABaA37Ce6bC78A,3e-06,0.001,confirmed
2025-10-24T17:56:42.075961,ethereum_tx,0xdfe37a650f9d9cc088775dd2f94ddae7f94f8b3d8d3a5bebddcfcdb5ca7d2d7f,9481639,0x35FF6D74b06fc4c1D8c6dd839b6d3b1aDbe802A6,0x956962C34687A954e611A83619ABaA37Ce6bC78A,1e-06,0.001,confirmed
2025-10-24T17:56:42.075961,ethereum_tx,0xd6ec6d1ea17e29f4a5dc3d3eddcfc10cff11a88050758f3fa55bd7c8b39cb32f,9481639,0x0ff68711c5439A666ab1b89c4D0A5A63df06A1D2,0x956962C34687A954e611A83619ABaA37Ce6bC78A,0.001,0.001,confirmed
2025-10-24T17:56:42.075961,ethereum_tx,0x3aee1638b66857b103cea1cec91ec3d11ea7cbdc7bf36644c19a60d8f00599ad,9481639,0x37e6b2D78E927b8D4c7620f30C06DBAE6389322F,0x956962C34687A954e611A83619ABaA37Ce6bC78A,0.0001,0.001,confirmed
2025-10-24T17:56:42.075961,ethereum_tx,0x6c2f90f894bd468ea2253523c702797e13450740928e5ec7e04dd48ce2feeafa,9481639,0x4EA09D8f3fb494a11072ff05b1BE2241adCeEd09,0x006B2223248D0e45296d7d4F3cffF325579954C4,0.0,5.010000009,confirmed
2025-10-24T17:56:42.075961,ethereum_tx,0x9942ed12a087251497e3d86cfbf62abf964eaf94285986bb1f87f6885d3a8d32,9481639,0xAB7FA3E33601Da4d5159BD6aA4fBD98Edc994932,0xcA11bde05977b3631167028862bE2a173976CA11,0.0,3.000000009,confirmed
2025-10-24T17:56:42.075961,ethereum_tx,0xdf351cc9f2816fcbef7ae635c2a414c860dbdb6af816e1ab6a718e59dc95a0a6,9481639,0x615E0671717121f54A741f5CEf5aB14d9E8f0695,0x0071679f8024e420A6E2138B2F3bAaA3095BC782,0.0,2.000000009,confirmed
2025-10-24T17:56:42.075961,ethereum_tx,0x40297434de608977a60d6a29f5c0e0dfe2e60e4913f664968a0ee28817cdf3af,9481639,0x3c25a1ec5768566d83a0E0cABC5aa81d3EDA7BC3,0x0071Ec7c82F8A96Faa7fe145AC76c850a942F0A9,0.0,1.000000009,confirmed
2025-10-24T17:56:42.075961,ethereum_tx,0xad4892753061d1ad15e25133f158c2522f8a4beba1d99643ff66185636a7776a,9481639,0x0c2aC914b2378e5AFAeCBaB08a171c769d34947C,0x734dDE12fD466C14a85DE838788efE6F1993c84C,0.0,1.000000009,confirmed
2025-10-24T17:56:42.075961,ethereum_tx,0x48abcf892e329c62e74ba25bec21b8dcc259616477e5f9464d0db029ed0bb1a9,9481640,0x851d69f372625692DeDAE107a2312A8cfddE514f,0xFf00000000000000000000000000000487488733,0.0,1.000000009,confirmed
2025-10-24T17:56:42.075961,ethereum_tx,0x7fc66b7eb613b93c22b38daf356f787a9dfe33af591dfe5767ee3966abb4a7b1,9481640,0x3C95c2633296B264d051498C4b2e982EbB526A53,0x3C95c2633296B264d051498C4b2e982EbB526A53,0.0,4.1,confirmed
2025-10-24T17:56:42.075961,ethereum_tx,0xc4ec40974615be9ce2bde4dde18693dd64ac9712dca822f2838008e6b87732e2,9481640,0x6Cc9397c3B38739daCbfaA68EaD5F5D77Ba5F455,0x731416D86549f737587e7c2B9054A93b74ed0Fb7,2.5,2.000000009,confirmed
2025-10-24T17:56:42.075961,ethereum_tx,0x220b245bf362d26d72f901324279a4f57d60fedb4cacbfd8037036de92f1f9cd,9481640,0xD844ba11F64d23a7481E24474D2f184e350B9B3d,0x1c7D4B196Cb0C7B01d743Fbc6116a902379C7238,0.0,2.000000009,confirmed
2025-10-24T17:56:42.075961,ethereum_tx,0xe87b772a2634ff9b861acb8b40579629dd040944aaa22a45996461bfbb6ab956,9481640,0x319dd63E0AC72e7Ac74443029d074032c043460F,0x08210F9170F89Ab7658F0B5E3fF39b0E03C594D4,0.0,2.000000009,confirmed
2025-10-24T17:56:42.075961,ethereum_tx,0x2d834fe4c7b47ebe150e3be892d55bcda214541fc7874accc18c38dd52aba79a,9481640,0x6441D6Fe2c6aF8EAe8bC5a534e82bE802d8d1a0e,,0.0,1.500000009,confirmed
2025-10-24T17:56:42.075961,ethereum_tx,0x8e5dfd6221e6900496edd01028209d33a70c5fb9c3649a33f019b1737a440b59,9481640,0x472280aaead1631474999989d8CC060cE882484d,0xCCb6AB9D630E249b0B12b4ABd2E40d35dEb24D77,0.0,1.500000009,confirmed
2025-10-24T17:56:42.075961,ethereum_tx,0x8c3e9de57f69c7ded77f58bafbb01d10d5c204421f9a08bc444fb575f3a52a1f,9481640,0x4B93C369170A9E415939a0A23a660F23BF9f6071,0x779877A7B0D9E8603169DdbD7836e478b4624789,0.0,1.500000009,confirmed
2025-10-24T17:56:42.075961,ethereum_tx,0xc8086cebb2a4d551b21c89c8a3f0c914a4dc1cb9c49695e381e0acd1bca3cfed,9481640,0xD61a6BaB67F89A1789Cf0C324b0cCdb0e66BfbD6,0x2A4496bbC344414e3bDbE6a8E7c40EF007DAeEd1,0.0,1.5,confirmed
2025-10-24T17:56:42.075961,ethereum_tx,0xc58e6921f712d60a261590dc41364db9d72d39a53bfde33d4e7197ea882a826e,9481640,0x6DEFf02001A86f794886e9140bBFC126d12707B0,0x2A4496bbC344414e3bDbE6a8E7c40EF007DAeEd1,0.0,1.5,confirmed
2025-10-24T17:56:42.075961,ethereum_tx,0xbcf3ebc4039f06236670f7bd300beaeb5d13be8caf87eeceaab8a54606054d85,9481640,0x3965173254Ee7060b34f96e083046fbEf43CBC60,0x2A4496bbC344414e3bDbE6a8E7c40EF007DAeEd1,0.0,1.5,confirmed
2025-10-24T17:56:42.075961,ethereum_tx,0x18ba05aa53df4af60e4ce08d54c7b48f1c4d59119579d9a07aaef71868c72574,9481640,0xc6e62F7909A8Db1762eb7C809F928f94C8DaDdf5,0x2A4496bbC344414e3bDbE6a8E7c40EF007DAeEd1,0.0,1.5,confirmed
2025-10-24T17:56:42.075961,ethereum_tx,0x1e6e86b31c95b21a0ecb9d85dc593292f3c6a95aceba5bc989931e387ec22d72,9481640,0xAa03CfA18154822f8Ad92D48c42210a890E01Dc9,0xB88FeAA1a0c5B57D82B50C937A7ad647E6D59223,0.0,1.000000009,confirmed
2025-10-24T17:56:42.075961,ethereum_tx,0xc86374e11d979c2621c08a88e3d196cc8d438c38268d38c82b84d35c49820869,9481640,0x62c4Ef860f80117Fa1804C73F0C8E1144D1847E7,0xa4d55E2ba7ec63fe38b7b08B6b8a17a6Ae7cB955,0.0,1.000000009,confirmed
2025-10-24T17:56:42.075961,ethereum_tx,0xf5422cae55314f012a8aaae953015005938153934010d4bd1bba149aa75aafc7,9481640,0xEaE59635C0b7357c0dd70345c67dBD0A7c248E2e,0x599872a4f188CDe9A97c32eF6e316dc39ee6c696,0.0,1.000000009,confirmed
2025-10-24T17:56:42.075961,ethereum_tx,0x6d68f3ec8166dd5482d29bee47cce0b02bcf34c568b5a4e53966f19d7ff7e8da,9481640,0xAD0654aB10B809f5b1e52cF6F0148Fb8e2A1aB45,0x50E8d81E7fa8EB9d7eBe3eAa78267A5E04705e63,0.0,1.000000009,confirmed
2025-10-24T17:56:42.075961,ethereum_tx,0xbfc6afdee15fd3afb5b09c6eac9d9480347ddf4773b396fc8029844b0b197f0e,9481640,0xE6Dc00655053808EA5aa1185643cF391fe14638c,0xdFD6c9954d76c24D8EA02De426Ab4DfC17323a20,0.0,1.000000009,confirmed
2025-10-24T17:56:42.075961,ethereum_tx,0x63e1c5d8a2a187527d08ad16f59844f03e26f84bf063565935e096d17db38e7a,9481640,0x0b7118EFBC92aB8779fa43D219364ac8E6f8C5AC,0x00Dfa7bf409a45E312118955b8c4028c1b5b2351,0.0,1.000000009,confirmed
2025-10-24T17:56:42.075961,ethereum_tx,0x644559a5950dba8606342d0718b97b9ea20943edf41fd8fc5102e03e6e3e8e6a,9481640,0xd62316C1F20B40FD1263E6Cd5bD71C3C19f282AD,0xff94B3795ACCE6d3691Fb4538646A91561E95e7D,0.0,1.000000009,confirmed
2025-10-24T17:56:42.075961,ethereum_tx,0xe4f6968179603cb2388cf70c1dde537da2a94377b928aed58e7acac129752bbd,9481640,0xefB3de33104C0E65B457037C4b69BdAfdADe99E1,0x88A44EcB34dFa1a1BFD74EF8A91720CDed42873d,0.0,1.000000009,confirmed
2025-10-24T17:56:42.075961,ethereum_tx,0xca36695a9299082c6a77ca377044006410f6ae021c86aa6c4c824bc00c8e5bc7,9481640,0x024445423b95cF0370798D52a6d7185bdF941EE8,0x60645F5EE1e82c2dF2421bbCD949b04B90Cd514f,0.0,1.000000009,confirmed
2025-10-24T17:56:42.075961,ethereum_tx,0x92ae5c6e1887a7b697038c8429d9de86aa0b2616a8cffc086707cf994728087f,9481640,0x9186A66C6EBF3fEf7C3D1FD7EaDF560f6a14Ca26,0x7a25d06Af869d0A94f6effAfFa0A830EEBF1EcfB,0.0,1.000000009,confirmed
2025-10-24T17:56:42.075961,ethereum_tx,0xc8688bd7bebf45b244d5f175efbc1bc68107f4f57e3b98fa2946b210dd816a46,9481640,0x2176D71045E118212022c105Cf7BC5547d0Fc575,0x3672bC7D7124ab9EDb8bb2cEdCF339b9f0fba26D,0.0,1.000000009,confirmed
2025-10-24T17:56:42.075961,ethereum_tx,0x6cb6a3e78551ff5f88a08c823fd2eff23ba0da9ea8ce5e83cab97e79eafcf524,9481640,0xB70C8Ba967B7c4d26661D1cF29d520651A97Dd3f,0x77901918D6A3D9Ad58F44420bb32ec51E7B6Fc7A,0.0,1.000000009,confirmed
2025-10-24T17:56:42.075961,ethereum_tx,0xd9fca06584a39b09404dac2b8e26fa3e0e2b3b4d8a1cbc76de65070fd660a3e0,9481640,0x30Eb402c7b70C3F70e47948031485a3014CcA8e1,0xf993E10C83Fe26DddFc6cb5E82444C44201e8a9C,1e-06,0.020000009,confirmed
2025-10-24T17:56:42.075961,ethereum_tx,0xc4ecf155185cab40d3d67f01b0e796643a617c64013d5289b2e6718a3791d88f,9481640,0x103c72621992573D4fd57Ce03076d1d00222917a,0xf993E10C83Fe26DddFc6cb5E82444C44201e8a9C,1e-06,0.020000009,confirmed
2025-10-24T17:56:42.075961,ethereum_tx,0xb5c17f806e7aa69e880a940bab76696a7bf24ba1213ed1ae4455e0e78d1133e6,9481640,0x99d6eFE0fc3B52Ed9B8dFFAfB1dA59e75c4200EB,0xf993E10C83Fe26DddFc6cb5E82444C44201e8a9C,1e-06,0.020000009,confirmed
2025-10-24T17:56:42.075961,ethereum_tx,0xe47f7a3b1edda10641c0fd79afd2d0feb3f7c52b80dd0d517ff496762edd396a,9481640,0x2bd06E1d56031Db18981465D246c9Fd2a94ea1B2,0xf993E10C83Fe26DddFc6cb5E82444C44201e8a9C,1e-06,0.020000009,confirmed
2025-10-24T17:56:42.075961,ethereum_tx,0xd79ef3da6bd24de3b56f08d2650ebd5a4cf470b23756ef5bcffc1ffab16a2481,9481640,0x45D462AfdcF2c9C197aDFD74AD26Ccac989814e3,0xDeC46644624972bb67B0A155335fCb35918A476C,0.0,0.010000009,confirmed
2025-10-24T17:56:42.075961,ethereum_tx,0xc33fd49f79f6383911704f6ebc60d81df8c2c3d7340bb0369301ddc2481d3fbd,9481640,0x6d7927C0D236388319864007681BC0C6b844Def8,0x12e1181a741b70BE6A9D81f85af3E92B6ba41897,0.0,0.001300011,confirmed
2025-10-24T17:56:42.075961,ethereum_tx,0x961c6adfd42655a275cf7d75d98de2b41d998064463a6952457835236c067521,9481640,0xd6F7B4fEbE08454BFE5aF0bE5fD40A2F8Ee80b6c,0x3a5acf46ba6890B8536420F4900AC9BC45Df4764,0.0,0.001250009,confirmed
2025-10-24T17:56:42.075961,ethereum_tx,0x602759c4dd0cd998f8065cd3baf8046df3ebaf465509c6b0a290f54f15dcde75,9481640,0xe32F7df751fc64F48108a8b460830f1fF49ae560,0xDc59c8acd5C6726BA07B16186aa50028849F1D82,2.5,0.001200011,confirmed
2025-10-24T17:56:42.075961,ethereum_tx,0xeb0b561542a97467b96b8a89a88ccfcea5aaaeec93fea888ea38bc2677b6120f,9481640,0x715d1084b1237Ba6a61447890F282E2505471EEC,0xb5A49949C49dEDD852F9f0f419b17aD2785032db,0.0,0.001082862,confirmed
2025-10-24T17:56:42.075961,ethereum_tx,0x38ad2f67eb2d5e1d4e5e5b981b90892e7ae2cbfd57683a025cdb091ff4a1c877,9481640,0x6b16fE17cdc6b996cF50630a600F9007c8dfdb2c,0x7215691F60C4fA7Bb82c5Ac44c7d57dc32bB0493,0.0,0.001052642,confirmed
2025-10-24T17:56:42.075961,ethereum_tx,0xb662bd84b1ebe39644066a21050afc97cad1eb9022001c72cfcefcb0acfda10b,9481640,0xe036828307C40A1471DBCd55d3BEA3fc57cAC75C,0x0000000000000000000000000000000000000000,1e-05,0.001000009,confirmed
2025-10-24T17:56:42.075961,ethereum_tx,0x489968643571c0e35d0df943e4e955cd067f852e1a0602d29b29a8b6abb77220,9481640,0x0B9428f89c91875E39c1951e68Ab38593B870Cf2,0x8bfE61eEDF24094F6832BD2E01FD3b8846b96B7c,1e-08,0.001000009,confirmed
2025-10-24T17:56:42.075961,ethereum_tx,0x0cf8e023c9eefe88ca3e5aa3622fa53fe9b7e12b46f78bb7c91475fc5e5c1d44,9481640,0xef9207296082B0590Da0b9016dDD0aADC61060Ea,0x03C66CB1826BDB0395BF31E68Bf7E873e9564fFB,0.0,0.001000009,confirmed
2025-10-24T17:56:42.075961,ethereum_tx,0x3039f68d2faf2d217b9d77583cf68cf5e8b43de5e260d0dcee035336e5cfe504,9481640,0x2BFaadCa3865BEf692e68B16A3A655bB3167e004,0x358e500d87F6d4630a8bF2fBDA09298C0873DA18,0.0,0.001000009,confirmed
2025-10-24T17:56:42.075961,ethereum_tx,0xb91922bd25fe5955d648601a0d74f3e8df4075894f4277b41338864a8f183d29,9481640,0x3Da763C42E438eB17880fB6A83040d6cf13eF03b,0xFf00000000000000000000000000000000042069,0.0,0.001000009,confirmed
2025-10-24T17:56:42.075961,ethereum_tx,0x927db6401558d75ed2b8218ce0e63e11e4f187e5c098ec47598f0f9c11f01e99,9481640,0xc7707Ed3A8b4361c226A62e4089a0678A8894dC9,0x03C66CB1826BDB0395BF31E68Bf7E873e9564fFB,0.0,0.001000009,confirmed
2025-10-24T17:56:42.075961,ethereum_tx,0x4bd2f2c6c935a7b90c3ff4ded35c4676ca76196d7f1ba3122958d9e858f820c3,9481640,0xCD02045b889Ac206A869536aFA56e57DB62aC479,0x03C66CB1826BDB0395BF31E68Bf7E873e9564fFB,0.0,0.001000009,confirmed
2025-10-24T17:56:42.075961,ethereum_tx,0x3eb6d7cf3e38779b2b0f0f8f65613efb7537a1cd9359e1e0adee3da17966922a,9481640,0x334655356E79a21D3592145425e539Ad077460A7,0x3eDF60dd017aCe33A0220F78741b5581C385A1BA,0.0,0.001000009,confirmed
2025-10-24T17:56:42.075961,ethereum_tx,0xa6112845fbb72015ad589dfd4912ef22c4b3beb2bbac7d588eefe1faa0356431,9481640,0xcD12Ed9b63603bc9685Cda552c0156d9b297b41F,0x87A3effB84CBE1E4caB6Ab430139eC41d156D55A,1.4e-05,0.001000009,confirmed
2025-10-24T17:56:42.075961,ethereum_tx,0xebdc3860a15c08e8a8845cfaf8ac4ffbcd6b25b9ab585658cc69c7b7c6c0d857,9481640,0x49E543E6225e53E945cB257BF3C007D87e8bb862,0x03C66CB1826BDB0395BF31E68Bf7E873e9564fFB,0.0,0.001000009,confirmed
2025-10-24T17:56:42.075961,ethereum_tx,0x3c94c08b0a698548c7a48c3f26d5e2a4fb7457f9a842ae03a3f029cffa6f5491,9481640,0xEC79e928b05608eBB285CA7FFe0AcAA9Ca9E61ab,0x7215691F60C4fA7Bb82c5Ac44c7d57dc32bB0493,0.0,0.001000009,confirmed
2025-10-24T17:56:42.075961,ethereum_tx,0x9ddc8cc80dcace341890b46add69d21bb41ab25b2812c25e0bb6a5d2634cf669,9481640,0x32ED5c6Dd362F98B5F10326F7549C2395F36aeB4,0x03C66CB1826BDB0395BF31E68Bf7E873e9564fFB,0.0,0.001000009,confirmed
2025-10-24T17:56:42.075961,ethereum_tx,0xc543bb0d95a149f0e06857223ff3b67bf84ecc394bda4992b2431c66244b5c34,9481640,0xdf7B1D1B3D39F3EE2aBF05959aAb0785EA166259,0xCf980DdAE679E777c738D29EC5F49b5C30794c04,1.26e-06,0.001000009,confirmed
2025-10-24T17:56:42.075961,ethereum_tx,0xdc140d8029bd20af5773ef34849c29db9f92b199754b32888d045058012c13e5,9481640,0x2beD2911366C582Ab52F11f849F5C0E942Ba666E,,0.0,0.001000009,confirmed
2025-10-24T17:56:42.075961,ethereum_tx,0x872f39ae5cfa79ed4c49cec08f12ec68815459e06d3927a248db26212bd81f5a,9481640,0x1274165FF8713E744fa9791075E494cD9e5784E9,0xcA11bde05977b3631167028862bE2a173976CA11,0.0,0.001000009,confirmed
2025-10-24T17:56:42.075961,ethereum_tx,0x442a7c88a5ba3876852814be649603674cedbdb165559be744b074f7da00034a,9481640,0x215b50fE796ab2DCd0239B8D7d099CED95369C03,0x03C66CB1826BDB0395BF31E68Bf7E873e9564fFB,0.0,0.001000009,confirmed
2025-10-24T17:56:42.075961,ethereum_tx,0xa01533eb8ce33d669e67269a4d3bcdf4ab2c6be8307044033458a53fff8b3500,9481640,0xB154fa9C47510d0B9324EF0c4b6F7726D3a7cC0d,0x03C66CB1826BDB0395BF31E68Bf7E873e9564fFB,0.0,0.001000009,confirmed
2025-10-24T17:56:42.075961,ethereum_tx,0x0d54834c8ec394f7f07e47e647f9963f4a562583d147220810dc34c93be9484d,9481640,0x3D239A7e6D7c21F6C747b964460416fED8AF2722,0x03C66CB1826BDB0395BF31E68Bf7E873e9564fFB,0.0,0.001000009,confirmed
2025-10-24T17:56:42.075961,ethereum_tx,0x53656184dc1fcb9b88dc8f501c5864f995f95b3079da8e0dbdd5c015bc4750da,9481640,0x0c73Cf87369Aea2924F8eF058a9870df5e0E4B80,0x3eDF60dd017aCe33A0220F78741b5581C385A1BA,0.0,0.001000009,confirmed
2025-10-24T17:56:42.075961,ethereum_tx,0x7f124bb2293524f07cc93e5fa5f9994acf9b2b220fde5b0dadecdb9e2caf0ab4,9481640,0x2272dA5705555b06E489346e81D545f0d0eC1440,0x03C66CB1826BDB0395BF31E68Bf7E873e9564fFB,0.0,0.001000009,confirmed
2025-10-24T17:56:42.075961,ethereum_tx,0x076d6bea02f58745c5aadd9a079fd5939d3ecc1cfa1100aacb5d7ada1e9b4cfb,9481640,0x152926E2F7358DD8b67f7509f0Ddd07a5a460439,0x03C66CB1826BDB0395BF31E68Bf7E873e9564fFB,0.0,0.001000009,confirmed
2025-10-24T17:56:42.075961,ethereum_tx,0xfb7c5f1454f94a0fd188b50fd1f1d9397f50e2bde45e011fea79a7ac859b4461,9481640,0x1C98C81eD2f54B01eDada639e0D5d44E62a22fBc,0x3eDF60dd017aCe33A0220F78741b5581C385A1BA,0.0,0.001000009,confirmed
2025-10-24T17:56:42.075961,ethereum_tx,0x551b9044ed6dde3f14b5ed03153bb47a0fc359976d43c55714c181b8b222f2df,9481640,0x020B87eAC14222872E66302fcA4291A6319e7ceb,0x87A3effB84CBE1E4caB6Ab430139eC41d156D55A,0.0,0.001000009,confirmed
2025-10-24T17:56:42.075961,ethereum_tx,0x7f0f4735319265a8dd1112f2f3613449c02f2547a9e94841793f6aa9d7b15df2,9481640,0xB22833D458F0AC2576067Dd7dAEfd6c85CCc50FE,0xCf5832858370e9a5727Ed13D1374Adf6179589EC,1.05e-06,0.001000009,confirmed
2025-10-24T17:56:42.075961,ethereum_tx,0xbd0bc7200ea4a20f52079c9d4e17adc58be5edd195a1ba9c9bdcfe3ff353fd26,9481640,0x976C95e6fE5D39e0b1daB5Beeb927Fe849418607,0x08d2b0a37F869FF76BACB5Bab3278E26ab7067B7,2e-05,0.001000009,confirmed
2025-10-24T17:56:42.075961,ethereum_tx,0xa9642f07599689422266b98af08a82da3ed5fced3299ad8c0d7fd0b77660b15c,9481640,0xE6e5dA74624884FBa5D34b1304c1B7a501a94b45,0x08d2b0a37F869FF76BACB5Bab3278E26ab7067B7,0.00515,0.001000009,confirmed
2025-10-24T17:56:42.075961,ethereum_tx,0x8c0ddf97ec99375e278d43ec1cc1c1ed32452897e459381177af28f724cfc67e,9481640,0x79f8892bb6956A424cbE0cFcfef4a7A447aF3DBe,0x08d2b0a37F869FF76BACB5Bab3278E26ab7067B7,3e-05,0.001000009,confirmed
2025-10-24T17:56:42.075961,ethereum_tx,0xe8fc013d37139feb024e4a301d1cf25c4344acd950095bbe71f3c9b71acef885,9481640,0x168d110180E2992e7c23ae4BEA7581EC591187bd,0x08d2b0a37F869FF76BACB5Bab3278E26ab7067B7,2e-05,0.001000009,confirmed
2025-10-24T17:56:42.075961,ethereum_tx,0x1b3b1970e57d188adbeab41fbba808e760a985516439ed6c5a07f9b9e00fdd8d,9481640,0xED7378B2eCeF54536339f6E029accF40D873Dfcb,,0.0,0.001000009,confirmed
2025-10-24T17:56:42.075961,ethereum_tx,0x8c9599d14c9ec783d6f2edd39d3619f6e379c53e66ef0602bfdc93db132f8e3b,9481640,0x0B0e2673A1CE96a115c2c53e1304eD4640294856,0x08d2b0a37F869FF76BACB5Bab3278E26ab7067B7,3e-05,0.001000009,confirmed
2025-10-24T17:56:42.075961,ethereum_tx,0x89b0b840f935bb5dac9a33c42c9491f8955093aa58c3c4790b4157dd5014c5c4,9481640,0x1ADE58CDFB3750b1A0b4FBF64b281D4490fa791D,0x08d2b0a37F869FF76BACB5Bab3278E26ab7067B7,4.16e-05,0.001000009,confirmed
2025-10-24T17:56:42.075961,ethereum_tx,0xc9402311543f6e8292112eae96a5e78669754f7ef8eabb71f266a8647e1fe69d,9481640,0xd756119012CcabBC59910dE0ecEbE406B5b952bE,0xADF5aadbe080819209BF641fDf03748bb495c6f3,0.0,0.001000009,confirmed
2025-10-24T17:56:42.075961,ethereum_tx,0x4a5286a6b0d2f2d46e3500d4149486509f075c9e67272d9998e095848997caa7,9481640,0x099BA97a37FA019c064a2517026e3c2Ea8DB9964,0xF6e7F84d9cee738ec59c08B7a7260152C236813a,0.0,0.001000009,confirmed
2025-10-24T17:56:42.075961,ethereum_tx,0x58f49aae89f930bb6206653443d14a4165059e4760753fdf007f87458836a5cd,9481640,0x6d50EDC485a5c5C8E57e45994de1C8f8A11A7cee,0x6d50EDC485a5c5C8E57e45994de1C8f8A11A7cee,7.1e-05,0.001000009,confirmed
2025-10-24T17:56:42.075961,ethereum_tx,0x7e7f6d3e1ae2105095f8a4249c18624257bbab6e9ddf690c2187fee895429f46,9481640,0x9aeCf44E36f20DC407d1A580630c9a2419912dcB,0x89BA0Ed947a88fe43c22Ae305C0713eC8a7Eb361,0.0,0.001000009,confirmed
2025-10-24T17:56:42.075961,ethereum_tx,0x66de86fd0893e1532c7439593ede665800eeac2c4408af2c7c0700dd94647c64,9481640,0x72bc33B21e7D039ea27BA35a40207C5A81c46944,0x503Feba86777203d6Dc8Ccb074BBC41b91C595bc,5.63e-06,0.001000009,confirmed
2025-10-24T17:56:42.075961,ethereum_tx,0x1a5031dc81323b0d6e5de06ee1811d4756d6663c071515614a92ecca9984992a,9481640,0x5d72984B2e1170EAA0DA4BC22B25C87729C5EBB3,0xd4116f515A6958da851080B390DDE4B81f408978,0.0,0.001000001,confirmed
2025-10-24T17:56:42.075961,ethereum_tx,0x6fafd4c337ef49b91930c64d9b2a55d10a6464bdc710273a6a9e2cbb203736b8,9481640,0x26cDc7A5B7b2411e1fE3fe1b486210E2227Bf7Ca,0x956962C34687A954e611A83619ABaA37Ce6bC78A,0.0001,0.001,confirmed
2025-10-24T17:56:42.075961,ethereum_tx,0xfd7e4c2a739383f71bd2f309abbcb90dec13580ae65fa7ff04a8862ea866e13b,9481640,0x0835a809F7353D260FFeacC68AD31B60F006849d,0x956962C34687A954e611A83619ABaA37Ce6bC78A,0.00012,0.001,confirmed
2025-10-24T17:56:42.075961,ethereum_tx,0x87614bb6df82362eab2b4a70cfeb201542535ba1414108265f24989fb110c6ff,9481640,0x2c2b882B65Fc147bb3980B3dfbaB9D7C8222DF2C,0x956962C34687A954e611A83619ABaA37Ce6bC78A,1e-07,0.001,confirmed
2025-10-24T17:56:42.075961,ethereum_tx,0x1ef311a9114323f3a21360e809234df21742f133d3a08526902bf69eb5a7dc80,9481640,0x9C8FaA60ac71ad698FA1E9ba77C7F409eF4834cf,0x956962C34687A954e611A83619ABaA37Ce6bC78A,0.000132,0.001,confirmed
2025-10-24T17:56:42.075961,ethereum_tx,0x05ce62b271bff7096b3b062b4f33c23c7720d5525cf6b0c30915524aef228215,9481640,0x408e46140ce73a6AA29FC9c6659b398E685e7Fc7,0x956962C34687A954e611A83619ABaA37Ce6bC78A,1e-06,0.001,confirmed
2025-10-24T17:56:42.075961,ethereum_tx,0xe678462a77f6fc9e582e4365d94261065e9bd6f48efbe9fbd774b735223bd964,9481640,0x85a085b038D760f69846c8ad64276d9Fc32B703f,0x956962C34687A954e611A83619ABaA37Ce6bC78A,1e-06,0.001,confirmed
2025-10-24T17:56:42.075961,ethereum_tx,0x76887752976d9974ed89345a0ef44a738c958eb7df565100b3a6432db5300a43,9481640,0x83DB597afF7c6a8A43b7672a37Bc355450f4cC6c,0x956962C34687A954e611A83619ABaA37Ce6bC78A,0.0001,0.001,confirmed
2025-10-24T17:56:42.075961,ethereum_tx,0xe2aef4d1fbca2bca48bb7acc52e9c581a3b09632a3a0401a6818b770ff6dac44,9481640,0x5D4c0ACacf38e02d70716Ed84d1FA9c0471613fD,0x956962C34687A954e611A83619ABaA37Ce6bC78A,0.0,0.001,confirmed
2025-10-24T17:56:42.075961,ethereum_tx,0x800cb5acae9fcb46b22743c5971214400614e4a75f52822c65af40de4720336e,9481640,0xa6ab0e4ae657786273C457be86Fe3573d4013ed8,0x956962C34687A954e611A83619ABaA37Ce6bC78A,1e-07,0.001,confirmed
2025-10-24T17:56:42.075961,ethereum_tx,0x3a866675b382b30f415534eb84c313e7b670f1592afd8063825888d44e131d2b,9481640,0xeC3221F510cFFCC86E0cbb02Dd5A6FEb9EEBA608,0x956962C34687A954e611A83619ABaA37Ce6bC78A,1e-07,0.001,confirmed
2025-10-24T17:56:42.075961,ethereum_tx,0x0f73aab80398dde56645a2d9c7c74435f7a4fd7ff080c8e4aa4ade9519652636,9481640,0x86998d563F47e9cC192be06a5701b1602C441140,0x956962C34687A954e611A83619ABaA37Ce6bC78A,0.001,0.001,confirmed
2025-10-24T17:56:42.075961,ethereum_tx,0x0aac62cb5cc62b791521bae44b73ab0563f5a52575be8dd268cfe27b199283e3,9481640,0xCB2154Ea2C2470361442F69EC57E8df772ad4521,0x956962C34687A954e611A83619ABaA37Ce6bC78A,1e-07,0.001,confirmed
2025-10-24T17:56:42.075961,ethereum_tx,0x670db7d195fbea4747817b7e17208204f9f825c1b5a112d22f120ae37cb39408,9481640,0x071F8293441618A7D040ADFE8a5deCEc693291d2,0x956962C34687A954e611A83619ABaA37Ce6bC78A,3e-06,0.001,confirmed
2025-10-24T17:56:42.075961,ethereum_tx,0x1461004fa5a6b24ea3c926a71c912d6c322e01565f926b4eac5326830feebc65,9481640,0xAB3070DDa030ed0115b23AB74B7Af9B73b2781F2,0x956962C34687A954e611A83619ABaA37Ce6bC78A,1e-07,0.001,confirmed
2025-10-24T17:56:42.075961,ethereum_tx,0xcbb2a93a948dbde67da92c569f761df138978947d718c2bb8574d6fd746d16ae,9481640,0x7aB3C3BE970a9739c2706D955E8CAd487654B3F5,0x956962C34687A954e611A83619ABaA37Ce6bC78A,1e-06,0.001,confirmed
2025-10-24T17:56:42.075961,ethereum_tx,0x937773b064e0a89e5796448cf4ccdadfc91048dc2c19e99fa5d2ca319a3d4ede,9481640,0x2bF78d2268Ed1776E41323D6A5aE694d8c8F7968,0x956962C34687A954e611A83619ABaA37Ce6bC78A,0.0001,0.001,confirmed
2025-10-24T17:56:42.075961,ethereum_tx,0x52c9842131da327682f4724bc95c0e4f2e6d82a0914afd4077b0cdec67a58147,9481640,0x4DF959EE954F0137d1508c3a700b7750aA3fCce4,0x956962C34687A954e611A83619ABaA37Ce6bC78A,1e-07,0.001,confirmed
2025-10-24T17:56:42.075961,ethereum_tx,0xd11824599c2a6f3e984600d909f626b3a483a2e8c88854d82f51fa3f9cfcb82e,9481641,0xf99c57DE6e7A2b1bD51C8b13c41Da142F1D30523,0x14F5AEC378CAE04E1Fd21C70E8A9C8b7218cC49F,0.0,1.500000009,confirmed
2025-10-24T17:56:42.075961,ethereum_tx,0xd3a0fafda90b1b992c0fa66b9479c5f2793c1b18e40cef6dffc2a79c19535c74,9481641,0x6ca3715F2CDeaD0e038cfFE18d3A580d34Ffc4db,0xBC04d69Ecd7890699b2BE7924eA86474e15098E6,0.599968499999874,1.500000009,confirmed
2025-10-24T17:56:42.075961,ethereum_tx,0xe7fbbc0ee7e7358ed693f2fb4ea7667d354828c3dcf4a941f3fa0c7e0dfe0d2c,9481641,0x3D19372dC3f6E3a2651753A78Ff31b477e591Af0,0xD607B7b58218Cf7C93fd053c550158d6E48d629F,0.001,1.500000009,confirmed
2025-10-24T17:56:42.075961,ethereum_tx,0xbc3031d82197a3bfb2f1cbad720dd224d90ebe366f74251507c4520b23928d53,9481641,0x044b5a220aB89142962d7A44B02139C504d3BE67,0xaE09DC34FD75a05ECf330A76FaE436478E068291,0.0,1.500000009,confirmed
2025-10-24T17:56:42.075961,ethereum_tx,0x71d5b96cac12ce864521fb5abcbd94fbd0a8de49eacea4edf60c143603e8d1f8,9481641,0x53646D2A54dF1dcA4Ea2Ac66A6279f91C976dF56,0x0b27Ca7e1DE0c405a2AD9aE12190BF113eB96838,0.0,1.500000009,confirmed
2025-10-24T17:56:42.075961,ethereum_tx,0xd210eeba5d92282bd27776bcc376c5f1b3e4044d7e913b23cb25434caab914f6,9481641,0x5a7439cD04f06Fc586B8Fea048bE4380550eb685,0xffD8e69183221c2363b0ae9166742f220fBFF844,0.0,1.500000009,confirmed
2025-10-24T17:56:42.075961,ethereum_tx,0x1561c5ea6a33d4dd130eb765325846ab810826991363e39e3de59ad44dd0ddc6,9481641,0x9F89028846333e81AeB5755DbB06b3AA1177fd06,0xba1FCc7a596140e5feC52B3aB80a8F000C9Af104,0.0,1.5,confirmed
2025-10-24T17:56:42.075961,ethereum_tx,0x35cf8a9be15e45c41a960305e8212fb99fd97b14befa86a601b1c3b889ac5383,9481641,0xF6B4F351d5C4AaE6Bd8eca60d25Ee527e501494C,0x2A4496bbC344414e3bDbE6a8E7c40EF007DAeEd1,0.0,1.5,confirmed
2025-10-24T17:56:42.075961,ethereum_tx,0xbb457ce53eb310a8d6187966970910eb689dbfbb4c059f8be1a9d5937dd03db6,9481641,0x6a95C6B532bedC6ffA9402e664Cb933f60511413,0x2A4496bbC344414e3bDbE6a8E7c40EF007DAeEd1,0.0,1.5,confirmed
2025-10-24T17:56:42.075961,ethereum_tx,0xb95ea88b220d22de8bd88c9157f47921798b9c3a6c0503c25982e72b7c6d755e,9481641,0x120F247E13347339F477e32c3A7a0e2Ab06A5995,0x2A4496bbC344414e3bDbE6a8E7c40EF007DAeEd1,0.0,1.5,confirmed
2025-10-24T17:56:42.075961,ethereum_tx,0xa2d8657952a9d655e4551a730f8cabd07c288492ba1bed93d9eba203e3b79399,9481641,0xAed17De0d83C814d4cDF03B41F744aa6222B0820,0x2A4496bbC344414e3bDbE6a8E7c40EF007DAeEd1,0.0,1.5,confirmed
2025-10-24T17:56:42.075961,ethereum_tx,0xa59d109d193231353314ecb0251c81413afb0ddbc90028d1433fe7a94c62b334,9481641,0x923CB3186eaD11AE655258875dC9fa96189A2426,0x2A4496bbC344414e3bDbE6a8E7c40EF007DAeEd1,0.0,1.5,confirmed
2025-10-24T17:56:42.075961,ethereum_tx,0xa3f48c3fe64c7e307e7281d60df605814a437da21fdc0900cf31f2ac7d5680a3,9481641,0xC5fD2d2b4a035735F03ddD06B0500bD8e2480715,0x2A4496bbC344414e3bDbE6a8E7c40EF007DAeEd1,0.0,1.5,confirmed
2025-10-24T17:56:42.075961,ethereum_tx,0x3b7ede22f687aab1c406a92b280fbc50f60bbf6223312a7df20c114df2caf156,9481641,0x353377083b7c8Dc2D88210406d7103f04cBE9Fd4,0x2A4496bbC344414e3bDbE6a8E7c40EF007DAeEd1,0.0,1.5,confirmed
2025-10-24T17:56:42.075961,ethereum_tx,0x32352a65ee4570a40504ed168901e32d5a0ba9459b51c82c1b08a5056e1e25af,9481641,0xf7A5182993e22fba2eCd2aFACa576d48a4BC1990,0x57c5dC670eB6f571bDD8Fc1CF178c46c9A917A74,0.0,1.5,confirmed
2025-10-24T17:56:42.075961,ethereum_tx,0x7c78000219b4a9312558f5ca23660da897344e7edbb9b6673439a986aa602e26,9481641,0x26Ddf4DddeCfac97B3359d24D426dCe006B0c58f,0x2A4496bbC344414e3bDbE6a8E7c40EF007DAeEd1,0.0,1.5,confirmed
2025-10-24T17:56:42.075961,ethereum_tx,0x91522acbcf944174433b79a0f894c4807e32cae914197bde5a6b6243f0d3fddb,9481641,0x61dc95E5f27266b94805ED23D95B4C9553A3D049,0xFf00000000000000000000000033111551119090,0.0,1.100000009,confirmed
2025-10-24T17:56:42.075961,ethereum_tx,0x178562ad3ca4b24894e4d4fdc1e2c00f09ceed4ab8f96c439766259b0ba8ecce,9481641,0xF0FEd0C0192539a1076d8BDa1233f414704d98Be,0x00D22efF04CF7d0f5A355A6D9A06E43120398dA6,0.0,1.000000009,confirmed
2025-10-24T17:56:42.075961,ethereum_tx,0x26bfa32cbb726701c305686847b01ef368b4e35d5c1ef6d312b161d62016d9cd,9481641,0xE53E1EdC0f1C8bAac0fd0CBc0B408fef33402ab4,0x32787CDa7eB44a561470afB3134465e4d386b301,0.0,1.000000009,confirmed
2025-10-24T17:56:42.075961,ethereum_tx,0x2fae0c290fd1afc48e3a913b75408ec64487a330b49766acbb765063e476abe3,9481641,0x51B0b2E3C41aAcecd38F445eCD08ddfd6350523b,0x5291943E2EFECc28987A0b0391a59e9D97211819,0.0,1.000000009,confirmed
2025-10-24T17:56:42.075961,ethereum_tx,0x085fcf196f1158dfe3d58f547bc91844fa0aa0d6d3feddb6523e37ed48affe51,9481641,0x87f2E1C57454B6fF349e90b4a4c095751acA729A,0x95F5e37E008e0D770deBf9706895d07affB0BA76,0.0,1.000000009,confirmed
2025-10-24T17:56:42.075961,ethereum_tx,0xa2bbea786480c410300bd4821566759e1b46333a294e14a030c6607f8e35792e,9481641,0xf90432b76A23bC7bB50b868dC4257C5F5B401742,0xe97E79BC56861f0B730B3C0f06329b882E4677E6,0.0,1.000000009,confirmed
2025-10-24T17:56:42.075961,ethereum_tx,0xc448cdc461ec78e3f4eb7d242ffeac39c902afd39192548d24a1fd783d1c0840,9481641,0x77Ce422259Ee5a816bfC1dc4D17ee9B7137831c7,0xE18c736396F0F92Faf90805b2B0FE52f166E3d50,0.0,1.000000009,confirmed
2025-10-24T17:56:42.075961,ethereum_tx,0xff0d503522ef953ab919ff1f3808e62853fe94060440ab18c9bb287109ec4c9a,9481641,0x568921948c5Cb18D7ffbD4b31422Ab22197880A4,0x297F9E629fEBCB455aaC2208d36BD85a6eD5fa87,0.0,1.000000009,confirmed
2025-10-24T17:56:42.075961,ethereum_tx,0x3ae2d70600120cc00edbcb433b4990c76cf85143190e973c302228d23c1e15e0,9481641,0x9c6eE99a948727F80176e2733c789bb4F302Af19,0xedf4B1C6AF6520bb76826525adef7e0e09Af2c8d,0.0,1.000000009,confirmed
2025-10-24T17:56:42.075961,ethereum_tx,0x22b991165ca3ca10b57fbafdd1a90df8bd9a41eb90fa795b2f94a85b0d17b174,9481641,0x9c6eE99a948727F80176e2733c789bb4F302Af19,0xedf4B1C6AF6520bb76826525adef7e0e09Af2c8d,0.0,1.000000009,confirmed
2025-10-24T17:56:42.075961,ethereum_tx,0xef0c628fcff03b010ae968592e64b7f4a4ee0b1924072ba7c65c8f592eb40dfb,9481641,0x81F909d067A0205C479d6d5f1542a10209EF382a,0x7b79995e5f793A07Bc00c21412e50Ecae098E7f9,0.0,1.0,confirmed
2025-10-24T17:56:42.075961,ethereum_tx,0x7d88e9d8841a8cc48183d2b6e1a3245019d30ed5b3c3806252c8caa3cd8221b5,9481641,0x6F82A259f4E3B645315c70ae0E9833bDd6Df412a,0xf993E10C83Fe26DddFc6cb5E82444C44201e8a9C,1e-06,0.020000009,confirmed
2025-10-24T17:56:42.075961,ethereum_tx,0xfb17ff0bfed2941086e1fe605e5427a3cc3f598a023db7679aefdf2f87c83038,9481641,0x54aeeE63475794bC102fA1B7FdD68697C728412d,0xf993E10C83Fe26DddFc6cb5E82444C44201e8a9C,1e-06,0.020000009,confirmed
2025-10-24T17:56:42.075961,ethereum_tx,0x1c489b8b1368637ed8b924548dcc87374208eee7df91b80937d926c4701c8011,9481641,0x6c6675d44848d810e0093000aBd1D3ca8ECF9b33,0xf993E10C83Fe26DddFc6cb5E82444C44201e8a9C,1e-06,0.020000009,confirmed
2025-10-24T17:56:42.075961,ethereum_tx,0x18a4e02a5ef9abcaa9a1d4856f59fc339947983cf245b7d065e141e45dbc41f7,9481641,0x532A10DA3BC888F6B4F846f6Ec57Fb61d385fcF1,0xf993E10C83Fe26DddFc6cb5E82444C44201e8a9C,1e-06,0.020000009,confirmed
2025-10-24T17:56:42.075961,ethereum_tx,0x341badbc45b1b119151d31e333bc5fdf90a2a84a467389109b14d7505f72e2e0,9481641,0xC557BDcb9b86f8b593c98F6aD78Ab50da3D42Fa6,0x956962C34687A954e611A83619ABaA37Ce6bC78A,2.4140132702211e-05,0.0015,confirmed
2025-10-24T17:56:42.075961,ethereum_tx,0x9e5e6ed7c450b192dcb408aa4b43760f68f6fc44f79bc1be63ce8f7324b84309,9481641,0x90f44b1B493ebe0f096499a0CAc538d848DCb3Ef,0x956962C34687A954e611A83619ABaA37Ce6bC78A,2.5109861052e-06,0.0015,confirmed
2025-10-24T17:56:42.075961,ethereum_tx,0xb961c376f203798e695779f1084f15c1db90accc0533febd71afdc7a2b6bc3e0,9481641,0xFd9cE3Beed7f42f8c7f7733370CE1BC9715c4093,0x70b1CD25Aa1DEbEf2BCa0eDbc11228C5EB4dAD0F,1.0000200668814816,0.001200011,confirmed
2025-10-24T17:56:42.075961,ethereum_tx,0x7f678faa51b4e313b925300f69e0d1450bfdee4cd8f73a90b3a63cdc5494778a,9481641,0x30ebBfbE91Edea22BFA99b16c2E9F74C29eF7cfe,0xAADd7DA29B135D586F59945c182395070db0a8Ed,0.0,0.0012,confirmed
2025-10-24T17:56:42.075961,ethereum_tx,0xd990ee5c8a4971cacad5e58472619e38614eaa7e8905a2bc0f5e7085542e4ae5,9481641,0x61d8838f9A00250C9AF13D622DA7c08c372ee587,0xCf8EDB3333Fae73b23f689229F4De6Ac95d1f707,0.0,0.001066676,confirmed
2025-10-24T17:56:42.075961,ethereum_tx,0x68d7a550e19e371983f6ef7a9521c93a8583517800f8206d111cfa36127af704,9481641,0x61d8838f9A00250C9AF13D622DA7c08c372ee587,0xCf8EDB3333Fae73b23f689229F4De6Ac95d1f707,0.0,0.001066676,confirmed
2025-10-24T17:56:42.075961,ethereum_tx,0xc3e710f6d4c914f0a2f3c91f35abf7e73956fc484ef9f001da1c433831f31bbf,9481641,0x4eeD906850a96964A633b5424fDa1A61316ED2E3,0x3eDF60dd017aCe33A0220F78741b5581C385A1BA,0.0,0.001052641,confirmed
2025-10-24T17:56:42.075961,ethereum_tx,0xe26047a18b1396cb42dd9224559419c9955aac42459ea9011abbd8690c0db5e0,9481641,0x18be63Cc9839db512b37A6076E9dd06AA5e6dD10,0x7215691F60C4fA7Bb82c5Ac44c7d57dc32bB0493,0.0,0.001052631,confirmed
2025-10-24T17:56:42.075961,ethereum_tx,0xdb9cf369c362acb9f32ee454677fbfde051d0f6988c3b1d3ad53f2e6ab75fa05,9481641,0xe036828307C40A1471DBCd55d3BEA3fc57cAC75C,0x0000000000000000000000000000000000000000,1e-05,0.001000009,confirmed
2025-10-24T17:56:42.075961,ethereum_tx,0x02839eaad22eb610c3a7f0c066323423668aad4200e8c686331aeb013c4d7227,9481641,0x61bd939995e4650F931E0946fDD2B9Ba9E91f077,0x1AAa1167728831A30b2C5E815c38F59257E67EF0,0.0,0.001000009,confirmed
2025-10-24T17:56:42.075961,ethereum_tx,0x55500145783e62b2d5363d23a52d0761cb78a09e16c1975c1eaa3c73bad62ee7,9481641,0x3Da763C42E438eB17880fB6A83040d6cf13eF03b,0xFf00000000000000000000000000000000042069,0.0,0.001000009,confirmed
2025-10-24T17:56:42.075961,ethereum_tx,0x18661d2e127dd3468053e4383764b442b6e2fdc919122ebbb9e4bc3b230ff377,9481641,0x79b2FEb4b976299dF7D2D5a684A31955418338d5,0x87A3effB84CBE1E4caB6Ab430139eC41d156D55A,0.0,0.001000009,confirmed
2025-10-24T17:56:42.075961,ethereum_tx,0xdca2848f397b8faf120fdffb7eff30598aa491a698bcfd0072d7ee4266db3f23,9481641,0x207D430716d4F12e7e6d9acB39BbC73fD4cB4E1C,0xA73aFb610aC79A729A393D679029fCf9618854AD,0.0,0.001000009,confirmed
2025-10-24T17:56:42.075961,ethereum_tx,0x37fadee7270dfb5be8b231338f1310ba6184e50e0def3576da2abaa3447cca15,9481641,0xFA646594bF2241061314d53e850A466815B3600a,0x738e96D813a47552499fe1C82E8dD415f7afB7C3,0.0,0.001000009,confirmed
2025-10-24T17:56:42.075961,ethereum_tx,0x91c62c651c910dae6ee7ca3690bf02de31d0fee95389f11846075f74b45a2751,9481641,0x205d676142d70E2Ab10B8ABEfF91F3cc7E5Af5F2,0x9f54e6A87429E7bB2fe7B9f0ACCA3A31560FF198,0.0,0.001000009,confirmed
2025-10-24T17:56:42.075961,ethereum_tx,0xd99e966c305a1b185cb3277bd1c1c25d0aaa035bae2a1238b454175474990a2d,9481641,0xBe2c3A75f875B4E7B4E9c81EF0fdbe191a6Aa1cE,0x08d2b0a37F869FF76BACB5Bab3278E26ab7067B7,6.54e-05,0.001000009,confirmed
2025-10-24T17:56:42.075961,ethereum_tx,0x611fe9d7b8c1442a1ab648006531a18801c444f476be03bc9323ce9b50acb0f3,9481641,0xE6e5dA74624884FBa5D34b1304c1B7a501a94b45,0x08d2b0a37F869FF76BACB5Bab3278E26ab7067B7,0.00515,0.001000009,confirmed
2025-10-24T17:56:42.075961,ethereum_tx,0xa3a43263b0f20ebb07892961678e729190550c656eab88564d76fe3330792dec,9481641,0xd0df7330563aA552E4c9146c0742DcE48C88c766,0x853758425e953739F5438fd6fd0Efe04A477b039,0.0001,0.001000009,confirmed
2025-10-24T17:56:42.075961,ethereum_tx,0x543098cd18da4e49e72c4519c40745dc7b6e6c591a1a80826c3a2b74c1ec1036,9481641,0x5641a1E8651DE500838bed93E62e3E06a4D0e683,0x91bD435B7aA866c48b905F3e0dd12503E52A4530,4.1e-05,0.001000009,confirmed
2025-10-24T17:56:42.075961,ethereum_tx,0x6e5eeda03e37d8346671ede2ec99b5eb9ffc1161d0ba8c40e9a6b9884a640db0,9481641,0x761d53b47334bEe6612c0Bd1467FB881435375B2,0xA13Ddb14437A8F34897131367ad3ca78416d6bCa,0.0,0.001000009,confirmed
2025-10-24T17:56:42.075961,ethereum_tx,0xdc91f4aefe11a1fe07a184682f8a5c21b1f9bbe56b07ff4ca36a1aa039c9fad0,9481641,0x5d72984B2e1170EAA0DA4BC22B25C87729C5EBB3,0xd4116f515A6958da851080B390DDE4B81f408978,0.0,0.001000001,confirmed
2025-10-24T17:56:42.075961,ethereum_tx,0x5b55d16f7ca1b5b75d7de07fd47c3a87bf8ac93fc8693a09866f751068cc756a,9481641,0xE6efE0Cd091A5a846DE26668aE434b81DC187A83,0xbCa991f1831bE1F1E7e5576d5F84A645e70F3E4d,0.0,0.001,confirmed
2025-10-24T17:56:42.075961,ethereum_tx,0x954d61594d06177703cf5d76a16c04d4b13dfd179f64c7b2b1489cc7aacc79b6,9481641,0xc231C1Ea5d09EE0c12856d239d6b78A67d21aaA0,0xf0c41571A23CE89e9287F727c77Fbb5120951c03,0.0,0.001,confirmed
2025-10-24T17:56:42.075961,ethereum_tx,0xc2d65af7e713aaa7cec1ca517d536c06413447a61952cb2feeac74229d92edd8,9481641,0x2BFaadCa3865BEf692e68B16A3A655bB3167e004,0x358e500d87F6d4630a8bF2fBDA09298C0873DA18,0.0,0.001,confirmed
2025-10-24T17:56:42.075961,ethereum_tx,0xf3007001147fbb7c624b1460c31d2d9addf3c2aa92f742e44fd6fd3b4c3d6551,9481641,0x74F372087309b1280F815dB82C1634BE1A2642e9,0x03C66CB1826BDB0395BF31E68Bf7E873e9564fFB,0.0,0.001,confirmed
2025-10-24T17:56:42.075961,ethereum_tx,0xdae6b10c028e5c572270648c2d4fbb41f90160ec00aba0682e7518bfe2415ab1,9481641,0xDC15CC5558309E844190d18C0c5560e52239b2F3,0x03C66CB1826BDB0395BF31E68Bf7E873e9564fFB,0.0,0.001,confirmed
2025-10-24T17:56:42.075961,ethereum_tx,0xe5c025f38a62063ae70a6d4f75f5995bcf892ca9d984b603de1cb3fbebb3062d,9481641,0xB22833D458F0AC2576067Dd7dAEfd6c85CCc50FE,0x92cA03fA53a3c7BA8Fd3BbFb9E251d60c0A6a3A9,2.07e-06,0.001,confirmed
2025-10-24T17:56:42.075961,ethereum_tx,0xd601e6f666fc0504f5280cad1e6933529e97a5f2d88496ac9f3500e1e1edabcb,9481641,0x2beD2911366C582Ab52F11f849F5C0E942Ba666E,0xa339dfE2315C9A4690Cc2DEd73703671a1c21c56,0.0,0.001,confirmed
2025-10-24T17:56:42.075961,ethereum_tx,0x76e1a24e5900ef1db14a935a3282236844f6de8b91919dcc10426a7d19767f13,9481641,0xFC1C971679fE722D3F633756A87c0a49c8F78FaB,0x3eDF60dd017aCe33A0220F78741b5581C385A1BA,0.0,0.001,confirmed
2025-10-24T17:56:42.075961,ethereum_tx,0xf1ba814a1fb4a23f01907d0e5a731e0ea7f301fc42251795f373406c2330769a,9481641,0x380273DE3979c034cdCABe119e316F8AA8A4C93A,0x7215691F60C4fA7Bb82c5Ac44c7d57dc32bB0493,0.0,0.001,confirmed
2025-10-24T17:56:42.075961,ethereum_tx,0x5b65fc8edc87aa2d1430570ccf6f04d49298f5b29e17473353b32d8c95258f61,9481641,0xB8c8563D0C1cB042f45392146A8fFBbC8B8D35C8,0x3eDF60dd017aCe33A0220F78741b5581C385A1BA,0.0,0.001,confirmed
2025-10-24T17:56:42.075961,ethereum_tx,0x2f3fb4af5a3569c6a004c77cb4c56dae85bb4585222f7cb3d465ca64555891ee,9481641,0x0F4b8fC00403BD888cdb50aEe0Ba503d22F17620,0x03C66CB1826BDB0395BF31E68Bf7E873e9564fFB,0.0,0.001,confirmed
2025-10-24T17:56:42.075961,ethereum_tx,0xaa473b4c2790351ff6fad15180b452ea0dd8e9c9acde7cf3332378a37bec32e0,9481641,0x122f01Fc8E5FfdfF09c1fA00809Cb0788accAE7C,0x9e54c92d2BB66D840ba2a4BdC91630524ee7Ae86,2.09e-06,0.001,confirmed
2025-10-24T17:56:42.075961,ethereum_tx,0x81d5c2cc4775f4b7b620e124c00a74490ab019e6d348f11cfbd70b97a2374247,9481641,0x69f6e6C9f79776b04B1928F7A472EA07212e2918,0x3eDF60dd017aCe33A0220F78741b5581C385A1BA,0.0,0.001,confirmed
2025-10-24T17:56:42.075961,ethereum_tx,0x87d2581a77bc7aac7ed0ad66a926ecbf8755410f16aded545bd588e4b01f24ef,9481641,0x24d759629E5EF0151d8eb9d963595ecaD5E27d1F,0x03C66CB1826BDB0395BF31E68Bf7E873e9564fFB,0.0,0.001,confirmed
2025-10-24T17:56:42.075961,ethereum_tx,0x2e7e716db71ea753871959bdbe5a0d4627fd27225c8a43255696f69b6d8922a1,9481641,0x5F5e2cB64a7C81DEC60ca3505987f0696BD32BFD,0x03C66CB1826BDB0395BF31E68Bf7E873e9564fFB,0.0,0.001,confirmed
2025-10-24T17:56:42.075961,ethereum_tx,0x01561f40e30cda814b2dd68abe07cd92eaa26eeea2eccf1290c6ce9fe9b947cf,9481641,0x71C56de65f9c0462103C35cc4f64B160A58a9227,0x951Cfd61Faed1d62866372eb73FeD6771d3BfaFB,0.0,0.001,confirmed
2025-10-24T17:56:42.075961,ethereum_tx,0x4eb4d46f50405e1eedff2522e0ba5898aede93a46ee141d7d7145418ff4e0f46,9481641,0x3b5871f4e45e8fE692c0ff653408c78095756bB1,0x03C66CB1826BDB0395BF31E68Bf7E873e9564fFB,0.0,0.001,confirmed
2025-10-24T17:56:42.075961,ethereum_tx,0xc9c59499aec6b70a20759db29f7a8523c7946a6e80e05b8f006b455a976b30b1,9481641,0x785C0219D5e23950F88452D23113B3b680006e6a,0xc4FD2580C3487bba18D63f50301020132342fdbD,0.000250012500000001,0.001,confirmed
2025-10-24T17:56:42.075961,ethereum_tx,0xafd21f378acd866f4759aa038f805ddf43b58653a7e31b5002f6f6fd85ce05b5,9481641,0xC733786e6ce284081EDd4A0D51a116A6beC127CA,0x08d2b0a37F869FF76BACB5Bab3278E26ab7067B7,1e-05,0.001,confirmed
2025-10-24T17:56:42.075961,ethereum_tx,0x4a994e2687ef68298ab818ca46c99a875a70544a1cec14e3eb25dcedcee33e9d,9481641,0x0B0e2673A1CE96a115c2c53e1304eD4640294856,0x08d2b0a37F869FF76BACB5Bab3278E26ab7067B7,2e-06,0.001,confirmed
2025-10-24T17:56:42.075961,ethereum_tx,0x56f364b2301848327590bc47c4c8edcb0f7070f0e3b3f95db41fd28be19e7180,9481641,0x099BA97a37FA019c064a2517026e3c2Ea8DB9964,0xF6e7F84d9cee738ec59c08B7a7260152C236813a,0.0,0.001,confirmed
2025-10-24T17:56:42.075961,ethereum_tx,0xe589c6198be73850ee7e6d148205c59980ceb8921eb91a8f9f00863f0409833f,9481641,0x12909aa70A2E4a3482c4B4720eE939D499612f8B,0x87A3effB84CBE1E4caB6Ab430139eC41d156D55A,0.0,0.001,confirmed
2025-10-24T17:56:42.075961,ethereum_tx,0x9e90c14cfbc414ef1f71d730e24847221ac259c9cc0fa0ba88fcbc77bfa5eaa2,9481641,0x72bc33B21e7D039ea27BA35a40207C5A81c46944,0xd5Da06e6A506F59637af68Db943d67c69aAc7f6A,3.27e-06,0.001,confirmed
2025-10-24T17:56:42.075961,ethereum_tx,0x58c50d1a8dbf19de787f83fb87132635c8033a4314d1fc8e924c1a4a8d39d7a8,9481641,0x65F68c609C4165D108061a2059d6C8FDc0d4F0bB,0x956962C34687A954e611A83619ABaA37Ce6bC78A,1e-07,0.001,confirmed
2025-10-24T17:56:42.075961,ethereum_tx,0xd7f9bf0c06c0b16751ec313bcbabff7642df979bd1c0d9f6d959c8d4a4e35ced,9481641,0x29e6A11e6a3cf938725cA2E903359A462ab06D9E,0x956962C34687A954e611A83619ABaA37Ce6bC78A,1e-07,0.001,confirmed
2025-10-24T17:56:42.075961,ethereum_tx,0x990034dc2b5432508c1b61f3bb17f6397d41f1c74b820b9b53bcc35455c575bd,9481641,0xfdEB572BACbFB20Fe009aB7319C8A26bB1dC41e2,0x956962C34687A954e611A83619ABaA37Ce6bC78A,1e-06,0.001,confirmed
2025-10-24T17:56:42.075961,ethereum_tx,0x4950d08082a7cf7e92707c264285cd2b9cbbc84af4dbbd2dd295135cdbfd024f,9481641,0x993bFA8Ced35d5b16e3B10e561F99d44B8C0C0EB,0x956962C34687A954e611A83619ABaA37Ce6bC78A,1e-06,0.001,confirmed
2025-10-24T17:56:42.075961,ethereum_tx,0x866988137c91cec9765d5ee69ffcb3c999a103223c1165393f5c55503538ff66,9481641,0x9C8FaA60ac71ad698FA1E9ba77C7F409eF4834cf,0x956962C34687A954e611A83619ABaA37Ce6bC78A,0.000132,0.001,confirmed
2025-10-24T17:56:42.075961,ethereum_tx,0x055432489d14c980a004656cb3fb91a9cb6aec378d829438154d43ff2537c8f1,9481641,0xCDe41469a914F5Df52C601Df6fDc493E1dB3EeB4,0x956962C34687A954e611A83619ABaA37Ce6bC78A,0.0001,0.001,confirmed
2025-10-24T17:56:42.075961,ethereum_tx,0x1322c878cc1696109fca7eb2e74720612491824c98386f755c79ce23fce91cab,9481641,0x5D4c0ACacf38e02d70716Ed84d1FA9c0471613fD,0x956962C34687A954e611A83619ABaA37Ce6bC78A,0.0,0.001,confirmed
2025-10-24T17:56:42.075961,ethereum_tx,0x50b287f6defcab374a294ee01459427bcebdbd53ddc212e6a6c75567e4d09e6d,9481641,0x65367E1A2584abCA637E4bB4B3EaCc307d81a9A8,0x956962C34687A954e611A83619ABaA37Ce6bC78A,1e-07,0.001,confirmed
2025-10-24T17:56:42.075961,ethereum_tx,0x7fe0e5ee9836bab3913a510f137796394e70b6fa48a70ecb51295d8f29b03795,9481641,0x3Eb7e47079324f9b270734B179aBBF80448f89cE,0x956962C34687A954e611A83619ABaA37Ce6bC78A,1e-07,0.001,confirmed
2025-10-24T17:56:42.075961,ethereum_tx,0x696402c17bf1472cb6ee5e43bc1cbba8f98c900591b9dac064e86f192ea1245a,9481641,0xff8e386D89249068195c8B8f19d53DA032Cc767B,0x956962C34687A954e611A83619ABaA37Ce6bC78A,0.0001,0.001,confirmed
2025-10-24T17:56:42.075961,ethereum_tx,0x59395c7975586f0232887b0ba230f5cd3618e1126e1293e808249423d3a8450c,9481641,0x86998d563F47e9cC192be06a5701b1602C441140,0x956962C34687A954e611A83619ABaA37Ce6bC78A,0.001,0.001,confirmed
2025-10-24T17:56:42.075961,ethereum_tx,0x140445a2392a4e9b704747332dc80f5179ac4780b3f99ff9c601f710fab9989c,9481641,0xA11Fa7B4678F5b6AE596b8BD89b64CA2d0ecA7C7,0x956962C34687A954e611A83619ABaA37Ce6bC78A,0.0001,0.001,confirmed
2025-10-24T17:56:42.075961,ethereum_tx,0x556317d7a3bc6bf7fcd9340b1988699e6f01526e152dc8a26adf51afc3fdcb30,9481641,0x7aB3C3BE970a9739c2706D955E8CAd487654B3F5,0x956962C34687A954e611A83619ABaA37Ce6bC78A,1e-06,0.001,confirmed
2025-10-24T17:56:42.075961,ethereum_tx,0x579c2b477a055d0a16067245cf2d0d7637a0d4dea4ee8b487f2723d3f6ffd9d6,9481641,0x0f9c03d073DE05e883BecBE5E1B299dA97291990,0x956962C34687A954e611A83619ABaA37Ce6bC78A,3e-06,0.001,confirmed
2025-10-24T17:56:42.075961,ethereum_tx,0x8964607590caf0f6e6c6cfbfa1ec8fd8c063c6401964e2682d33fe23671cc8d4,9481641,0x1B00F502084868ef2Bdd664AAFC643a1B130A233,0x956962C34687A954e611A83619ABaA37Ce6bC78A,1e-07,0.001,confirmed
2025-10-24T17:56:42.075961,ethereum_tx,0x76e722c4b7f63bf3b14e5967bd5b819f1c9906a73f0068640e650e99f3db680c,9481641,0x131356a891d2Ad02CaD13ED38A2e973C1C65F314,0x956962C34687A954e611A83619ABaA37Ce6bC78A,1e-07,0.001,confirmed
2025-10-24T17:56:42.075961,ethereum_tx,0x8fbe3d4818141f6a0fedf4647bf968574882e40b53b015dbd294f2332de817a1,9481641,0x2c2b882B65Fc147bb3980B3dfbaB9D7C8222DF2C,0x956962C34687A954e611A83619ABaA37Ce6bC78A,1e-07,0.001,confirmed
2025-10-24T17:56:42.075961,ethereum_tx,0x42a4798081743795bd063a617962865c61cbe288fe65092ca475ec3450cc5257,9481641,0xA8f960655D046BF4a248Ef81632A2e3930547717,0x853758425e953739F5438fd6fd0Efe04A477b039,0.0001,0.001,confirmed
2025-10-24T17:56:42.075961,ethereum_tx,0x471a521c64d2ac257220a8d879710eb5054ab2304171b9f83d3b76ff7d66ef45,9481641,0x233c12a59bCD88BaeE39725f251A8a335121B700,0xcA11bde05977b3631167028862bE2a173976CA11,0.0,3.000000009,confirmed
2025-10-24T17:56:42.075961,ethereum_tx,0xd219ba27be3017df48858978c4e365e89d95000a2eec2d1a1690be18d679e53b,9481641,0x615E0671717121f54A741f5CEf5aB14d9E8f0695,0x0071679f8024e420A6E2138B2F3bAaA3095BC782,0.0,2.000000009,confirmed
2025-10-24T17:56:42.075961,ethereum_tx,0xd21b7809abda309965a5f4c4f92fcc1f521038ec110f09cc74344349f292366c,9481641,0x8EDf9B54e1c693b7B0caEa85E6a005C35e229124,0x006737CC6980a7786a477cE46B491845509b19dC,0.0,1.000000009,confirmed
2025-10-24T17:56:42.075961,ethereum_tx,0x0cfd0b245d221db63ce0ded89bdb300de8816d01d700767c56f85d279f46923d,9481642,0xf8eC4f4786b282F508ca0DB3471A8581029F4fB4,0xcA11bde05977b3631167028862bE2a173976CA11,0.0,3.000000009,confirmed
2025-10-24T17:56:42.075961,ethereum_tx,0xb1001eda7d582254632c0a4c01261a10ce6b1c711853dd903ed14dfc1950dc60,9481642,0x615E0671717121f54A741f5CEf5aB14d9E8f0695,0x0071679f8024e420A6E2138B2F3bAaA3095BC782,0.0,2.000000009,confirmed
2025-10-24T17:56:42.075961,ethereum_tx,0x2e944a7976eeae4fe05f12a0ebb569b5d7e8f694e412065fcc5ccad21f237430,9481642,0x21e57C21530Bc33F12Ba96C9dDC135488365002F,0x004De1914F4f17aC234f5A5Bc8a4072a231d44BF,0.0,1.000000009,confirmed
2025-10-24T17:56:42.075961,ethereum_tx,0x89cbef769f26c68016d318727b1118e576707b3b8c2e2352625eed8ab57ec82f,9481642,0xDe28C819c5a4Fa6F084c93A1054CdE47274DE7dF,0x00571071f6E0a2804B348fB08b81f1d90AF8A60E,0.0,1.000000009,confirmed
2025-10-24T17:56:42.075961,ethereum_tx,0xdb042ce2a6a2b6c6ade847fee205eb09418a62df8e8ee8c77ddf2d4a1538d40f,9481642,0xC6392aD8A14794eA57D237D12017E7295bea2363,0x2a2dd4DDe7348a2e265C6fdE19a6D0094Cb82b9E,0.005,30.0,confirmed
2025-10-24T17:56:42.075961,ethereum_tx,0xa4464d32122b7b001b099f59dcffbf4af92857366faecbf0badc07c844c7b307,9481642,0x3C95c2633296B264d051498C4b2e982EbB526A53,0x3C95c2633296B264d051498C4b2e982EbB526A53,0.0,4.1,confirmed
2025-10-24T17:56:42.075961,ethereum_tx,0x29992e24ab0b1f00f72712b1e46c585ac719d7ba147f69c9623ec29fa7e3c083,9481642,0x786896Bb6f6ff73c9fBa9651d20a4a536ECD0BeF,0x84270A00a77D45ae007D2b0897F05b872ad1704F,0.0,2.000000009,confirmed
2025-10-24T17:56:42.075961,ethereum_tx,0x4292ee348c9efe8ab12d2e4e6ca260074ce2f62504384818eb4342f298fbad51,9481642,0x1e60C6633bd8a700dc079A1503C0257A9b619A5D,,0.0,1.500000009,confirmed
2025-10-24T17:56:42.075961,ethereum_tx,0x51461017db42692aed4e3d02c795e5a243df79e2a71e9d95ebe5eb62966cb2e3,9481642,0x6F641eCB0aBBa9242599CC52b6D47f9454Cd5532,0x1c7D4B196Cb0C7B01d743Fbc6116a902379C7238,0.0,1.500000009,confirmed
2025-10-24T17:56:42.075961,ethereum_tx,0x7b0a2d4c745d23d00280bca9bb8311e4808ca494bbf1d8a9d016b8d18b1085a0,9481642,0x43CCB72DCC242bD3f5990b1683E79Fc89a41efA6,0x2A4496bbC344414e3bDbE6a8E7c40EF007DAeEd1,0.0,1.5,confirmed
2025-10-24T17:56:42.075961,ethereum_tx,0x6cb9f5f825acab92c0087e494dede218b2d2a1161554805ef686d3479e306c02,9481642,0x9F89028846333e81AeB5755DbB06b3AA1177fd06,0x2A4496bbC344414e3bDbE6a8E7c40EF007DAeEd1,0.0,1.5,confirmed
2025-10-24T17:56:42.075961,ethereum_tx,0x6c31ef83f0c2f510776118f4f1266819889c3dcef0fa417744a4176d064647ca,9481642,0xb0225F83f6DC5ac3ea3a69920A3e354A5c973489,0x57c5dC670eB6f571bDD8Fc1CF178c46c9A917A74,0.0,1.5,confirmed
2025-10-24T17:56:42.075961,ethereum_tx,0xaff39c4fe1364c38a18f916b04424c3b051cd50a09c2a1bf8646d0f34846bcc9,9481642,0x796E2B5fd93aaa28968AA1eFCb72EbB3797405Ff,0x2A4496bbC344414e3bDbE6a8E7c40EF007DAeEd1,0.0,1.5,confirmed
2025-10-24T17:56:42.075961,ethereum_tx,0x63a1f9b68f5ed7c16b2010412f81fec7ebe3ef5cc016b941fa3e30af822e7476,9481642,0x275825447F8D5C145F07ecE6Dfc08E3C0da5AbCe,0x2A4496bbC344414e3bDbE6a8E7c40EF007DAeEd1,0.0,1.5,confirmed
2025-10-24T17:56:42.075961,ethereum_tx,0x5c6294478e78e6362eea79c73402a4691cc856ab219d6e87463342e85897e26b,9481642,0xc39Ab29406cf7F5e6eD12320B667F5A26ce9127b,0x52958EEc25EE8dF6fDf98cAa801E8ED2307E9Bd8,1.2e-05,1.5,confirmed
2025-10-24T17:56:42.075961,ethereum_tx,0xc28eee2d43279f7b9489314de8855a729152e633953af5684b5c9ed5ca21cc05,9481642,0x2a1716C0731439656cC1E39a43FD1Efdf5e4491D,0x597Aa4ba4840074cC4024CD61788F2d0aF6C1978,0.0,1.000000009,confirmed
2025-10-24T17:56:42.075961,ethereum_tx,0xec3b65d401b16911ff6a761b2b0573210aff23ef5dccdb0b780c6bc5dbbc02a8,9481642,0x450440F2791DcC2a1E822BdaE1a7d0E32ADf6a42,0x006A92F88a1f3D31B06119110601132b336E53DE,0.0,1.000000009,confirmed
2025-10-24T17:56:42.075961,ethereum_tx,0x636bca0054f06315f25417128a743b96367bc44aa61da9b044909772c58f8926,9481642,0xebFc2C4F56FC90864877eB4Fa6468397D2dEcF02,0xDbd9A72316eC93b4f29a70bD4dFbF58280CA6D38,0.0,1.000000009,confirmed
2025-10-24T17:56:42.075961,ethereum_tx,0x3d65764d3ef4ecb59dac63fb68cfd021f466f97dc77ecfffa87d08c6a015955a,9481642,0xE6Dc00655053808EA5aa1185643cF391fe14638c,0xdFD6c9954d76c24D8EA02De426Ab4DfC17323a20,0.0,1.000000009,confirmed
2025-10-24T17:56:42.075961,ethereum_tx,0xaa3f1f08d76e2d1a2b7b38f4f40e93e45ccd48ca942b6b87c5065c5b05de3776,9481642,0xBfC0ecA4E0194889aeFaBDbdC1FE5d5E00eD7894,0x27713d08E5De2C630332eb7E44E3dF5f18922e93,0.0,1.000000009,confirmed
2025-10-24T17:56:42.075961,ethereum_tx,0x1a0708f5c4ef61a99e2d4cfc6f9e56d6e482eade0a7867da088595f67b5c1cb9,9481642,0x5433Edc9F6490408a2D01DA6292c18Ead2AaeA6f,0x7976dFd7fB1293F61aD32c4396B89fCB65D07246,0.0,1.000000009,confirmed
2025-10-24T17:56:42.075961,ethereum_tx,0xe66baf5f97d1a84ad52cd2112aa56b697ef0e3aa93a674dd47f81aa1829bc8f3,9481642,0xe9192e1f2554f31ee2c892D35a1e5f7d22179509,0x2dd44d1b04170C5623cCc55DD5ed43FAB08b0B46,0.0,1.000000009,confirmed
2025-10-24T17:56:42.075961,ethereum_tx,0xda2a1e9f35fea901ae13c9dfee795f7f6241afa8bade61221b783167bf3b368b,9481642,0x331F8071c58E6db2F286597A44EbcDAC75532f7c,0x42eBf272Ce569dc324E7f72a9E98A59CD3a06136,0.0,1.000000009,confirmed
2025-10-24T17:56:42.075961,ethereum_tx,0x1a2818a14b3791a04427658218f66222a7f7bf7b433cace09a1c075b04dc9baa,9481642,0xb1075D9660449f03398f65eE63ffAf33B047Ee95,0x2FaAf1c416061b24Bc58871415a0d0210CcBe9C3,0.0,1.000000009,confirmed
2025-10-24T17:56:42.075961,ethereum_tx,0x26c1e865cceb724160f8e39e058b983805b643093947017a8c92e4ab4d10034b,9481642,0x3e55D94A8553CF879E94e5650C6bD752a9400DC6,0x962b13db523a8Cd6E21C2E545B531026974846a3,0.0,1.000000009,confirmed
2025-10-24T17:56:42.075961,ethereum_tx,0xe2948cecba85f6b96f5c660aebef901815fe427484989628c10df04ab3126b94,9481642,0xfe99F498e0742438c0c4c149dE08254861692f62,0xF7B8589a35BD5221a9365Eef6d7766c385b4909d,0.0,1.000000009,confirmed
2025-10-24T17:56:42.075961,ethereum_tx,0x4913b418cb9b0d5e05ed64cb4f2467c7f2c6cea2b6cef0f75f57cdcada673485,9481642,0x01846850749d7EaBd9765EB765391434DfEF3E2B,0x288303254377D5E81371bBfb476466222D48d4E1,0.0,1.000000009,confirmed
2025-10-24T17:56:42.075961,ethereum_tx,0xf40da70a325a7af1ff0b030c379fcac4248fbd49a6c0e45fe94250de5122cb4b,9481642,0x92368F34D8440CEC9648695Ba3A65114A3AC578A,0x8788984937C2cfE663e7912659dFcd9e7442F7f0,0.0,1.000000009,confirmed
2025-10-24T17:56:42.075961,ethereum_tx,0x14ed50e97de21f1f3785818a9703d1f9ff403b12efb6a613630bed05dcddebf5,9481642,0x55cCa4B7A2FC3855d0FDa03B2FE38Eb628FC4921,0x1c7D4B196Cb0C7B01d743Fbc6116a902379C7238,0.0,1.000000009,confirmed
2025-10-24T17:56:42.075961,ethereum_tx,0x4c1f78b07dbf9ff660aed68f1a1a5c072eee0a5983c9d334e0727d9419a58950,9481642,0xbe4c6bf7d3E1B0fFC15bf63829306673dE2Ab67f,0xf993E10C83Fe26DddFc6cb5E82444C44201e8a9C,1e-06,0.020000009,confirmed
2025-10-24T17:56:42.075961,ethereum_tx,0x6ceaaac7296668b131869e5ffe5d3296773a0c444a7a01dfd0d63dcb13201c61,9481642,0xA67d4d698bB008f36Dd05e1Dd0f33cD9686Da369,0xf993E10C83Fe26DddFc6cb5E82444C44201e8a9C,1e-06,0.020000009,confirmed
2025-10-24T17:56:42.075961,ethereum_tx,0x2d9097490b8f463182d17d0656be1c6161b9318983373b71ce6679ffa8280585,9481642,0xbb4482B5e2b0D6442ac5c434Ec143Dfa58558086,0xf993E10C83Fe26DddFc6cb5E82444C44201e8a9C,1e-06,0.020000009,confirmed
2025-10-24T17:56:42.075961,ethereum_tx,0x48defc4e2e028b5b67711280419695871e0363835bc95ab4a32d0cecc8cb1825,9481642,0xEe08981d3C43170f49e870BA00BFb03E033cDD48,0xf993E10C83Fe26DddFc6cb5E82444C44201e8a9C,1e-06,0.020000009,confirmed
2025-10-24T17:56:42.075961,ethereum_tx,0x05ad59af049725b9ea14ddaa1edfe0344b7a4bacf06885d36c3eb5fd456485ff,9481642,0x4BA56bDa2009816e260921970041d6Eb005D7272,0xC764A997C86dC22B50Eb637626e3f46bfd82534A,0.0,0.0015,confirmed
2025-10-24T17:56:42.075961,ethereum_tx,0xbf387c7f5d6cc09c1961406781ee48e61242f71fca51a8a615849b90d0f3ad6f,9481642,0xaF683457443Af85C1144738d32c946653c16aBe4,0xAc127c2408BDE19Eb387EDDd7B6C91Bca3eCBF8F,0.001280582433853299,0.00125,confirmed
2025-10-24T17:56:42.075961,ethereum_tx,0xb4771d0c9304334937b3e21772616432a2572b3df1b20c8980f1883f5842d40e,9481642,0x22e30b21477C4aCf6e37743e7A347C273cD107A8,0xF8c614A483A0427A13512F52ac72A576678bE317,0.0,0.0012,confirmed
2025-10-24T17:56:42.075961,ethereum_tx,0x892e41a22e2ffe6fe41b36e174abccaa651b926970022621931e03a9d76b1312,9481642,0x22e30b21477C4aCf6e37743e7A347C273cD107A8,0xF8c614A483A0427A13512F52ac72A576678bE317,0.0,0.0012,confirmed
2025-10-24T17:56:42.075961,ethereum_tx,0xfec3537cc83bfb4ae785e8c0074bf5d7ba5c7fa6ce49888c44f738a4576e8c17,9481642,0x65141CA3329DA9A83458017474b5Bc62097Cf24f,0x69C6b28Fdc74618817fa380De29a653060e14009,1e-18,0.001199998,confirmed
2025-10-24T17:56:42.075961,ethereum_tx,0x66a07941e9ca193dca4c60bb73084092a1a5873aa2274c4300f7f41fc60392ff,9481642,0x715d1084b1237Ba6a61447890F282E2505471EEC,0xb5A49949C49dEDD852F9f0f419b17aD2785032db,0.0,0.001076509,confirmed
2025-10-24T17:56:42.075961,ethereum_tx,0xbc1df64b4d3c5f9dd04cf068ec12b3e40c41f2cc2af6ebd89f7dcefc6ca7de4c,9481642,0xe036828307C40A1471DBCd55d3BEA3fc57cAC75C,0x0000000000000000000000000000000000000000,1e-05,0.001000009,confirmed
2025-10-24T17:56:42.075961,ethereum_tx,0x0d0488d4157a977db5bd1d5e836614a5e02af09cce32bb6401cca22d09cad664,9481642,0x3Da763C42E438eB17880fB6A83040d6cf13eF03b,0xFf00000000000000000000000000000000042069,0.0,0.001000009,confirmed
2025-10-24T17:56:42.075961,ethereum_tx,0x1d0abdc15b40b738fd217037a3019915ecc321149c5daeafb802350e0ba49dec,9481642,0x9905E8C3A4f82037170a8c411CD8b11D4894066f,0xd0dbB2486e3Fbf371D1B2e35Fa330bef6529d2f4,0.0,0.001000009,confirmed
2025-10-24T17:56:42.075961,ethereum_tx,0x4244b161a3fe39dc5b56733dba71099f5f93438b4b38333eb007eca589f8bc38,9481642,0xf286c79b4a613a1fE480C8e4fB17B837E7D8ba03,0xd0dbB2486e3Fbf371D1B2e35Fa330bef6529d2f4,0.0,0.001000009,confirmed
2025-10-24T17:56:42.075961,ethereum_tx,0xa589b99a7b129edd9bac20c7d0a33f6e7eb87b9999cbff2f88d6190d92a97eda,9481642,0x9905E8C3A4f82037170a8c411CD8b11D4894066f,0xd0dbB2486e3Fbf371D1B2e35Fa330bef6529d2f4,0.0,0.001000009,confirmed
2025-10-24T17:56:42.075961,ethereum_tx,0x8c0c94309493da8e17555f4bdc0723b5ea64932510e287f4f7957e74bb25fec2,9481642,0x5d72984B2e1170EAA0DA4BC22B25C87729C5EBB3,0xd4116f515A6958da851080B390DDE4B81f408978,0.0,0.001000001,confirmed
2025-10-24T17:56:42.075961,ethereum_tx,0x60c2f548057b96f3fa834c488f59f79f7e7419be82e1e7727c2b2b440fdee9ac,9481642,0x7Dd787AEEbE6A95CCd53a60B0BEebaF3F4f68D7F,0x7Dd787AEEbE6A95CCd53a60B0BEebaF3F4f68D7F,0.0,0.001,confirmed
2025-10-24T17:56:42.075961,ethereum_tx,0x373b2a9add8838dce5a8785355dfe91ceb621aaccd56e1db9a41a22f88a7624d,9481642,0xDc99177C4F59394A1703040C2Ed23967f604b91c,0xDc99177C4F59394A1703040C2Ed23967f604b91c,0.001,0.001,confirmed
2025-10-24T17:56:42.075961,ethereum_tx,0xf080f58d7b9e1a1632684b84360a736d243dc56770fecee2de7d1a8fa3d48cac,9481642,0x12aA4D81ede847646853879dE0a6C657bC14fC97,0x03C66CB1826BDB0395BF31E68Bf7E873e9564fFB,0.0,0.001,confirmed
2025-10-24T17:56:42.075961,ethereum_tx,0xa926fa8d7e162c5df82df90b77e3d4a58859b35107ecea3aef8fff1cc2333c6c,9481642,0xEbb572059363FA4FfF24781b24650Dc8ea74d33F,0x1c7D4B196Cb0C7B01d743Fbc6116a902379C7238,0.0,0.001,confirmed
2025-10-24T17:56:42.075961,ethereum_tx,0xbbc0b0780ec13baf674a7e0a108ac4257fb870f9eac56541b95bacf452e28559,9481642,0x85b5De3a7Ed242805f0Be5b499C9A840c0dbCb98,0x03C66CB1826BDB0395BF31E68Bf7E873e9564fFB,0.0,0.001,confirmed
2025-10-24T17:56:42.075961,ethereum_tx,0xa4a519b751219a06e4eb7509cc31738186d0bf187c8bdfb8cc7b13638bd0968a,9481642,0xfDFCF605B89e2e592caf42d951F6f0F2face32ef,0x03C66CB1826BDB0395BF31E68Bf7E873e9564fFB,0.0,0.001,confirmed
2025-10-24T17:56:42.075961,ethereum_tx,0x44ac7ceaf34c536690a7472db0c423ac4cdc15bc16f1f8a68105d01785210ffa,9481642,0x2BFaadCa3865BEf692e68B16A3A655bB3167e004,0x358e500d87F6d4630a8bF2fBDA09298C0873DA18,0.0,0.001,confirmed
2025-10-24T17:56:42.075961,ethereum_tx,0xb356cdc157dc9da4ddfac0fb8182d9882f2e7f880f8f8faae3da6f817f25e637,9481642,0x30Ea251dceFf18FE90c253Ffd7dAC3c3de0188E9,0x3eDF60dd017aCe33A0220F78741b5581C385A1BA,0.0,0.001,confirmed
2025-10-24T17:56:42.075961,ethereum_tx,0x94b078152997b90e7d33019163d22d94ed2104c598daf05545642e7127ab5e87,9481642,0x85d49b7d955c46aFeBD43533B93161E250689Ba2,0x7215691F60C4fA7Bb82c5Ac44c7d57dc32bB0493,0.0,0.001,confirmed
2025-10-24T17:56:42.075961,ethereum_tx,0x031b73e5928862752b1a276572ddbfccb940414d6b0e998cec47a62856d0496f,9481642,0x6f04D86db3Be5978f9b4CF5DC8640Cc2Ff83f906,0x7215691F60C4fA7Bb82c5Ac44c7d57dc32bB0493,0.0,0.001,confirmed
2025-10-24T17:56:42.075961,ethereum_tx,0x664216ad3ec3b7f19a6fd36a391d0cdb86f2557437b40658c1b05d88db971d15,9481642,0x54f978be913780d3F0215448bE9cF4c14Be95bb4,0x7215691F60C4fA7Bb82c5Ac44c7d57dc32bB0493,0.0,0.001,confirmed
2025-10-24T17:56:42.075961,ethereum_tx,0x61df2a1d09b981063db339a563d0ed0c0b6c248715438bfc9a1774664e750e70,9481642,0x7Ec260BE1D08d37aB0Ea5Fa318c88003E66235d3,0x03C66CB1826BDB0395BF31E68Bf7E873e9564fFB,0.0,0.001,confirmed
2025-10-24T17:56:42.075961,ethereum_tx,0x985e8865613b76bfbc61e4a8751a5d1463a1541302a4e19b3235d02b85521991,9481642,0x8d0099717c40CF56496241860ec6eE4bBC056075,0x03C66CB1826BDB0395BF31E68Bf7E873e9564fFB,0.0,0.001,confirmed
2025-10-24T17:56:42.075961,ethereum_tx,0xfc7ac61ba218d5b2ecf0663fb969ded7fc0e8dc4569a849d9dcdcf2fdf8c060f,9481642,0xF6c39a72A02F345B2a786CF5d4890A697a9e249d,0x3eDF60dd017aCe33A0220F78741b5581C385A1BA,0.0,0.001,confirmed
2025-10-24T17:56:42.075961,ethereum_tx,0x23cc0db74542937d4cdef0ab7fad96d126be9054de0e3f56e207967486415589,9481642,0xB22833D458F0AC2576067Dd7dAEfd6c85CCc50FE,0x234a0C8D3CCeea967D3CE113E934FFE5cEcB0377,2.03e-06,0.001,confirmed
2025-10-24T17:56:42.075961,ethereum_tx,0x1934c6201a5b5cf162c6e060eaacbe79e8d6df71cfef4a73cc7e3b7ee4f5e0d0,9481642,0xFda8452066a0b78dcF6c10Dcd988bF18cB19D3f5,0x803B3EfBe77003D90EF2318Ba59B8Af3430b36f7,0.06,0.001,confirmed
2025-10-24T17:56:42.075961,ethereum_tx,0xa61ba7792a78d367c6070db2a241ac425cc3e725b5d412d64543e535954789af,9481642,0x5DbBb93b78970DEB983CED82eD2ea2Fd6BCCd2dE,0x03C66CB1826BDB0395BF31E68Bf7E873e9564fFB,0.0,0.001,confirmed
2025-10-24T17:56:42.075961,ethereum_tx,0x79e2b812725593b2396817f170c11520dcaecccaacad742562a1f056f17bb2bc,9481642,0x794955200c483ccd8F2568eC3A7b079D88bC6DDa,0x03C66CB1826BDB0395BF31E68Bf7E873e9564fFB,0.0,0.001,confirmed
2025-10-24T17:56:42.075961,ethereum_tx,0x9194bf23ffe445c1738f5ef3a920bf1fed5d87d5c0798cde3737d9cc07dfde98,9481642,0x122f01Fc8E5FfdfF09c1fA00809Cb0788accAE7C,0x3bcea57F9154d74BADE760BF299c050A03BFb13B,2.13e-06,0.001,confirmed
2025-10-24T17:56:42.075961,ethereum_tx,0x5053666689efcaeb40123208bd7dc2b9216d9f6123c2f3c8a00b96cd8728e918,9481642,0xB8c8563D0C1cB042f45392146A8fFBbC8B8D35C8,0x7215691F60C4fA7Bb82c5Ac44c7d57dc32bB0493,0.0,0.001,confirmed
2025-10-24T17:56:42.075961,ethereum_tx,0xffc216f44d5696b77b458b8ab7e0dd094abd99279b8650c0a8ac3e1b14ab178b,9481642,0xA93Da9C951943a96018074B613B0475AAa610420,0x03C66CB1826BDB0395BF31E68Bf7E873e9564fFB,0.0,0.001,confirmed
2025-10-24T17:56:42.075961,ethereum_tx,0x18b86ee3ce2aa1d9e75540f6fd8c431ef764068ebc85ba351b90a78a9ffa8df8,9481642,0x1FFA89cf51Af16F467244D979A8a15A35953bde2,0x87A3effB84CBE1E4caB6Ab430139eC41d156D55A,0.0,0.001,confirmed
2025-10-24T17:56:42.075961,ethereum_tx,0x711270f3419eb630360f33a77e75cf76dc90017c7a9f64d840a6f974a1d2a8f7,9481642,0x0B9428f89c91875E39c1951e68Ab38593B870Cf2,0x8bfE61eEDF24094F6832BD2E01FD3b8846b96B7c,1e-08,0.001,confirmed
2025-10-24T17:56:42.075961,ethereum_tx,0xfc52476aadffa80275f9df2b2faeb73a9e0c0738218a5aaaf944c2095ef68901,9481642,0x23531187C2A399b59eC3F4a32a37527b790B4598,0x08d2b0a37F869FF76BACB5Bab3278E26ab7067B7,6.16e-05,0.001,confirmed
2025-10-24T17:56:42.075961,ethereum_tx,0xdafd56ccca179f5768ed0baf09762c00f353cf9db3204fdbbe686a8ef8f73f9c,9481642,0x3142BA993060E0da0eD39BC077653cd4Bca0Ca56,0x08d2b0a37F869FF76BACB5Bab3278E26ab7067B7,2.4e-05,0.001,confirmed
2025-10-24T17:56:42.075961,ethereum_tx,0xbb0c716e67add32a53c6f2f8a7ca3535a17c1c513601bf37fe8a6fac3779db6f,9481642,0xE6e5dA74624884FBa5D34b1304c1B7a501a94b45,0x08d2b0a37F869FF76BACB5Bab3278E26ab7067B7,0.00515,0.001,confirmed
2025-10-24T17:56:42.075961,ethereum_tx,0x7a4a35df25057b7d872662828b638b134a0c0c72e23c43fe64bc42351e3dd804,9481642,0x0B0e2673A1CE96a115c2c53e1304eD4640294856,0x08d2b0a37F869FF76BACB5Bab3278E26ab7067B7,2e-06,0.001,confirmed
2025-10-24T17:56:42.075961,ethereum_tx,0x8c52c707bcf556476a45d8a727c0d2450d1add8c59e9b0ef2c85cf4748252b88,9481642,0xe2AfEFe57EbeC26ea6A8638818674Bfb789a6038,0x08d2b0a37F869FF76BACB5Bab3278E26ab7067B7,2.98e-05,0.001,confirmed
2025-10-24T17:56:42.075961,ethereum_tx,0x3935edcacc92f87181227e8ce0aef9bfca3dfb9075e6fed5787e711d6a3247e7,9481642,0xcB499cf9d71FBD345e9BF8A37434e5C92d290Efc,0xb3975b4294ed871013d2B47ADe5da9015Df5C54a,0.0,0.001,confirmed
2025-10-24T17:56:42.075961,ethereum_tx,0xbd821495fff9dbb953e12be38821fa9833799d075e1e6a88ffa2bbfdb2688897,9481642,0x625F83416Fb7a1De8AC22336e857854D12C03853,0x956962C34687A954e611A83619ABaA37Ce6bC78A,1e-05,0.001,confirmed
2025-10-24T17:56:42.075961,ethereum_tx,0x188f418282b2611c856a5d354bcf93ff18d1b88cbca62d448bbb5194c471de9e,9481642,0x37e6b2D78E927b8D4c7620f30C06DBAE6389322F,0x956962C34687A954e611A83619ABaA37Ce6bC78A,0.0001,0.001,confirmed
2025-10-24T17:56:42.075961,ethereum_tx,0xcd0ee2bd4d1a095320bdf5166739ebd6a5e04e5c279be21203b05be40ff43609,9481642,0x099BA97a37FA019c064a2517026e3c2Ea8DB9964,0xF6e7F84d9cee738ec59c08B7a7260152C236813a,0.0,0.001,confirmed
2025-10-24T17:56:42.075961,ethereum_tx,0xc862eec76db9a8411f068bd0c552ed5e2737bc4af7a5cad56f5481c72a281281,9481642,0xE6B56B6568DA6fCE6da13825F2b2E3a3C2BC3fD0,0x853758425e953739F5438fd6fd0Efe04A477b039,0.0001,0.001,confirmed
2025-10-24T17:56:42.075961,ethereum_tx,0xc17fe668ac384e41727f75ec9d8351b75cd615ea9c0d79918e8d3690b5c8defc,9481642,0x26cDc7A5B7b2411e1fE3fe1b486210E2227Bf7Ca,0x956962C34687A954e611A83619ABaA37Ce6bC78A,0.0001,0.001,confirmed
2025-10-24T17:56:42.075961,ethereum_tx,0xc46c48900d6266eec31058c70e7b5f1091774d965b30d38e43c5fd0788d69bc9,9481642,0x2bF78d2268Ed1776E41323D6A5aE694d8c8F7968,0x956962C34687A954e611A83619ABaA37Ce6bC78A,0.0001,0.001,confirmed
2025-10-24T17:56:42.075961,ethereum_tx,0x6063d8280a6f712336857e3bcf24876d7ab93d2fd136ef9a0051b99da10ee90d,9481642,0x7afEc1252f5C7b317505aB379Bb888CbD07e6659,0x956962C34687A954e611A83619ABaA37Ce6bC78A,0.0002,0.001,confirmed
2025-10-24T17:56:42.075961,ethereum_tx,0x6b1674a03595e8cc8a21cd5a9256b0e9372a0185d40e648002fc3fb38ba060a5,9481642,0xe03F5Eea59b3e719653d522811A49E089FA0DE8e,0x956962C34687A954e611A83619ABaA37Ce6bC78A,0.001,0.001,confirmed
2025-10-24T17:56:42.075961,ethereum_tx,0x4135270e9da747e649dd0aa4cf216bc895376bd4bedc78119bb119ea9c6a2f83,9481642,0x8E1707233D91Ad65CC7059F4ca021866aF6986C4,0x853758425e953739F5438fd6fd0Efe04A477b039,0.0001,0.001,confirmed
2025-10-24T17:56:42.075961,ethereum_tx,0x002a41e9579f7bf5f90e3580550318fdf393afea5a8333f6822f326cee52c829,9481642,0x6d50EDC485a5c5C8E57e45994de1C8f8A11A7cee,0xcfD5dDc974005CDfCE04286a4E96a28Bb9366b8c,4.4e-05,0.001,confirmed
2025-10-24T17:56:42.075961,ethereum_tx,0xa405256cdd6fd65ce3715a8d515d1d363aa27c8ceb1b27a99e27225873126787,9481642,0x9C8FaA60ac71ad698FA1E9ba77C7F409eF4834cf,0x956962C34687A954e611A83619ABaA37Ce6bC78A,0.000132,0.001,confirmed
2025-10-24T17:56:42.075961,ethereum_tx,0xe36cb7a681fd86db6ecea42c27c266d3a8654360e9b483702556f503d2476564,9481642,0x05a53cD91a4946DE2a615d129bE71823F0Bbd6E8,0x956962C34687A954e611A83619ABaA37Ce6bC78A,1e-06,0.001,confirmed
2025-10-24T17:56:42.075961,ethereum_tx,0x6f9dd21167e3411f406a531dfda25ac024bfb06871d2978071083750f8f42666,9481642,0xDA4bc6D9f9E8676502538C7476901CB4c891bc04,0x956962C34687A954e611A83619ABaA37Ce6bC78A,1e-07,0.001,confirmed
2025-10-24T17:56:42.075961,ethereum_tx,0xca17b9063db4c0bac6e792a5b52062b7eff6950271643ad9fe382e975605f970,9481642,0xA6f1fb1eBb926D015003291AB819277E3060f6e0,0x956962C34687A954e611A83619ABaA37Ce6bC78A,1e-06,0.001,confirmed
2025-10-24T17:56:42.075961,ethereum_tx,0xa66d71cf12eb39c383efd87cacb557ac46d94a3b0b4559b914ad5d9b4895b02e,9481642,0x5D4c0ACacf38e02d70716Ed84d1FA9c0471613fD,0x956962C34687A954e611A83619ABaA37Ce6bC78A,0.0,0.001,confirmed
2025-10-24T17:56:42.075961,ethereum_tx,0xdfb0678151918783dc2248ee0fc3653f681760be83640c7bf63fda199f790683,9481642,0x341E56Ed09786e60219c451DCF6ABaF988DFD4B7,0x6A9c1CD3A0688F0DFAc327F350296dbC7Cfff947,7.88e-06,0.001,confirmed
2025-10-24T17:56:42.075961,ethereum_tx,0xe74db97ce8d9eaa7d0f482e25c5bdebd12cfe49af801c2df2e71124501e36196,9481642,0x9EEFca344c58636e6aE83974370Caf4760C0A0C7,0x87A3effB84CBE1E4caB6Ab430139eC41d156D55A,0.0,0.001,confirmed
2025-10-24T17:56:42.075961,ethereum_tx,0xedd80c7deeedc33c6ee505de341c8ea56b28b22174ba87a7dbf7ac68bcfc0bf1,9481642,0x0ff68711c5439A666ab1b89c4D0A5A63df06A1D2,0x956962C34687A954e611A83619ABaA37Ce6bC78A,0.001,0.001,confirmed
2025-10-24T17:56:42.075961,ethereum_tx,0x8e21859742e17fa345d5c8e5aeb8acbe4cccc56bbbe3fea9485c48ed3931f149,9481642,0x13e6009357AF52E7D564b5914aa97719C8304A28,0x956962C34687A954e611A83619ABaA37Ce6bC78A,1e-05,0.001,confirmed
2025-10-24T17:56:42.075961,ethereum_tx,0xbb361eedd8928abe7c4ff90f6743d3a315822211c1b86d231472a21b7d556958,9481643,0x55A07F9f7eD7F110c2Ddd8f2f5d8677Dc94aF4E2,0xeA30c4B8b44078Bbf8a6ef5b9f1eC1626C7848D9,0.0,2.200000009,confirmed
2025-10-24T17:56:42.075961,ethereum_tx,0x4f3727a96184b956955a1bf3c15d511f55e1d101cd05fca9cee0927fc13dc283,9481643,0x6Cc9397c3B38739daCbfaA68EaD5F5D77Ba5F455,0x8A7CB94965a49d071DB8Fe510896E71684f9Fc70,0.93169972,2.000000009,confirmed
2025-10-24T17:56:42.075961,ethereum_tx,0x496b538d770fda110685a4145fe0b566921881945e4ff5966141ee372a110776,9481643,0xa001eEe7A5b9aeFfe1e31Ffecc87d15e9FF4eC94,0x73B668d8374DDB42c9e2f46fd5B754Ac215495bc,0.0,2.000000009,confirmed
2025-10-24T17:56:42.075961,ethereum_tx,0x7bdfb54b8e3a1be35ccfd8f0fd8663e094cbe073e48bdc0e7288c8525160f868,9481643,0x319dd63E0AC72e7Ac74443029d074032c043460F,0x1c7D4B196Cb0C7B01d743Fbc6116a902379C7238,0.0,2.000000009,confirmed
2025-10-24T17:56:42.075961,ethereum_tx,0x08ed839b2825c56b214690d75b611b3bb3b1d29ccddc6c3a43515f6da6ec56d3,9481643,0x319dd63E0AC72e7Ac74443029d074032c043460F,0x1c7D4B196Cb0C7B01d743Fbc6116a902379C7238,0.0,2.000000009,confirmed
2025-10-24T17:56:42.075961,ethereum_tx,0x3b84c524e0fdc6b2628b74168c7323a23649268b89e2175a82abe7638a3f5c6d,9481643,0xe7F38E2D57a0eA80240B5E65A69AF66812CbCd0C,0x22A5178ec53a8710b8751AcEB5Df36300550913D,0.01,2.0,confirmed
2025-10-24T17:56:42.075961,ethereum_tx,0x506dd2d235c7edab11a5787d68b48be110620c21aae69087e27c9156f1cb0c62,9481643,0x803F813CFd778e8f3c947FE3B28d33F3fb6F854a,0xCaC524BcA292aaade2DF8A05cC58F0a65B1B3bB9,0.0,1.500000009,confirmed
2025-10-24T17:56:42.075961,ethereum_tx,0xd950656185380a0b311c0ccfd6e0cb4b6e7438624b88050dce3aaea7375636d7,9481643,0x018Ecd0cC400C083a74E44a69056D82Adb089F41,0x5e60a4e290DF0439384D9Fdb506DE601F9D4B038,0.0,1.500000009,confirmed
2025-10-24T17:56:42.075961,ethereum_tx,0xb0151ad6a18d80b3224914e3eae56c6398366f63a45ed8147393dfff69484830,9481643,0xCcdd7bAE2a8b608f5bE9A21A783DC6ff340748c3,0xBC04d69Ecd7890699b2BE7924eA86474e15098E6,0.59996849999979,1.500000009,confirmed
2025-10-24T17:56:42.075961,ethereum_tx,0xb4b689bbc84e8f013bad74546ca34803ff296046e0d14ed6ca88fb6310f301ba,9481643,0x6F641eCB0aBBa9242599CC52b6D47f9454Cd5532,0x8BEbFCBe5468F146533C182dF3DFbF5ff9BE00E2,0.0,1.500000009,confirmed
2025-10-24T17:56:42.075961,ethereum_tx,0xf46da6e87d34e4e2f882191b68532d3ea3387a163acbcb8b870fe34d3111b7a5,9481643,0xcf5FCD84061fE275e989d348d7337176aA64d946,0xB815791c233807D39b7430127975244B36C19C8e,0.0,1.500000009,confirmed
2025-10-24T17:56:42.075961,ethereum_tx,0x0896a6d12b7c57b0e5f24210522da94bf7f3369d3141f1444a696a8c8c8c2f0a,9481643,0xEae3e0D41321BCad56A94805135B0820cbce5877,0x2A4496bbC344414e3bDbE6a8E7c40EF007DAeEd1,0.0,1.5,confirmed
2025-10-24T17:56:42.075961,ethereum_tx,0x32ef506b72afea4b25764e039aa80de664316e5bf6c1ea574430a5361713fd45,9481643,0x505EE5a07168886407B4E0230A2daBa4Fa1c1483,0xBaC878FA5328821Fcb8b9B63C0013552ed4A7E28,1e-05,1.5,confirmed
2025-10-24T17:56:42.075961,ethereum_tx,0xc4639760df3157654f05e90f6b6874c229ed90bffdbf3708e763c7e2e6c4dea3,9481643,0x6DEFf02001A86f794886e9140bBFC126d12707B0,0x2A4496bbC344414e3bDbE6a8E7c40EF007DAeEd1,0.0,1.5,confirmed
2025-10-24T17:56:42.075961,ethereum_tx,0xce3e092cfcac699927e7644f50d876e537dff9e4809ac1dee8c5e0d1369084a0,9481643,0x3965173254Ee7060b34f96e083046fbEf43CBC60,0x2A4496bbC344414e3bDbE6a8E7c40EF007DAeEd1,0.0,1.5,confirmed
2025-10-24T17:56:42.075961,ethereum_tx,0xd9d2e21bd9caf4cd7645827557663b5f624443b47f323d01da4b998a666d49b5,9481643,0xD107ce1B6462c16bF813fD10805E22Fe86270ACE,0x2A4496bbC344414e3bDbE6a8E7c40EF007DAeEd1,0.0,1.5,confirmed
2025-10-24T17:56:42.075961,ethereum_tx,0x40a02d6f0b009685cbf15b3916d0a17d6002cb68e7ff9cece10a884132b1bc13,9481643,0x8CFC2644e690D45709B9B8FC87B055c1771dD8FD,0x57c5dC670eB6f571bDD8Fc1CF178c46c9A917A74,0.0,1.5,confirmed
2025-10-24T17:56:42.075961,ethereum_tx,0x79f5b12c1d6bf09f852600b36713f2506b422e590a137585c1a8798a08b824e8,9481643,0x3599A7C50bDcC061E65F92556ae65d0656445906,0xCF8f8b34f10e8CBb2F42bA60205caED1a85d0d0D,0.0,1.000000009,confirmed
2025-10-24T17:56:42.075961,ethereum_tx,0xafebd63b60484090e549f3c5b2d9dc55f0cfebfb7de9bc700372480f7a2608c4,9481643,0xF0FEd0C0192539a1076d8BDa1233f414704d98Be,0x00D22efF04CF7d0f5A355A6D9A06E43120398dA6,0.0,1.000000009,confirmed
2025-10-24T17:56:42.075961,ethereum_tx,0xac84884ba3394e8e393e02676059e817b9fbb9f85d21110f05f56b2e8bcbfb20,9481643,0x52136be58Fa3dc50A0D5A3dfe4Cb84aC610a79bc,0x9695cfaD83b058C6D38Df1F6b6752D7e11ad196C,0.0,1.000000009,confirmed
2025-10-24T17:56:42.075961,ethereum_tx,0xf7e9b87167910e2f37ba1643ff15589cb7246ab83f536e8ccb8b70cad43b7cc7,9481643,0x760E339B5fA3280811F0488f18F4E133E12d27af,0x986509e443331a44e114C80175A776fae4B1e782,0.0,1.000000009,confirmed
2025-10-24T17:56:42.075961,ethereum_tx,0xf305981522368b07f792d36ca24e3ed15ddde7d1a898eac4880ec0ce4020e142,9481643,0x1a9DCE6479De4561d50B8E051493a121feA5fA91,0x869fb9945E9D71EBF086cb1FF15B04A95a7DD791,0.0,1.000000009,confirmed
2025-10-24T17:56:42.075961,ethereum_tx,0x89dd8dc5072a2e10bad0a60345534e4e7721e31c290528116965d60e35534e0c,9481643,0x0408C06e552408Ad0A30cbAd65F52d3876051c52,0x4F6b2E8DC0476d8e1fd88f6330B1f3909Dc9E914,0.0,1.000000009,confirmed
2025-10-24T17:56:42.075961,ethereum_tx,0x913f29c05f88574bff182ac34c7ce4872fa105da6b83ac1bd3de5460bb0020e6,9481643,0x71efcD475724Af63B5A94869A038Bf67e34AC26A,0x7b79995e5f793A07Bc00c21412e50Ecae098E7f9,0.0,1.0,confirmed
2025-10-24T17:56:42.075961,ethereum_tx,0x30e92ee883d687601ee05047ae9ee137020ef79321132acc81cb90e3a6c1d977,9481643,0x2567fF4BE9f21B1239c93aa3507DD2AC3d54B4f1,0xd9de332c023Dc4372fAE306C3779e0659f0f8F6B,0.0,0.05,confirmed
2025-10-24T17:56:42.075961,ethereum_tx,0xb13089752c15bf961feb869c54e6c06a79fc743ffc316ba26a28f9c8ea01c49b,9481643,0x01467ce5983Ba74724a9BEDD4FCB322D3Fd226d9,0xf993E10C83Fe26DddFc6cb5E82444C44201e8a9C,1e-06,0.020000009,confirmed
2025-10-24T17:56:42.075961,ethereum_tx,0x574bf8c8b215993b20dd2a46772322b8137b6cb827fab51fbc6deda06978e980,9481643,0xDfC83e5adfbBD12356e314476a1eA61142379989,0xf993E10C83Fe26DddFc6cb5E82444C44201e8a9C,1e-06,0.020000009,confirmed
2025-10-24T17:56:42.075961,ethereum_tx,0x9184b87e38bb9b4733fc0d8eaa5b58d2dbfb9a5e4cbc318ca321eb1d9355e2a6,9481643,0xb403e847e5A116fBD1E71436E263acCEC3AEA4cF,0xf993E10C83Fe26DddFc6cb5E82444C44201e8a9C,1e-06,0.020000009,confirmed
2025-10-24T17:56:42.075961,ethereum_tx,0x3e58471140cd8f1897a3ecefeaa6c054cf1792bbc3b957ff8fc7b4b9f417dd1f,9481643,0x511CC19487312C3075789788cdB17862F530265b,0xf993E10C83Fe26DddFc6cb5E82444C44201e8a9C,1e-06,0.020000009,confirmed
2025-10-24T17:56:42.075961,ethereum_tx,0x35427f94e428023715241d0dc5f27f75c22860e0759761bdbd2aeb88982d3ab3,9481643,0xd235cD8734B3fAad6E819Cbb7d7FD1499D371f40,0x956962C34687A954e611A83619ABaA37Ce6bC78A,2.204404726856e-06,0.0015,confirmed
2025-10-24T17:56:42.075961,ethereum_tx,0xf7dd1e72ac1f31d2ec82816df4d765541cf1474957080eecb5f86260f0864845,9481643,0x1F3B08C04683130Fd72eE4fe7c601C31d645D935,0x956962C34687A954e611A83619ABaA37Ce6bC78A,2.4689463838864e-05,0.0015,confirmed
2025-10-24T17:56:42.075961,ethereum_tx,0x557d6b730d4afc398bf7d7f80672ed37b799472d5697b5765004fb5d34374545,9481643,0x4BA56bDa2009816e260921970041d6Eb005D7272,0xC764A997C86dC22B50Eb637626e3f46bfd82534A,0.0,0.0015,confirmed
2025-10-24T17:56:42.075961,ethereum_tx,0x1943b0419f98367b2ef82ffdcf7905ea3423cf4cc6fc303fa4f8bd505f5866ec,9481643,0x6d7927C0D236388319864007681BC0C6b844Def8,0x12e1181a741b70BE6A9D81f85af3E92B6ba41897,0.0,0.0013,confirmed
2025-10-24T17:56:42.075961,ethereum_tx,0x5f0e1038800a5e09e76ff96b4839d6f8c13884f86eb39106ce99127f39a1874e,9481643,0xb3a1956Cff1ecc8054B81b0C83b9847CB71384b8,0xCf8EDB3333Fae73b23f689229F4De6Ac95d1f707,0.0,0.001066676,confirmed
2025-10-24T17:56:42.075961,ethereum_tx,0x8dccdbb9af442747d70af92a4a983bf23cf651b44f548d81a1132cbfe793d25c,9481643,0xb3a1956Cff1ecc8054B81b0C83b9847CB71384b8,0xCf8EDB3333Fae73b23f689229F4De6Ac95d1f707,0.0,0.001066676,confirmed
2025-10-24T17:56:42.075961,ethereum_tx,0x615138203d7462095a0afba89453f652da8625093aad0eda7b5f616de24df642,9481643,0xb3a1956Cff1ecc8054B81b0C83b9847CB71384b8,0xCf8EDB3333Fae73b23f689229F4De6Ac95d1f707,0.0,0.001066676,confirmed
2025-10-24T17:56:42.075961,ethereum_tx,0x122de41e1ee622f5fae3294972a6e640397475539e8e31667c0873f3cca6efa9,9481643,0x61d8838f9A00250C9AF13D622DA7c08c372ee587,0xCf8EDB3333Fae73b23f689229F4De6Ac95d1f707,0.0,0.001060008,confirmed
2025-10-24T17:56:42.075961,ethereum_tx,0xf2336003548e106ca16f89a1fb98a24a4b609d2bdce797b6512bda3a6a06b46a,9481643,0xe8F20855c2b1A0B8705aEf808db95F8b61b34e3e,0x7215691F60C4fA7Bb82c5Ac44c7d57dc32bB0493,0.0,0.001052631,confirmed
2025-10-24T17:56:42.075961,ethereum_tx,0xaf180b500a4dc86a8898f79ca477b98e304f4c42caa30bc2cbcb1ef8485e70e8,9481643,0xe036828307C40A1471DBCd55d3BEA3fc57cAC75C,0x0000000000000000000000000000000000000000,1e-05,0.001000009,confirmed
2025-10-24T17:56:42.075961,ethereum_tx,0x243a6dbcedf18abbc351061c63135b00429732d4073be6159d2e2ac76ec81007,9481643,0x53370DF3f1F8A9d95133Bc01D272E3c57e20D010,0x69C6b28Fdc74618817fa380De29a653060e14009,0.0,0.001000009,confirmed
2025-10-24T17:56:42.075961,ethereum_tx,0xbe0ff60d46470ebdddc1a3010eb0bd19ff862c4529fa42c3472b7d47a9f0e54e,9481643,0x3Da763C42E438eB17880fB6A83040d6cf13eF03b,0xFf00000000000000000000000000000000042069,0.0,0.001000009,confirmed
2025-10-24T17:56:42.075961,ethereum_tx,0xa165d94138e6ee11e8e5f2444aeee95843a2fb987b25431e9f87b3157d6b1cae,9481643,0x3Da763C42E438eB17880fB6A83040d6cf13eF03b,0xFf00000000000000000000000000000000042069,0.0,0.001000009,confirmed
2025-10-24T17:56:42.075961,ethereum_tx,0xd8652ef3f2bdd5d55b19739fd5d5369e5a21d909086765be95c45b5d6820f36b,9481643,0x053DD4618aAc39bbDA482b44c9dA72580C1955b0,0x1c7D4B196Cb0C7B01d743Fbc6116a902379C7238,0.0,0.001000009,confirmed
2025-10-24T17:56:42.075961,ethereum_tx,0xa092542694618ca04df014ac344323671510c318440a27823fa04f1f0933efc2,9481643,0x065bb664C4Bf610558297150b4EDF18c8Ba494e8,,0.0,0.001000009,confirmed
2025-10-24T17:56:42.075961,ethereum_tx,0x251d734ca15dafe2989aaf138ed23bc9cbc62ca3679d6b4beee8870382cf63c0,9481643,0x2c2ff804eD59BBE2533e0a8210D5a120414D4c93,0xA73aFb610aC79A729A393D679029fCf9618854AD,0.0,0.001000009,confirmed
2025-10-24T17:56:42.075961,ethereum_tx,0x4fd5f0245a6ecf94347633cecad39432cc3d4fd70d034370ff6f3832cce7742c,9481643,0xDc9d3015A4a391607A835B87a292BcF030AF24E2,0x9E841C03218E36A785C1c50f2f74fAc5D54656Da,0.0,0.001000009,confirmed
2025-10-24T17:56:42.075961,ethereum_tx,0x644ecb97a9e5dc20eea23a8adbb8c3e42083a8efa39d654be60a5669e3d90bc7,9481643,0xB4fC80AEc34911C5d761259E74aE8a24c2C5D995,0x72de35dC43acfC49B6B21e559F8cA586e0E12011,0.0,0.001000009,confirmed
2025-10-24T17:56:42.075961,ethereum_tx,0x6ba9675e82b75a3ae274556f2a5f8af2ed1a005c0bcd8a4885aa597d972b1197,9481643,0x5d72984B2e1170EAA0DA4BC22B25C87729C5EBB3,0xd4116f515A6958da851080B390DDE4B81f408978,0.0,0.001000001,confirmed
2025-10-24T17:56:42.075961,ethereum_tx,0x1e7a852abebf02eed875c67ac0f6af27dd538cfccccb25106e7b63aaa9e0c0ba,9481643,0x6d95AbF89c16Bb1682DEa4b31C85e311D569567e,0xEa1499503adDDC74Fc284a5707D29bCAc8cd48ca,0.0,0.001,confirmed
2025-10-24T17:56:42.075961,ethereum_tx,0xd15337bcf4c9cdeec68215003fc504f3d3adf975085fb135407fdde47dbc0a38,9481643,0xb075E3363F5f0aC3f1A441c6d7e5267A6a18a5A4,0xb075E3363F5f0aC3f1A441c6d7e5267A6a18a5A4,0.001,0.001,confirmed
2025-10-24T17:56:42.075961,ethereum_tx,0x9e7f634e22244f5c0385b30d84b7d1c3ebacd7ba59cfe1bff4abd5d5de5afba8,9481643,0xcD12Ed9b63603bc9685Cda552c0156d9b297b41F,0x87A3effB84CBE1E4caB6Ab430139eC41d156D55A,0.0,0.001,confirmed
2025-10-24T17:56:42.075961,ethereum_tx,0xa58222b9642e1f9a2d39b1c531aa22203a4151a6437273666d70d66409a26642,9481643,0xb3Fb53Aec32a7B31e21d155364E7A7eE9c20A39f,0x87A3effB84CBE1E4caB6Ab430139eC41d156D55A,0.000893,0.001,confirmed
2025-10-24T17:56:42.075961,ethereum_tx,0xb6b2909f6632d1aa16d1250bb383d4405e505fc1c9b5f0bb8ecf43b14d808ee9,9481643,0x2BFaadCa3865BEf692e68B16A3A655bB3167e004,0x358e500d87F6d4630a8bF2fBDA09298C0873DA18,0.0,0.001,confirmed
2025-10-24T17:56:42.075961,ethereum_tx,0xed88c396ba67547f05ecd9b4650a31c672511b57209e72b777bd488afe31afae,9481643,0xEbb572059363FA4FfF24781b24650Dc8ea74d33F,0xcdD16080FEB6479F92D07099488E910f1cC2FCD3,0.0,0.001,confirmed
2025-10-24T17:56:42.075961,ethereum_tx,0x2c1d1c5cb39eb55bd43d803ad17daf1a960e57deff84b0d70c071624c1d6391e,9481643,0x06786a9D68DBBbD59C8A59F03E673f5D3d772101,0x03C66CB1826BDB0395BF31E68Bf7E873e9564fFB,0.0,0.001,confirmed
2025-10-24T17:56:42.075961,ethereum_tx,0x53936085dee93fb8c65ee2173a79ce721ec468d09da4a0db98d5dffd8e51adeb,9481643,0xf9cFC2a5Bb94A499bA3C96Cb2Bb3Ed1b5a0804a1,0x7215691F60C4fA7Bb82c5Ac44c7d57dc32bB0493,0.0,0.001,confirmed
2025-10-24T17:56:42.075961,ethereum_tx,0x20fa0c9b8978616bc47fc57268fd3929e3538237053d4117e56235b42405ebdf,9481643,0x5a78B8180fD116e76061Ea8C9Ec04DccbEDcb5d9,0x03C66CB1826BDB0395BF31E68Bf7E873e9564fFB,0.0,0.001,confirmed
2025-10-24T17:56:42.075961,ethereum_tx,0x9aa32780267541db51f07d8c610672e2d5cde7b4f572e4f267b5a16d57a37b63,9481643,0x55262d29AE5768035567E27F7A11F02683023423,0x7215691F60C4fA7Bb82c5Ac44c7d57dc32bB0493,0.0,0.001,confirmed
2025-10-24T17:56:42.075961,ethereum_tx,0x0d6332836354cebfbe5d49c452d3b84835a47e0f5fdd48ead59341e8563313dc,9481643,0xB22833D458F0AC2576067Dd7dAEfd6c85CCc50FE,0x7cd9665fe0D33A23c8D9C3cfd026220677edE1ae,1.42e-06,0.001,confirmed
2025-10-24T17:56:42.075961,ethereum_tx,0x9f55613f64bb1eb5b8b4c86ba98a7adf72b7d1ec089aeadd1ea916143ddd6496,9481643,0x47910D4a60fB27896A004601d0A63Fa35cBedbcB,0x03C66CB1826BDB0395BF31E68Bf7E873e9564fFB,0.0,0.001,confirmed
2025-10-24T17:56:42.075961,ethereum_tx,0x821705ae462b5dd1fdfe23de9e1e7f63dd714e79fe69b1889d4d9b11fa2556cf,9481643,0x7651ecE47B4856BC330113914610527f56863914,0x50c7d3e7f7c656493D1D76aaa1a836CedfCBB16A,0.0,0.001,confirmed
2025-10-24T17:56:42.075961,ethereum_tx,0x3d3d5c2b22e2fed219e6da9d386856fb9f1fd170f8519d27a86222bbd102e3c4,9481643,0x1b4c21B53CA0C3CC05Bd81D343b87d37bCa7c249,0xCd696e3299f9bCdc0804c5C86ef9b2dE5350524b,1.01e-06,0.001,confirmed
2025-10-24T17:56:42.075961,ethereum_tx,0xb7c824301f61a0e628de3102379dadbb04513ecf4acd3a84bb938dba72ee11e7,9481643,0xf4B2Ea58F3cc0390d9e2Ccd8aC01A0C505343655,0x08d2b0a37F869FF76BACB5Bab3278E26ab7067B7,1.54e-05,0.001,confirmed
2025-10-24T17:56:42.075961,ethereum_tx,0x7a01bde24e93101a4a4b5a6b593feef34674e620d10ae3a8af7e8fdd99f8f112,9481643,0x79f8892bb6956A424cbE0cFcfef4a7A447aF3DBe,0x08d2b0a37F869FF76BACB5Bab3278E26ab7067B7,2e-05,0.001,confirmed
2025-10-24T17:56:42.075961,ethereum_tx,0xcc294a4683e7da06ae0bdd9ce2483155131b14813c07a49e727400bc8b9aefac,9481643,0x0B0e2673A1CE96a115c2c53e1304eD4640294856,0x08d2b0a37F869FF76BACB5Bab3278E26ab7067B7,2e-05,0.001,confirmed
2025-10-24T17:56:42.075961,ethereum_tx,0xdcd23623edbdfc81e20a878e8cc1a7787b49804d9b422a70ea59a351e730ae72,9481643,0x168d110180E2992e7c23ae4BEA7581EC591187bd,0x08d2b0a37F869FF76BACB5Bab3278E26ab7067B7,1e-05,0.001,confirmed
2025-10-24T17:56:42.075961,ethereum_tx,0xf83573accd0efbbc2fe5c86ff4cebfd6ac60dc24b37eb52dc81bee9d3de47ae3,9481643,0xE6e5dA74624884FBa5D34b1304c1B7a501a94b45,0x08d2b0a37F869FF76BACB5Bab3278E26ab7067B7,0.00515,0.001,confirmed
2025-10-24T17:56:42.075961,ethereum_tx,0xed6f8734409aeef0ea9cb49cc5c587d65ce846c1e5adf7d8c0c99401b599e24f,9481643,0xE34f572087B49701A24Da95AF4f4d7fC56F02Ab8,0x956962C34687A954e611A83619ABaA37Ce6bC78A,3e-06,0.001,confirmed
2025-10-24T17:56:42.075961,ethereum_tx,0xf45c16845538e61bde745389099c9443140f7ad45548f2b1eedde13d58cfe954,9481643,0xE2500B659daADB6E18B814125f15EC61f8EBAb86,0x956962C34687A954e611A83619ABaA37Ce6bC78A,1e-06,0.001,confirmed
2025-10-24T17:56:42.075961,ethereum_tx,0x72faa3ac3986eab5b01ff9df86ae293e16c12ad42acc6951937d6f10237df9ae,9481643,0x15D64a430Bb317Cab19B9E4b427a019Ebc1e7Fa1,0x956962C34687A954e611A83619ABaA37Ce6bC78A,1e-06,0.001,confirmed
2025-10-24T17:56:42.075961,ethereum_tx,0x7bbf248425c75fe7d7bb41becdfcff15eea9eab70151282343f9d03ba861f6ac,9481643,0x7bA7730C9c01cb2c9f083C5DA8A52811Df3f050d,0x956962C34687A954e611A83619ABaA37Ce6bC78A,1e-06,0.001,confirmed
2025-10-24T17:56:42.075961,ethereum_tx,0x6616d1b40ac2ec9c035b539b75162c50766ecf23617707d11391025f520abfec,9481643,0x099BA97a37FA019c064a2517026e3c2Ea8DB9964,0xF6e7F84d9cee738ec59c08B7a7260152C236813a,0.0,0.001,confirmed
2025-10-24T17:56:42.075961,ethereum_tx,0xa17f13822931eb2360a7deecdcb1578f7fcc486f39cceeef924e02268851ad2d,9481643,0x22eF655e70e2C810F5F475B2740F0E01fD57e626,0x956962C34687A954e611A83619ABaA37Ce6bC78A,1e-10,0.001,confirmed
2025-10-24T17:56:42.075961,ethereum_tx,0xa950394ff4e1c973c98f63db8065625dceb9034ecf39bc0b95687ce1c2441a93,9481643,0xa71f14F3eC037D16A71fEE621F8a945DFD6a2D9e,0x956962C34687A954e611A83619ABaA37Ce6bC78A,1e-06,0.001,confirmed
2025-10-24T17:56:42.075961,ethereum_tx,0x870c55d3783da417f44e9f029bf3b98e0f75c62cff90b1450397839e52b55223,9481643,0x9EF314F46D19574dB1390dF0cC628f3A9d05e929,0x87A3effB84CBE1E4caB6Ab430139eC41d156D55A,0.0,0.001,confirmed
2025-10-24T17:56:42.075961,ethereum_tx,0x03a4cfecd7d4769b32b07cfbc8315ba55aa52fe6f1a6e389e4be035b3c5f7090,9481643,0x2c2b882B65Fc147bb3980B3dfbaB9D7C8222DF2C,0x956962C34687A954e611A83619ABaA37Ce6bC78A,1e-07,0.001,confirmed
2025-10-24T17:56:42.075961,ethereum_tx,0x8b2416a5591564b108eea587f1f848a5352037a36c92318395f94a010dc0655c,9481643,0x341E56Ed09786e60219c451DCF6ABaF988DFD4B7,0x94605e70B715422C753De877f6Df7e081ea471f1,4.53e-06,0.001,confirmed
2025-10-24T17:56:42.075961,ethereum_tx,0x28131e9713fc04c8b0d6d29b2f712046b147377fb8de360c97c307c3b69a8f7c,9481643,0xfdEB572BACbFB20Fe009aB7319C8A26bB1dC41e2,0x956962C34687A954e611A83619ABaA37Ce6bC78A,1e-06,0.001,confirmed
2025-10-24T17:56:42.075961,ethereum_tx,0x63e6b9a16f327366ddf6a59121bb221031f127fc8172c4200446ba2e81a54413,9481643,0x5641a1E8651DE500838bed93E62e3E06a4D0e683,0xcfD5dDc974005CDfCE04286a4E96a28Bb9366b8c,9.9e-05,0.001,confirmed
2025-10-24T17:56:42.075961,ethereum_tx,0x1ab4405f0829dd515bd76067c1df3a3be4fe1dbcfe65b546826937e78d10a4de,9481643,0xeBE0d4446A2b20eC7CBED8225116aF05dCE5Ab17,0x956962C34687A954e611A83619ABaA37Ce6bC78A,1e-06,0.001,confirmed
2025-10-24T17:56:42.075961,ethereum_tx,0x64784f2434d88695b0091eaec56dda793695eefbf7877e8790dff006fbed2f3c,9481643,0x9C8FaA60ac71ad698FA1E9ba77C7F409eF4834cf,0x956962C34687A954e611A83619ABaA37Ce6bC78A,0.000132,0.001,confirmed
2025-10-24T17:56:42.075961,ethereum_tx,0xc9337964540244d0430587a1e0b0678db425c5811e2e2b33653bacd1503b28f8,9481643,0x94B794E59838De302CCf043d1c7C5E14fc6473A1,0x956962C34687A954e611A83619ABaA37Ce6bC78A,1e-07,0.001,confirmed
2025-10-24T17:56:42.075961,ethereum_tx,0xc59a74dbcc8b7be5d69d20a6f0f980b79878d6e6ae0e559c03a844647bf8a5e7,9481643,0x71A6D6a1ca08FFC667F85050f72d9aAE327Aa29A,0xcfD5dDc974005CDfCE04286a4E96a28Bb9366b8c,3.6e-05,0.001,confirmed
2025-10-24T17:56:42.075961,ethereum_tx,0x64847195093fb74427a2426f3326fe2e8ec75ed737f591086497d3e575b96dd6,9481643,0x8Dfe90E5a0E285741723cdDEa9615ECbF6E2A2cb,0x956962C34687A954e611A83619ABaA37Ce6bC78A,1e-07,0.001,confirmed
2025-10-24T17:56:42.075961,ethereum_tx,0x9f2d25484be10e7f2ba833616d3b75e337c6dcc1583fe4b3149d9d5b6ecc3405,9481643,0xA6f1fb1eBb926D015003291AB819277E3060f6e0,0x956962C34687A954e611A83619ABaA37Ce6bC78A,1e-06,0.001,confirmed
2025-10-24T17:56:42.075961,ethereum_tx,0x8435e4b952ebc1f615adb4c7d8de7c2fc7e68e7bf3b8aede1ccbf0dd6137359d,9481643,0x8166ebcba3e72E94a898D1D70df8a14d8490d9Fa,0x956962C34687A954e611A83619ABaA37Ce6bC78A,1e-06,0.001,confirmed
2025-10-24T17:56:42.075961,ethereum_tx,0x794338afe4a2032413f193e4910283dde152f9c350c3778a6a58943be0191539,9481643,0x13e6009357AF52E7D564b5914aa97719C8304A28,0x956962C34687A954e611A83619ABaA37Ce6bC78A,1e-05,0.001,confirmed
2025-10-24T17:56:42.075961,ethereum_tx,0x292303ece785e9265f8a34ca10b1e64a891775f6a1fd8e63508162bfa9d1771c,9481643,0xda99Bc27F8E03Cb88b7CC27B9317eE3cbBE77DdA,0x956962C34687A954e611A83619ABaA37Ce6bC78A,1e-07,0.001,confirmed
2025-10-24T17:56:42.075961,ethereum_tx,0x81608b79339a45932dd664110ef9369404ba0bbf965c3990b7be0818cf554159,9481643,0x5549268Ece51259Cc8957DF66083155635e09dE7,0x956962C34687A954e611A83619ABaA37Ce6bC78A,1e-05,0.001,confirmed
2025-10-24T17:56:42.075961,ethereum_tx,0x3894262978249f7f027bd3fc63ae1424583c66614a4280c1c70df98e01d00c5a,9481643,0x86998d563F47e9cC192be06a5701b1602C441140,0x956962C34687A954e611A83619ABaA37Ce6bC78A,0.001,0.001,confirmed
2025-10-24T17:56:42.075961,ethereum_tx,0x276c0be5f93e8929bb6ea52b1ae06bd4de5f62f339129e85a6f0c4707b34c3aa,9481643,0x26cDc7A5B7b2411e1fE3fe1b486210E2227Bf7Ca,0x956962C34687A954e611A83619ABaA37Ce6bC78A,0.0001,0.001,confirmed
2025-10-24T17:56:42.075961,ethereum_tx,0x4ba3e067325224802aea6172e37c5249cb8d06bc37618eda4afea1fbce27f9d8,9481643,0x09dA544CA3AdE7b5AA7a28477d6f1959B0647ad9,0x956962C34687A954e611A83619ABaA37Ce6bC78A,0.0001,0.001,confirmed
2025-10-24T17:56:42.075961,ethereum_tx,0x3cd35094c8c53a2d3ffecd2a6480875b4590c25dd557329d8e9d11a46f0fb1fd,9481643,0xC0D1c9A700B79f6241bc8DebB677d0F7916013C2,0xcA11bde05977b3631167028862bE2a173976CA11,0.0,3.000000009,confirmed
2025-10-24T17:56:42.075961,ethereum_tx,0x47fadbae13435e02d7cb3cd2782fb69fe6e2daa5c95beca3e42adc406a069ab3,9481643,0x615E0671717121f54A741f5CEf5aB14d9E8f0695,0x0071679f8024e420A6E2138B2F3bAaA3095BC782,0.0,2.000000009,confirmed
2025-10-24T17:56:42.075961,ethereum_tx,0xda7790f74e9ef742556ce24afdc81fab235151c63c73cf325afca1650d14f972,9481643,0x2BFf381E1dd8c3f2A21870A5E877EF881Bc62784,0x00CCC173D23DA3D45D0B2BeAb44cA7937C6a5870,0.0,1.000000009,confirmed
2025-10-24T17:56:42.075961,ethereum_tx,0xca69c80739b9ad09aff95be8c9729d5d3d0b07cd73c1ede61ba46cbdd5a091ad,9481644,0xfc56E7272EEBBBA5bC6c544e159483C4a38f8bA3,0xfF00000000000000000000000000000000084532,0.0,16.000000009,confirmed
2025-10-24T17:56:42.075961,ethereum_tx,0x22187d0e20161049ed3995750e792117c5f1b92a0307d9ab4507e1f222e3657c,9481644,0x3C95c2633296B264d051498C4b2e982EbB526A53,0x3C95c2633296B264d051498C4b2e982EbB526A53,0.0,4.1,confirmed
2025-10-24T17:56:42.075961,ethereum_tx,0x06bc05ac53a46bc00f8cd0785efb89fc297913b4218adda6619a9806acaa48ae,9481644,0x0b8e2b54A4d4b2167E184f955d7fF7557BA21569,0xcA11bde05977b3631167028862bE2a173976CA11,0.0,3.000000009,confirmed
2025-10-24T17:56:42.075961,ethereum_tx,0x37e5fd0ba1a2b9420c43581a7f0b6be742d1a4bf5e4622a08fcba5df7bd09c73,9481644,0x55A07F9f7eD7F110c2Ddd8f2f5d8677Dc94aF4E2,0xeA30c4B8b44078Bbf8a6ef5b9f1eC1626C7848D9,0.0,2.200000009,confirmed
2025-10-24T17:56:42.075961,ethereum_tx,0x49dabbbe9b37b11df1f91ec6bb9b40f3296f1b0a1dbfff1019b0f78a43c27adf,9481644,0x3780B61A9bf1ec95219053af5D45b732D753C137,0x0019f23cd593614af1f1Fd26a088b164aF0CE078,0.0,2.000000009,confirmed
2025-10-24T17:56:42.075961,ethereum_tx,0xde1b9e627ddbc4f72406409a9b626aad8a802e1fd8a77ccfce1e24f160c84c16,9481644,0xe7F38E2D57a0eA80240B5E65A69AF66812CbCd0C,0x21824933Ebb8E23dD60FB60EfbE09Ae6ACF32649,0.01,2.0,confirmed
2025-10-24T17:56:42.075961,ethereum_tx,0xf05eb68d189be3dd1d67eefb6b4fa3dbea61b31c5f7a4e1ba45bce1bc5713890,9481644,0x73287B8E96B9222ca77596eCf746b5284042ed6f,0x7E6e6Eaa5b20Bd0F89540311B6f36918CCa07Ca7,0.01,1.500000009,confirmed
2025-10-24T17:56:42.075961,ethereum_tx,0xdd10513b7a00f2539080065c0f1644addcc1fdb56a0d0dc5e22e3f9e2fb23f2b,9481644,0x6F641eCB0aBBa9242599CC52b6D47f9454Cd5532,0x94a9D9AC8a22534E3FaCa9F4e7F2E2cf85d5E4C8,0.0,1.500000009,confirmed
2025-10-24T17:56:42.075961,ethereum_tx,0x59248a92d8f4d1f81a8dd1e80faad89397042551d8d96bed4901b8602e27355e,9481644,0x803F813CFd778e8f3c947FE3B28d33F3fb6F854a,0x844737f8977b57d2931caAF987307Ce9AD2f01eB,0.0,1.500000009,confirmed
2025-10-24T17:56:42.075961,ethereum_tx,0xce8199a74111eccd12b847bb31aaf70c1253b9bf8bc0bb02dfdeaa7c88bafdfd,9481644,0x26Ddf4DddeCfac97B3359d24D426dCe006B0c58f,0x2A4496bbC344414e3bDbE6a8E7c40EF007DAeEd1,0.0,1.5,confirmed
2025-10-24T17:56:42.075961,ethereum_tx,0x9afcb12efa2d146b442bed05d474cf52c46ab48462aabff421c7f9fa57e3a48f,9481644,0xC5fD2d2b4a035735F03ddD06B0500bD8e2480715,0x2A4496bbC344414e3bDbE6a8E7c40EF007DAeEd1,0.0,1.5,confirmed
2025-10-24T17:56:42.075961,ethereum_tx,0x956deb9bc5e1f1ebdb95157f33b5a8b11106c24189349f622379874749790d37,9481644,0x353377083b7c8Dc2D88210406d7103f04cBE9Fd4,0x2A4496bbC344414e3bDbE6a8E7c40EF007DAeEd1,0.0,1.5,confirmed
2025-10-24T17:56:42.075961,ethereum_tx,0x782e109d8848ac64427b57b1075f2074f2764957ed578f8ca8e38ba12404c6e9,9481644,0xAed17De0d83C814d4cDF03B41F744aa6222B0820,0x2A4496bbC344414e3bDbE6a8E7c40EF007DAeEd1,0.0,1.5,confirmed
2025-10-24T17:56:42.075961,ethereum_tx,0x484b74ac4535a8160155927f859ba3debc9bab56b7a45a665b7c161c73313f90,9481644,0xd45E9963E97a68C6d2E10D8972C1dB13733234a7,0x57c5dC670eB6f571bDD8Fc1CF178c46c9A917A74,0.0,1.5,confirmed
2025-10-24T17:56:42.075961,ethereum_tx,0x3d858c4183e8414eb8c16de895ac2f599f19cfcea6a463cb6f7df87295c702fc,9481644,0xf7A5182993e22fba2eCd2aFACa576d48a4BC1990,0x2A4496bbC344414e3bDbE6a8E7c40EF007DAeEd1,0.0,1.5,confirmed
2025-10-24T17:56:42.075961,ethereum_tx,0x1adbaa36296e9ad5799cdcb0c5dffced1e3c5b681d8f499a88129e30f44b0f41,9481644,0x8BE4f8A0dfdB5cfda789a7F42F3a63a219509a83,0x57c5dC670eB6f571bDD8Fc1CF178c46c9A917A74,0.0,1.5,confirmed
2025-10-24T17:56:42.075961,ethereum_tx,0x0944a923b1e5e2da447025da68c19809d077dd72388e76f034ed839de026303e,9481644,0x9F89028846333e81AeB5755DbB06b3AA1177fd06,0x2A4496bbC344414e3bDbE6a8E7c40EF007DAeEd1,0.0,1.5,confirmed
2025-10-24T17:56:42.075961,ethereum_tx,0xea139e405d555f73debf121c974d0b9a3b2fc155082b90dde5b5bdb8223878df,9481644,0x87cE00cb8Bc3D4676Dc91F7E6ac7cd863C3CA853,0xcD9c787A3d917D625D2D8A982618121b5DcCF36a,0.0,1.000000009,confirmed
2025-10-24T17:56:42.075961,ethereum_tx,0xdb3f0b8b946d4f85217794a2788ae8448cfe6aa4e816b461e87d16baadffe068,9481644,0xfEf8B9256c6078D1d9175E91a744FBe4bFa7BC32,0xb38fECA197385f1C7979c288288e67d29a3278D4,0.0,1.000000009,confirmed
2025-10-24T17:56:42.075961,ethereum_tx,0xd12025bc297137e8dfef2c60cfb15adeeed2b4883d13a49fe9b411426a445041,9481644,0x1f74793d826847Bb1a50b7314799cFCB00D67eE6,0x00C7C52b7B4cD92a08298baa6D0fF909bBDdCb1D,0.0,1.000000009,confirmed
2025-10-24T17:56:42.075961,ethereum_tx,0xaf2aba60e884aa249b596ec7f61313276b2282711e30289129d3cb860824d8aa,9481644,0xAD6B87B8729df7C3b833F0aEad8E60D5Adf9aE52,0x8aFd10B5D5865Cb15353d9aB9B4E0e556343e945,0.0,1.000000009,confirmed
2025-10-24T17:56:42.075961,ethereum_tx,0x8a7cd20037ebc64fc9dcd8279186ca4b82242b243f296234d92cee224b17b0c6,9481644,0xf1fE26E54c971a67e370e1E8eb57805f1f5Ff865,0xf007B90De8E7A2A71802eb0936f8F66F00adA7FF,0.0,1.000000009,confirmed
2025-10-24T17:56:42.075961,ethereum_tx,0x89bda62a0a2430c07217133781fc8eef13f145a2636f76b279fc663421128c0e,9481644,0xF0FEd0C0192539a1076d8BDa1233f414704d98Be,0x00D22efF04CF7d0f5A355A6D9A06E43120398dA6,0.0,1.000000009,confirmed
2025-10-24T17:56:42.075961,ethereum_tx,0x7926d49019e13d1f755faa31027711d0c402a9757b44d813934b2e733a3b4c26,9481644,0x069AB8EbD0Ae4b2976661A9eacd378B0bf2d434E,0xd718B47702b652158E2A9a29d4BE105f7eF7e8D9,0.0,1.000000009,confirmed
2025-10-24T17:56:42.075961,ethereum_tx,0x76da275a4ea5a913f4238b272ff345ee5ae9be04161a3b31d5676cc54f04bf64,9481644,0x9F37C931347665e7dbD863faDb2602E69351F201,0x9E4EE87554c89Eb079873d3773E63Ca4cBD7817A,0.0,1.000000009,confirmed
2025-10-24T17:56:42.075961,ethereum_tx,0x41ae51576f2993fdf5ef1615f49e3cb09b5909cf95ce3a449d72485fdf8cfc1c,9481644,0x87f2E1C57454B6fF349e90b4a4c095751acA729A,0xFc8E68B86F94A54024C766Bd254C16FFc921927C,0.0,1.000000009,confirmed
2025-10-24T17:56:42.075961,ethereum_tx,0x4175d1c20a5dca7a1bf7d35d02f69b7aac1d67594372a1eacd931420aff9369a,9481644,0xC1E8c91f521d312aCe2A07a0f2F6771EcB087319,0xd257FdA8806Eb5A61c9008cef86c660475C1F35b,0.0,1.000000009,confirmed
2025-10-24T17:56:42.075961,ethereum_tx,0x2d0c9eec8fd00214656bf9e3f9d140f0bd79e409e99ca8d4a5c3aed1e56fed34,9481644,0xbC8Ea34087223510d151Da73128d592e1563BEa8,0xf31D649d1E683Cf39E64fD417FE31825f4Fe7daD,0.0,1.000000009,confirmed
2025-10-24T17:56:42.075961,ethereum_tx,0xf0d20e7d0aea6d76e0992f6622fb2e246e10c41a282a11d36071fbf536dd252f,9481644,0x81F909d067A0205C479d6d5f1542a10209EF382a,0x55414C542b7AD44C56741205757Ec0b7007c64C7,0.0,1.0,confirmed
2025-10-24T17:56:42.075961,ethereum_tx,0xd76ac21d4e1f5fbc94333b4e2dbb438cb065771350362bd76f5b145e9c510364,9481644,0x71efcD475724Af63B5A94869A038Bf67e34AC26A,0xB1F124a9d8c05560EdC077a2E829a3dD432fD83e,0.0,1.0,confirmed
2025-10-24T17:56:42.075961,ethereum_tx,0xd29642d9958872e0dc949ef0fb363a96e630a553d2ad8640e51bef6e34fba99b,9481644,0x3cfA553F1D571ED0BF7963Ae67A143da44E0d83E,0xf993E10C83Fe26DddFc6cb5E82444C44201e8a9C,1e-06,0.020000009,confirmed
2025-10-24T17:56:42.075961,ethereum_tx,0x9d3c2d7c56702e2ea610e21dd3603513d5fb2618ed430472343d27f04f194ce4,9481644,0xc1D70F76B2c7Db228c3Af3D4Cb8255aE42A0b96D,0xf993E10C83Fe26DddFc6cb5E82444C44201e8a9C,1e-06,0.020000009,confirmed
2025-10-24T17:56:42.075961,ethereum_tx,0x7c2daddeeffc5eb720714e4abe5a5ee717c2d898ca9e22b953c131db50f88932,9481644,0xCc47AC3CAa2243a3b2daA8143AD02B3c842947dF,0xf993E10C83Fe26DddFc6cb5E82444C44201e8a9C,1e-06,0.020000009,confirmed
2025-10-24T17:56:42.075961,ethereum_tx,0x592bcf08412e077c7ffaf53126403ec42fe2a92342b45957c596f80774c63bc2,9481644,0x7bcA13DC3cBEeb6157A54436735Ac17264A3A8c8,0xf993E10C83Fe26DddFc6cb5E82444C44201e8a9C,1e-06,0.020000009,confirmed
2025-10-24T17:56:42.075961,ethereum_tx,0x89f7da003ea66bef3485d95329058ae6fc7803f1cb17255d764253c95fb7dd0e,9481644,0xD733eFD5fcD34b7191E529da2aFF2e033722e316,0xb99B03DE77146403B131BA23220a8d0C59C0B327,0.0,0.002000009,confirmed
2025-10-24T17:56:42.075961,ethereum_tx,0x2137ce030348fde557d2f49d37fd4f7834ba35d56cf6fb99d4d9289fb9969f83,9481644,0x83fdEEFdDc2bb45ABE2f5285E87a44f26541d426,0xe4f05C62c09a3ec000a3f3895eFD2Ec9a1A11742,0.0,0.001499995,confirmed
2025-10-24T17:56:42.075961,ethereum_tx,0xbd53dbecda94e38bd2d4148d6214f2f4e6cc0c015591c8e336fd0284c6da4ecc,9481644,0x7e62c5e7Eba41fC8c25e605749C476C0236e0604,0xBdCC405C59ED6075088E600f25DF922d76bCcB64,0.0,0.0013,confirmed
2025-10-24T17:56:42.075961,ethereum_tx,0x723ef6d95ca497e9141f07c8a06f6f3b487dbaf9a670fa375db6562d6385e3eb,9481644,0x2774201Dc99af7Ec8fc914093eAD8Da4d2448B6D,0x1c7D4B196Cb0C7B01d743Fbc6116a902379C7238,0.0,0.0012,confirmed
2025-10-24T17:56:42.075961,ethereum_tx,0x00cb4712a583539b90ad67371822d7f3dbd8e297fbc744ad8618d81d72d8badc,9481644,0x0245E13c034F58aAE019d1f607D13e0Eb738cC4D,0xc6255a594299F1776de376d0509aB5ab875A6E3E,0.0,0.0012,confirmed
2025-10-24T17:56:42.075961,ethereum_tx,0xc7b949397136efba5e4815844bd30599eebe91d5831ca8467ff6cd7398509062,9481644,0xE4765a5D7335DAd51b3058d0b8eDeE540D149a21,0x83458E8Bf8206131Fe5c05127007FA164c0948A2,1e-18,0.001199998,confirmed
2025-10-24T17:56:42.075961,ethereum_tx,0xb5e8876c9b8d012cc8e1cdd2dfa7703c7763fbcde0f345e5cea92d33d48758e3,9481644,0x993a0f3653887078215914BAdCF039263293adD9,0x236Ca005Ff40Dfd1645c0B2EbE3A14c75961F22A,0.05,0.0011,confirmed
2025-10-24T17:56:42.075961,ethereum_tx,0x0c8221555261760d30d4d23fee440e80d153b91fe5b210731f8a332b00d41d40,9481644,0xb3a1956Cff1ecc8054B81b0C83b9847CB71384b8,0xCf8EDB3333Fae73b23f689229F4De6Ac95d1f707,0.0,0.001060008,confirmed
2025-10-24T17:56:42.075961,ethereum_tx,0x8ef3e9f12e944fda7523ef97f06d4ebd22cf9d57ab2f72f09f263c781e10dcd5,9481644,0xb3a1956Cff1ecc8054B81b0C83b9847CB71384b8,0xCf8EDB3333Fae73b23f689229F4De6Ac95d1f707,0.0,0.001060008,confirmed
2025-10-24T17:56:42.075961,ethereum_tx,0xd2984f6ae9121f5b7b6d81f0d886da559f31974d28b49b362856285f676e5f5e,9481644,0xCAA0CaA08168ad6538D3432892699D46628F5266,0x3eDF60dd017aCe33A0220F78741b5581C385A1BA,0.0,0.001052631,confirmed
2025-10-24T17:56:42.075961,ethereum_tx,0x90fc64e33e59a97ce8fd139d48225b98630a9b60e30ac6cb5284b66937ca52de,9481644,0x4eeD906850a96964A633b5424fDa1A61316ED2E3,0x7215691F60C4fA7Bb82c5Ac44c7d57dc32bB0493,0.0,0.001052631,confirmed
2025-10-24T17:56:42.075961,ethereum_tx,0xea399a0f88a5169c606951617705bc0c94d58b9c7a65322102df5ffc9f3dcb0b,9481644,0x7cE347ce7dbf3FC95e1abaa6E9994f4217b03764,0xA73aFb610aC79A729A393D679029fCf9618854AD,0.0,0.001000009,confirmed
2025-10-24T17:56:42.075961,ethereum_tx,0xdf76620703ec99ee0f0766daa48efafe31f40b6f9aaa703767d28e3a253f75e5,9481644,0x1741EB7468A490b4A9BA6f4CC7A47B82EcD65c4c,0xd0dbB2486e3Fbf371D1B2e35Fa330bef6529d2f4,0.0,0.001000009,confirmed
2025-10-24T17:56:42.075961,ethereum_tx,0xd45385abf6c59c56c1ef7d4cadfcd22ba7420c41bede7930eb11966ace1d1146,9481644,0x7941CF82266731e0d13Ea4846E0Bfed147481D75,0x7F83F5cA2AE4206AbFf8a3C3668e88ce5F11C0B5,0.0,0.001000009,confirmed
2025-10-24T17:56:42.075961,ethereum_tx,0xb70effe79f43a3b452207559036435c39a24e0b55afae8eeb882b4d27b407ede,9481644,0x2c2ff804eD59BBE2533e0a8210D5a120414D4c93,0xA73aFb610aC79A729A393D679029fCf9618854AD,0.0,0.001000009,confirmed
2025-10-24T17:56:42.075961,ethereum_tx,0xb58a79de60dcf6c47aedb56504807811f8658a1b758b4521880f617b2f08ef68,9481644,0x8429Cf59F9fE2E746E1Fbef4bd59959e3d8b1c37,0x15B0E3766B144fbB190AeA6F01d8676af20C5aef,0.0,0.001000009,confirmed
2025-10-24T17:56:42.075961,ethereum_tx,0xa86962b930ea5c9348152725f3fe559db2018aa00e18ea2ab7f619a1130f0040,9481644,0x42CDc7598d93aFC4457d4eaAed6D44E2b198002a,0x7F83F5cA2AE4206AbFf8a3C3668e88ce5F11C0B5,0.0,0.001000009,confirmed
2025-10-24T17:56:42.075961,ethereum_tx,0x842338aac08eb1a7133f564567deeaf5e76b22cee771b2c84ab3f992ac9a064e,9481644,0xBf389beCd498E1a07bd011489F6982DbC7E31897,0xFb13dE1C5aC28fc8335Ec5721b06eB4eA6e3897b,0.0,0.001000009,confirmed
2025-10-24T17:56:42.075961,ethereum_tx,0x8379f8cca2af7c900d233e9ee9dc4dbaf10a05c7e7c67f6e0bcb31d70fe5e90b,9481644,0xe036828307C40A1471DBCd55d3BEA3fc57cAC75C,0x0000000000000000000000000000000000000000,1e-05,0.001000009,confirmed
2025-10-24T17:56:42.075961,ethereum_tx,0x74f8084704f8ea3175e02271f92dac07dc1c4a6e8ee249c0486cb9f09f3fa998,9481644,0x81bd3bE2747F3CA334cE6Ef10771a48D1B0De855,0x70b1CD25Aa1DEbEf2BCa0eDbc11228C5EB4dAD0F,336.00002006688146,0.001000009,confirmed
2025-10-24T17:56:42.075961,ethereum_tx,0x5c1e50cf0bd3da6a55303420479967803fb0de87e524e65e4ef99bad0247026d,9481644,0xA2bfAc45e6878fbE04525C23dFbb11fFb224Ea60,0xd0dbB2486e3Fbf371D1B2e35Fa330bef6529d2f4,0.0,0.001000009,confirmed
2025-10-24T17:56:42.075961,ethereum_tx,0x13a299693e1dd6ddb0afdbf09170a2d1cf47efbbfaac0c010b3a74a1e98dc0ac,9481644,0x190c79eFF713Eae2BCcD64DC48eE6080C8C5e178,0x83458E8Bf8206131Fe5c05127007FA164c0948A2,0.0,0.001000009,confirmed
2025-10-24T17:56:42.075961,ethereum_tx,0x13400aa83cdd6063e3b2cbfa675e6cc15b324c34e7d753e36e73d5ece20e0c5b,9481644,0x3Da763C42E438eB17880fB6A83040d6cf13eF03b,0xFf00000000000000000000000000000000042069,0.0,0.001000009,confirmed
2025-10-24T17:56:42.075961,ethereum_tx,0x5b34e9d483567d5f5e843790862782e70780d4cd8629f430b0764dc3f8a085ac,9481644,0x5d72984B2e1170EAA0DA4BC22B25C87729C5EBB3,0xd4116f515A6958da851080B390DDE4B81f408978,0.0,0.001000001,confirmed
2025-10-24T17:56:42.075961,ethereum_tx,0xf970da78829070ce7412903cf47f736db3d2769fba570e6c3785b53ad8ef1faf,9481644,0xa71f14F3eC037D16A71fEE621F8a945DFD6a2D9e,0x956962C34687A954e611A83619ABaA37Ce6bC78A,1e-06,0.001,confirmed
2025-10-24T17:56:42.075961,ethereum_tx,0xf39aab646607bb38366c3bf12b762148921cf6554f7454df62492e761423e94c,9481644,0x333B12caB79e9657c5178a2A67ff2C75124639dc,0x853758425e953739F5438fd6fd0Efe04A477b039,0.0001,0.001,confirmed
2025-10-24T17:56:42.075961,ethereum_tx,0xf16f46d233228587aabf854ea28afee9efa634636eabd9fc6c829b7c3e00981c,9481644,0xDd89a3Eb287F3af484393547595e2ef435ADA2A5,0x08d2b0a37F869FF76BACB5Bab3278E26ab7067B7,6.62e-05,0.001,confirmed
2025-10-24T17:56:42.075961,ethereum_tx,0xf0875904332b9fb9285ef4c09d04a4380c87d5dfcbd57a3551238954bb0ea2a6,9481644,0xB0752cCA8b78aAB13eA9bE15f9C2b88Fd8B6F043,0x956962C34687A954e611A83619ABaA37Ce6bC78A,1e-07,0.001,confirmed
2025-10-24T17:56:42.075961,ethereum_tx,0xf0022e70df20af7ef39029602de08d7e2f9c0ac1a5f1610776bd87e10d097b88,9481644,0xAEAcAf2ad4409572a4e1f27CB615d897d73bB123,0x956962C34687A954e611A83619ABaA37Ce6bC78A,1e-06,0.001,confirmed
2025-10-24T17:56:42.075961,ethereum_tx,0xed0b6043f68c5448fd8165ef9d26ce5de28b3f886a257f464be026cd8061ab61,9481644,0x7fA2EeD0566498049a81E93402C306bc4268D982,0xe8Dd26D2eC505ac7E51740DA84ba2Ce9f01a2431,0.0,0.001,confirmed
2025-10-24T17:56:42.075961,ethereum_tx,0xe97736f2ecd81813dc4d29b311aa122a37ee0a04bb6fbe44c8d84e99d1fb3a0c,9481644,0xeb4Cc837957f18Cb6eB7689e8cd535e3fefC8b87,0xe8Dd26D2eC505ac7E51740DA84ba2Ce9f01a2431,0.0,0.001,confirmed
2025-10-24T17:56:42.075961,ethereum_tx,0xe080bf396459a3bc821a28fd1d09b27e7f8bc07ea98eb8608a9c030928892dc2,9481644,0x3Eb7e47079324f9b270734B179aBBF80448f89cE,0x956962C34687A954e611A83619ABaA37Ce6bC78A,1e-07,0.001,confirmed
2025-10-24T17:56:42.075961,ethereum_tx,0xe040f1016f6b44b14977de0a7895eedf22f62cba5856d0852679c0565368050d,9481644,0x0B0e2673A1CE96a115c2c53e1304eD4640294856,0x08d2b0a37F869FF76BACB5Bab3278E26ab7067B7,2e-06,0.001,confirmed
2025-10-24T17:56:42.075961,ethereum_tx,0xdfb6caae137cefe14312880b17a6b62145197aaf58fa2e9571af8169b7a1f907,9481644,0x18ed535921D819D7DB00B04A7392273905BAB5ce,0x03C66CB1826BDB0395BF31E68Bf7E873e9564fFB,0.0,0.001,confirmed
2025-10-24T17:56:42.075961,ethereum_tx,0xdc7db5209e819a6ffb02839b1c79142845fd36e4ad5720e9ba3903ab0eab1b49,9481644,0x379eDeD50A4F1F2796895619207cC5D0B54D46da,0x853758425e953739F5438fd6fd0Efe04A477b039,0.0001,0.001,confirmed
2025-10-24T17:56:42.075961,ethereum_tx,0xdb30006a898035551ad8eb618533e2cda032558b083f685ce41006916ef257a9,9481644,0x1C9F725bCa5665C9D0C676e88Ec23f47C83DacD1,0x853758425e953739F5438fd6fd0Efe04A477b039,0.0001,0.001,confirmed
2025-10-24T17:56:42.075961,ethereum_tx,0xc489cb4281372f5ee45ce062a31699a78b8ba38586fbaa83efd7059f3bf2a52b,9481644,0x21Aa988Ea66c83083BbB662fcef6f54e782B2286,0x7215691F60C4fA7Bb82c5Ac44c7d57dc32bB0493,0.0,0.001,confirmed
2025-10-24T17:56:42.075961,ethereum_tx,0xb936a69fc893d66a80776a5ade651bfca34579910d70d36dd6426bc721c6a293,9481644,0x5DCa165A3b543Db6EdF586c27b3AFA0998E81552,0x03C66CB1826BDB0395BF31E68Bf7E873e9564fFB,0.0,0.001,confirmed
2025-10-24T17:56:42.075961,ethereum_tx,0xb8e2922372fce41d9222a70e3ab14b9c1e8408de849b16dd173218149c9220c9,9481644,0xBE6eb57b1A6b40296C25C9DB3eDc052362b5620B,0x03C66CB1826BDB0395BF31E68Bf7E873e9564fFB,0.0,0.001,confirmed
2025-10-24T17:56:42.075961,ethereum_tx,0xb68b8b4fd66dd94d41f5481e6a786ccc8d56ecc7cab43907f0dca6ad26e31ee4,9481644,0x1c2ADe017a8AF7229EbAb076f5C3DB41A63fE422,0x41920EFEC334f2bfcb37590579204984bF4f1eA1,0.0,0.001,confirmed
2025-10-24T17:56:42.075961,ethereum_tx,0xb31a9a3f975dcad1ade4d7596b92eaa70a738899f5c780224aca8536dd84891b,9481644,0x64D937858465Adc0247eD3892ca2161ddD071C34,0x2c02c4F3DB094788bdb60C093D96F834F0FB4bcE,0.4773567981399389,0.001,confirmed
2025-10-24T17:56:42.075961,ethereum_tx,0xadf708fa5e5497bd58e5e928eff3f3e16f04148df9d57d5e17e282036b71e01c,9481644,0x9A7Fed4b39a2BcB50908A6EBfd8f303eeb927ef3,0x08d2b0a37F869FF76BACB5Bab3278E26ab7067B7,6.7e-06,0.001,confirmed
2025-10-24T17:56:42.075961,ethereum_tx,0x9a729775cecb0483809ef554fd8ac9ccb6c20d00422885f22d9c5ad574de845c,9481644,0xeBE0d4446A2b20eC7CBED8225116aF05dCE5Ab17,0x956962C34687A954e611A83619ABaA37Ce6bC78A,1e-06,0.001,confirmed
2025-10-24T17:56:42.075961,ethereum_tx,0x96f24aff6c153e329981d2302f47e763a7f97b55425dabccfcfd63ea8c68058b,9481644,0xB22833D458F0AC2576067Dd7dAEfd6c85CCc50FE,0xfB3891926D13501f8bb035B2e608A3130F153C19,1.01e-06,0.001,confirmed
2025-10-24T17:56:42.075961,ethereum_tx,0x8d41c09a71675fabb62ced779c6b22f5599218129b47347a3d07bbd24351f905,9481644,0x7385186BD5Fb2e089FBd6DEd27EAf91DA43e6Bed,0x956962C34687A954e611A83619ABaA37Ce6bC78A,1e-05,0.001,confirmed
2025-10-24T17:56:42.075961,ethereum_tx,0x8abc1f15787566d51a3dbe5ae3cd0c9cd40a7574dd871ce7e25b3ae8166230ba,9481644,0x1b4c21B53CA0C3CC05Bd81D343b87d37bCa7c249,0xF9510FFe7EB562c308B3e46823A235F0282d8e65,1.82e-06,0.001,confirmed
2025-10-24T17:56:42.075961,ethereum_tx,0x7abe8dbbd8692e6b2a0dc5b1240e15980120086a4c3d72850d133b8f00ed6d6a,9481644,0x099BA97a37FA019c064a2517026e3c2Ea8DB9964,0xF6e7F84d9cee738ec59c08B7a7260152C236813a,0.0,0.001,confirmed
2025-10-24T17:56:42.075961,ethereum_tx,0x6eb48dac1fe6e381382d8d487ca8522cf30abc0b9ffb1898c6e18684c9eb6a55,9481644,0x9C8FaA60ac71ad698FA1E9ba77C7F409eF4834cf,0x956962C34687A954e611A83619ABaA37Ce6bC78A,0.000132,0.001,confirmed
2025-10-24T17:56:42.075961,ethereum_tx,0x6ddc9530b2b8d8e53ef2d56b0a98eb0ce3887572889991e145609dd8b92f0ce2,9481644,0xfe6323d0336D8e7BFb1Ce1dD8444580C25Aa6b8c,0x7215691F60C4fA7Bb82c5Ac44c7d57dc32bB0493,0.0,0.001,confirmed
2025-10-24T17:56:42.075961,ethereum_tx,0x60dc845ea8d0740d01b1f768c82f80fc24eb313cd6b2630967c852986712549b,9481644,0x2BFaadCa3865BEf692e68B16A3A655bB3167e004,0x358e500d87F6d4630a8bF2fBDA09298C0873DA18,0.0,0.001,confirmed
2025-10-24T17:56:42.075961,ethereum_tx,0x500d5d9c369d0accb1b9f7e73b6f2770e3ccfab5e36fe8da06d84e4977880bc1,9481644,0xB3C259f1235A50Bd0B8aA2E588648c106F6F3816,0x0215f8e5e81B75799Ae38232420377339d811796,0.0,0.001,confirmed
2025-10-24T17:56:42.075961,ethereum_tx,0x4fe91579099a47f4ea0598ca1df5553e1bc28f49bea81eb47aea8cb1f34af670,9481644,0x9A7Fed4b39a2BcB50908A6EBfd8f303eeb927ef3,0x08d2b0a37F869FF76BACB5Bab3278E26ab7067B7,6.7e-06,0.001,confirmed
2025-10-24T17:56:42.075961,ethereum_tx,0x67453a3a32b656d1613d170ab568fb187676fae36e0f21e2e1b47fdb9dfa1108,9481644,0x9A7Fed4b39a2BcB50908A6EBfd8f303eeb927ef3,0x08d2b0a37F869FF76BACB5Bab3278E26ab7067B7,6.7e-06,0.001,confirmed
2025-10-24T17:56:42.075961,ethereum_tx,0x4cfd60383d94d862d21da5eb69d9fcc707af6daaa044c3c57efdd8d3aa89c8f6,9481644,0x870e884fcD7571D89c79AF26563fC4f1a1309630,0x7215691F60C4fA7Bb82c5Ac44c7d57dc32bB0493,0.0,0.001,confirmed
2025-10-24T17:56:42.075961,ethereum_tx,0x46dc76d2f9c05f6b2534c80b7432883a7f9d857da80cd6523f61c41870b0f54e,9481644,0x32a56721c07250B8a0b4e40f9EFEa26cA7EA8eA3,0x956962C34687A954e611A83619ABaA37Ce6bC78A,3e-06,0.001,confirmed
2025-10-24T17:56:42.075961,ethereum_tx,0x4036686cdfd0501183f76c8580c15797f27d558fbe7f317411af7ae46c3b78c8,9481644,0xdcC8dB3296eA8bAF6a7Ae681f4a47CDfEB1A61bD,0x0dBe699e2DA0c5eB5F232f10CE736022C6c85E53,0.0,0.001,confirmed
2025-10-24T17:56:42.075961,ethereum_tx,0x38f11352c90cc10089e740631caa7ecd7f0ebc65dabe7e6a58b6dc272cd17b0b,9481644,0xcD12Ed9b63603bc9685Cda552c0156d9b297b41F,0x87A3effB84CBE1E4caB6Ab430139eC41d156D55A,0.0,0.001,confirmed
2025-10-24T17:56:42.075961,ethereum_tx,0x34b4b82c95ae4a0c6ecb714f3cbbfebafde8c99e373f2650f6ea15458df2e354,9481644,0x6d50EDC485a5c5C8E57e45994de1C8f8A11A7cee,0xcfD5dDc974005CDfCE04286a4E96a28Bb9366b8c,1.4e-05,0.001,confirmed
2025-10-24T17:56:42.075961,ethereum_tx,0x32eedaee2dc002711688abc0faf7938edde2178a3e51e1c659f358608ac32132,9481644,0xC733786e6ce284081EDd4A0D51a116A6beC127CA,0x08d2b0a37F869FF76BACB5Bab3278E26ab7067B7,2e-05,0.001,confirmed
2025-10-24T17:56:42.075961,ethereum_tx,0x329991c92dc5112a570d2c11bd5e6ebbb608d2422770f130b2cc0b186590813f,9481644,0x4c35ABD9e3A3E7f757b0305780F3DFFB08c615F4,0x853758425e953739F5438fd6fd0Efe04A477b039,0.0001,0.001,confirmed
2025-10-24T17:56:42.075961,ethereum_tx,0x3031d22a1b94c04a8bb977c7764aa3be93cd7d709a571b7155b1d5c357dfa889,9481644,0xCB2154Ea2C2470361442F69EC57E8df772ad4521,0x956962C34687A954e611A83619ABaA37Ce6bC78A,1e-07,0.001,confirmed
2025-10-24T17:56:42.075961,ethereum_tx,0x2dfad671eb5cafc94be665c73f39c87e52c3858c85fa23542f1e3aa6178beee7,9481644,0xE0892DEA93882687F49468Ca8fE0b003d5fCf0e1,0xE3e52c9A4820F278A5EdadeD49A4e220616A70e1,2.499999979,0.001,confirmed
2025-10-24T17:56:42.075961,ethereum_tx,0x2c415c448232044091227a29e613b65c8e66de7279fca16dd5a4da87a732a5c9,9481644,0x41114C874333b7a376593d47816fC230C6eFddE6,0x956962C34687A954e611A83619ABaA37Ce6bC78A,1e-06,0.001,confirmed
2025-10-24T17:56:42.075961,ethereum_tx,0x1d2b72e1e6900e0568ea7a3861ea2e5fc311802e3739a570369cf18d2fa43018,9481644,0x7651ecE47B4856BC330113914610527f56863914,0xb8e2cD67eD66722a8e70ad5dAc817F7CC53136dE,0.0,0.001,confirmed
2025-10-24T17:56:42.075961,ethereum_tx,0x1ba449cb0be84afa04805aa7ebda5a33b4b1b3709858da65b45ab488aa4f3989,9481644,0x1fFD7C562335D06D5439E40Ca3d5c04a708B63A5,0xEA0A0f1EfB1088F4ff0Def03741Cb2C64F89361E,0.0,0.001,confirmed
2025-10-24T17:56:42.075961,ethereum_tx,0x1a74ec5503b621ffda432574beba2a68a2f8d310eb3d305b4625d436ade2b711,9481644,0x10164Aa73bC32eD0a077E91b699200e11004790d,0x956962C34687A954e611A83619ABaA37Ce6bC78A,0.0002,0.001,confirmed
2025-10-24T17:56:42.075961,ethereum_tx,0x19ef70c33c77d414697f9daa0ef662cfc1920f5f76f5e775119d25ef125448d8,9481644,0x2bF78d2268Ed1776E41323D6A5aE694d8c8F7968,0x956962C34687A954e611A83619ABaA37Ce6bC78A,0.0001,0.001,confirmed
2025-10-24T17:56:42.075961,ethereum_tx,0x19bc0f0dbd219111334c38a6fdadcbd98cc1f088da38b815fdc5b70363039506,9481644,0xBe2c3A75f875B4E7B4E9c81EF0fdbe191a6Aa1cE,0x08d2b0a37F869FF76BACB5Bab3278E26ab7067B7,1.1e-05,0.001,confirmed
2025-10-24T17:56:42.075961,ethereum_tx,0x1324c97534050c1aae44243fe6c45900653ba77fc504e5def48f2ddb16d3e044,9481644,0x9A7Fed4b39a2BcB50908A6EBfd8f303eeb927ef3,0x08d2b0a37F869FF76BACB5Bab3278E26ab7067B7,6.7e-06,0.001,confirmed
2025-10-24T17:56:42.075961,ethereum_tx,0x15ab32a9b93b1c40f17d2fa2b6da18cf651f4a775398010cb2cb7a34ea46945b,9481644,0x9A7Fed4b39a2BcB50908A6EBfd8f303eeb927ef3,0x08d2b0a37F869FF76BACB5Bab3278E26ab7067B7,6.7e-06,0.001,confirmed
2025-10-24T17:56:42.075961,ethereum_tx,0x71f9f8f1bff33abe21128b28a13ff824bac4ba1845a6b4a7942d6f731409e1cb,9481644,0x9A7Fed4b39a2BcB50908A6EBfd8f303eeb927ef3,0x08d2b0a37F869FF76BACB5Bab3278E26ab7067B7,6.7e-06,0.001,confirmed
2025-10-24T17:56:42.075961,ethereum_tx,0x11a9fff0cf52aa089feda411698faff5ff413a91ce6d2e1421e39ecbade7c622,9481644,0x5d0df6eFCa2c78d1DC85d7ff34567739C1bcce4A,0x8045a3468E244AD11CE0661afb0340B36B067B87,7.94e-06,0.001,confirmed
2025-10-24T17:56:42.075961,ethereum_tx,0x104bc02b730653f91e76b359fe41cf41d03c516255297af7271b4955a1686bc3,9481644,0x46A22652729ea652c3d1A27Bfa0C58d2da2649dB,0x956962C34687A954e611A83619ABaA37Ce6bC78A,1e-07,0.001,confirmed
2025-10-24T17:56:42.075961,ethereum_tx,0x0834a75cf23dd01b1167e8b528e918a93739456375d4cf448ba15d19c77b0edc,9481644,0xE6e5dA74624884FBa5D34b1304c1B7a501a94b45,0x08d2b0a37F869FF76BACB5Bab3278E26ab7067B7,0.00515,0.001,confirmed
2025-10-24T17:56:42.075961,ethereum_tx,0x07d6154e9801638e577188b2f51a35be9a7246158c72bef2830e41f92943c25c,9481644,0x13CB6AE34A13a0977F4d7101eBc24B87Bb23F0d5,0x0c06B6D4EC451987e8C0B772ffcf7F080c46447A,0.004823852235264459,9e-09,confirmed
2025-10-24T17:56:42.075961,ethereum_tx,0x03612ec5f606984b17349fe863cc875917281ce429072a4cd78276d4ddea36ff,9481645,0xE0aBb074F26a01eE315F4d368B4Fa57559FEf022,0xcA11bde05977b3631167028862bE2a173976CA11,0.0,3.000000009,confirmed
2025-10-24T17:56:42.075961,ethereum_tx,0x19f59a878004015a48c04779ac78bcecac862a1e6147b76b586055323d0ca462,9481645,0x6Cc9397c3B38739daCbfaA68EaD5F5D77Ba5F455,0xE26EdfB107b64FBf28538A45E05289c304098598,1.57805461,2.000000009,confirmed
2025-10-24T17:56:42.075961,ethereum_tx,0x0f159ace5d5a4f3479d749ed06705a8c7736aae63c0ff1dc61b517781e69550e,9481645,0x6Cc9397c3B38739daCbfaA68EaD5F5D77Ba5F455,0xE639249289150569C14B6C438a6e382840A3bf63,2.5,2.000000009,confirmed
2025-10-24T17:56:42.075961,ethereum_tx,0x126e5114f1a93db84d66f56c56c5f3fb52351c70d4e3a757c1d1bcd185438996,9481645,0xe7F38E2D57a0eA80240B5E65A69AF66812CbCd0C,0x207127488D650d89376DfA94EE53b4Bc00D59D23,0.01,2.0,confirmed
2025-10-24T17:56:42.075961,ethereum_tx,0x9272e5b80218e00ece62344b72a53e82db51edf960dab5af7b0572184190acbd,9481645,0x53646D2A54dF1dcA4Ea2Ac66A6279f91C976dF56,0x0b27Ca7e1DE0c405a2AD9aE12190BF113eB96838,0.0,1.500000009,confirmed
2025-10-24T17:56:42.075961,ethereum_tx,0xf3b31e713f4c8a557ea3e2dd4a8702de1dba7882655cb869344c2fa6d6c87033,9481645,0x32aAA283D9ee4af82Dca619daBC1bec87D209536,0xCaC524BcA292aaade2DF8A05cC58F0a65B1B3bB9,0.0,1.500000009,confirmed
2025-10-24T17:56:42.075961,ethereum_tx,0x98cf559b655c70f40a072e1d972733e4de5f12d01e6b3f385347a1f921b38a16,9481645,0xFBa2583898Ae86A13dA4F46c4Fa12C0851e731F1,0x57c5dC670eB6f571bDD8Fc1CF178c46c9A917A74,0.0,1.5,confirmed
2025-10-24T17:56:42.075961,ethereum_tx,0x1db758157d258730674beecf657b3efe16e6fd7f6ab2d1599277c4d63a713ace,9481645,0x43CCB72DCC242bD3f5990b1683E79Fc89a41efA6,0x2A4496bbC344414e3bDbE6a8E7c40EF007DAeEd1,0.0,1.5,confirmed
2025-10-24T17:56:42.075961,ethereum_tx,0x2439e222533ae6edb10d9fe71653e349322e62919ef1ed28dcddea76d9af5458,9481645,0xc39Ab29406cf7F5e6eD12320B667F5A26ce9127b,0x25b8de75E9Fe9bC98901Ce2fAc5A021CcB303fdf,1.01e-05,1.5,confirmed
2025-10-24T17:56:42.075961,ethereum_tx,0x541055b024e392947bd0cd17655a9230697de199831f2e1821474744b04f0eab,9481645,0x923CB3186eaD11AE655258875dC9fa96189A2426,0x2A4496bbC344414e3bDbE6a8E7c40EF007DAeEd1,0.0,1.5,confirmed
2025-10-24T17:56:42.075961,ethereum_tx,0xa46f73d80e6095ac4bbcaf32c610f39a19c94fc907265ab7fbbff607a49cb371,9481645,0xF0FEd0C0192539a1076d8BDa1233f414704d98Be,0x00D22efF04CF7d0f5A355A6D9A06E43120398dA6,0.0,1.000000009,confirmed
2025-10-24T17:56:42.075961,ethereum_tx,0xcf00fc01fde91fa1436752a9d4bb59785a9da706118c60258aad19c7e9459117,9481645,0x81D8061076ba0A19c110b5BFf2b9Dd03F8446aa1,0x9d2D950Ff3EE1B75875b8C0FA318644f437924C8,0.0,1.000000009,confirmed
2025-10-24T17:56:42.075961,ethereum_tx,0x57b8a89412ccfd574deea481cf6593a563f16a20d8db0763deb66822d598a061,9481645,0x251B0Dc2f8dE5017423674Ba9A15dEfe0ba07F04,0xF24ad7ebbe408558e5CD84Fc15bA8E3430D202e3,0.0,1.000000009,confirmed
2025-10-24T17:56:42.075961,ethereum_tx,0x78bd5abbdfc791a6c7b0d6896e74d7fb888b2f891aabf190085cd4e68a013f6c,9481645,0xc4B70799e45eBe99A350C6aB12c983b933853494,0xA150b0fA5316a32a5Fa941176581BB012Ae6BCd9,0.0,1.000000009,confirmed
2025-10-24T17:56:42.075961,ethereum_tx,0x69cb376f6df978a0ff338d602b40eca193e1a1a5cc4bf5458b29b7e317ba7601,9481645,0xBfC0ecA4E0194889aeFaBDbdC1FE5d5E00eD7894,0x27713d08E5De2C630332eb7E44E3dF5f18922e93,0.0,1.000000009,confirmed
2025-10-24T17:56:42.075961,ethereum_tx,0xf2497cef2d1ee2005c54820b9daafd2e3f6d21dcb388cc02fa9a489d41c66253,9481645,0xa73a1C9b110D3092fED30CF3b64470DcB0FE6e6C,0x970BA663477ab48025727E29c79ca971daF213f2,0.05,1.000000009,confirmed
2025-10-24T17:56:42.075961,ethereum_tx,0x11d2758f4cd16f6695b06ded33912cb297cafd35af338f791f7639185aef69e9,9481645,0x7Dd0FB0877da5C00fdacdF69cf51C1229Fa18924,0x1D15a66521BdB3043335734039D428f97bAb3f7e,0.0,1.000000009,confirmed
2025-10-24T17:56:42.075961,ethereum_tx,0x3a967ed8a3730f93af5bed25e93fc43027a57e4129158093c1f8ddee88b9929b,9481645,0xB26AfF6119eF4e908AC3a9DfdD4b0d24E0E15D13,0x7E38a259C353e72eEd3F5136c6E6534eb15C7199,0.0,1.000000009,confirmed
2025-10-24T17:56:42.075961,ethereum_tx,0xcb2caa512d923e90b0166c78e6017c597bc6110497fdcac54ed0d54807633ad3,9481645,0x8c501130e81E5Cb7D7bFEA95B0B64445a727c9F6,0x00850cff8A032F7bb3C38198C74253e5D9Ba346b,0.0,1.000000009,confirmed
2025-10-24T17:56:42.075961,ethereum_tx,0xf92aa75f23db6bac87ebabfb33650bd3a44274d51ca9e1236adcfc1a79db90c6,9481645,0xA8427088AB90Da02E40deFF559510bCB0f1CD11b,0x6e683f1ae013Be5426EE7e394cae4f7836619c05,0.001,0.200000009,confirmed
2025-10-24T17:56:42.075961,ethereum_tx,0xaf31084a5763524b3c3218ba030ae08199c3849eb121b0e707d0e43d5640ad4c,9481645,0xA8427088AB90Da02E40deFF559510bCB0f1CD11b,0x4c48843bA41961262F6449e5d21fE0759DeB8c31,0.001,0.200000009,confirmed
2025-10-24T17:56:42.075961,ethereum_tx,0x02ec23ae51939be62bc94cc3d7b041ca7f33d1c93cc723042066a5717cdf53cb,9481645,0xA8427088AB90Da02E40deFF559510bCB0f1CD11b,0x79ce30e036A1a3A9b2C6960eAa552892ca8aF4fd,0.001,0.200000009,confirmed
2025-10-24T17:56:42.075961,ethereum_tx,0xe07ea4f9e1d7b9cc89a8756b0207fa8246338826c48b3067047374838132fc7d,9481645,0xA8427088AB90Da02E40deFF559510bCB0f1CD11b,0x164CcBa528d0a7d53ec6370af5D70Fb4D47993EF,0.001,0.200000009,confirmed
2025-10-24T17:56:42.075961,ethereum_tx,0x20b647e6285d80b0916d515fa3ea8aece23638f7fd7a0e3c10220d066bb13e43,9481645,0xA8427088AB90Da02E40deFF559510bCB0f1CD11b,0x4F0b405Eca6Fd480494F84c7504549e4718b8784,0.001,0.200000009,confirmed
2025-10-24T17:56:42.075961,ethereum_tx,0x8aa2186e0b01bca70b1a00cbdf914cac650bc17fd35443eac7ce9c2167963a37,9481645,0xA8427088AB90Da02E40deFF559510bCB0f1CD11b,0xFD8158b4feFf7A4b5b19Dd5814BFd7360d4216Fd,0.001,0.200000009,confirmed
2025-10-24T17:56:42.075961,ethereum_tx,0xd9c8e4b0109f776cc1bb61e0caa23af9918671296c9c09039413190efb7bea41,9481645,0xA8427088AB90Da02E40deFF559510bCB0f1CD11b,0x507b253B24F7a27F0D3329bF166e526e2185De95,0.001,0.200000009,confirmed
2025-10-24T17:56:42.075961,ethereum_tx,0xb4a38505bd07645095e2f00a088d6424a4e3524ec06773255bd4468fff6deba9,9481645,0xA8427088AB90Da02E40deFF559510bCB0f1CD11b,0x32640cF6d83910fe2921A50316A2A6289d4087A3,0.001,0.200000009,confirmed
2025-10-24T17:56:42.075961,ethereum_tx,0xbf05a552a6200acfd1aa135e303f63a999f137879358f68fe8b0585d3cf0631b,9481645,0xA8427088AB90Da02E40deFF559510bCB0f1CD11b,0xe9aFfD80643ED192f6139ed367F1df0EB11e4C7E,0.001,0.200000009,confirmed
2025-10-24T17:56:42.075961,ethereum_tx,0xfe66229c6de5ab35243053582c5bd9dbfe45624e6458c85157f47b3d0f400151,9481645,0xA8427088AB90Da02E40deFF559510bCB0f1CD11b,0x0D44c09dbBB519D6826CBa81A9dB9942AA371D0e,0.001,0.200000009,confirmed
2025-10-24T17:56:42.075961,ethereum_tx,0x32bb277bad3d910ce8e6e3736efbc403a78845e81dd544752e4df859e9825a6c,9481645,0xA8427088AB90Da02E40deFF559510bCB0f1CD11b,0xebe5FC171d8d092513A85BFD7F6463AaB6dfB310,0.001,0.200000009,confirmed
2025-10-24T17:56:42.075961,ethereum_tx,0xd119517b2ed73551557dd0ffef80afe6992f16f5c9441fe781984412942b9631,9481645,0xA8427088AB90Da02E40deFF559510bCB0f1CD11b,0xE42d95438E1C24264e59Ce64758f5979F1e8E859,0.001,0.200000009,confirmed
2025-10-24T17:56:42.075961,ethereum_tx,0x9e744f7fbd2e47cd191e2e9c67265b12175c610bbf21daa78b04780cc4d90fe8,9481645,0xA8427088AB90Da02E40deFF559510bCB0f1CD11b,0x5C51F5AcD95200a6A85aFB4C4E3406878472ba08,0.001,0.200000009,confirmed
2025-10-24T17:56:42.075961,ethereum_tx,0x0a0aebd5175b21c253bfd933cf30ec2baf8dd41d6f1b0d2e55f90d8e3998456d,9481645,0xA8427088AB90Da02E40deFF559510bCB0f1CD11b,0x00B6a013bad4fb31590A5002D94c968c65B6e138,0.001,0.200000009,confirmed
2025-10-24T17:56:42.075961,ethereum_tx,0xe9ddeb6d898bcceb96c9fd2682464f534b43e1e9ac8cdbe5a9ede1dd09549296,9481645,0xA8427088AB90Da02E40deFF559510bCB0f1CD11b,0x7c03A2b4f87978257D2D999dDdC43beE738f5e35,0.001,0.200000009,confirmed
2025-10-24T17:56:42.075961,ethereum_tx,0xbd38bcc1c73958f4194473c72833c0fd2c939c68da3c25222b76b687016e38c1,9481645,0xA8427088AB90Da02E40deFF559510bCB0f1CD11b,0xab611e4A07BC92e9160faf3951E1389e6B7c49a7,0.001,0.200000009,confirmed
2025-10-24T17:56:42.075961,ethereum_tx,0xf2f4ac0afb3b412b9bf1c149401b892c4e10ca78667b0f7a630d2d6fbda5ad9a,9481645,0x69dEa948b0E78951f529E3c67D8Fbf151Dc229D5,0x46FF4A07912BBcC95329aCdC521B3E6B8F8e2Dc3,0.001,0.200000009,confirmed
2025-10-24T17:56:42.075961,ethereum_tx,0xf2e55a636220354d7db79685a0eb1628238f5af55e36e196ca27bb8553bbadfe,9481645,0xDbf3E11a3Ccf7533262caE904Dd2120628a5f955,0x0aCBA522B61B42473adFf0BBF3Cf1Effc8806Aac,0.001,0.200000009,confirmed
2025-10-24T17:56:42.075961,ethereum_tx,0x475f2bde1748d968b8a6e6c55a4b818c8c462db4221c6ed04ecfdc13722ec787,9481645,0xDbf3E11a3Ccf7533262caE904Dd2120628a5f955,0x37960E62cfAc522636978E10b494F544AE65f757,0.001,0.200000009,confirmed
2025-10-24T17:56:42.075961,ethereum_tx,0x8c84daa660018e3e678dc4ccb3f7db20646d774d0ea94d673bd13cc34620729e,9481645,0xAB836B4D1FeEbD72040fC3FDa22A44F80b41De79,0x5c32A56626396D665ea0A976052a6800e6E6d0DD,0.001,0.200000009,confirmed
2025-10-24T17:56:42.075961,ethereum_tx,0x23eec434eb5b9cd9cfdaba7c97455d3fdccc9abfa0badfeec4916730388f4e49,9481645,0x2D2059ba39F02E2eF871829dAD0F60a9De1071af,0x5FF137D4b0FDCD49DcA30c7CF57E578a026d2789,0.0,0.100000009,confirmed
2025-10-24T17:56:42.075961,ethereum_tx,0xd549db391cb2875ab3fd2a123c053c11289e19dcd27a9d9fc89d224826ac94ee,9481645,0x7d8D32bDc62560b8681b9b95FFB41937e4a12413,0xC0b40aDbbFDe40366fa34670E1B67E9bBcC90c0B,0.0,0.050000009,confirmed
2025-10-24T17:56:42.075961,ethereum_tx,0x70672f543b639d38c74fcc63a65773b995c25fcb60785f188547b17f15844273,9481645,0xb689CCF400b87d2bC86A05F9C5EFC6F422B2904D,0xf993E10C83Fe26DddFc6cb5E82444C44201e8a9C,1e-06,0.020000009,confirmed
2025-10-24T17:56:42.075961,ethereum_tx,0x60d9fae13bc2c41a27b84a9f397721b9454e8acf10e6f7462fd079ca1e6ae8cb,9481645,0xd3b9d8e0E38f5B31ac1cCF61500a90E1152130d3,0xf993E10C83Fe26DddFc6cb5E82444C44201e8a9C,1e-06,0.020000009,confirmed
2025-10-24T17:56:42.075961,ethereum_tx,0xa068472ac2dcaefea830cabd3cb2d4cf8681b711b9ca9847026930bc9434966e,9481645,0x60b480Bea1ED7402c2B63cFeDe595602FbB531fa,0xf993E10C83Fe26DddFc6cb5E82444C44201e8a9C,1e-06,0.020000009,confirmed
2025-10-24T17:56:42.075961,ethereum_tx,0xd18daf5f4a6846f8f53d8348b00b29a78ec9f6ce870fa4f2880df3c859328069,9481645,0x51a7C57d5d8A66Ff786baCDD10Bb098Ad5aE00F7,0xf993E10C83Fe26DddFc6cb5E82444C44201e8a9C,1e-06,0.020000009,confirmed
2025-10-24T17:56:42.075961,ethereum_tx,0x4f4031cc1fbde03321592c8fa445e9fef04934278438f60a5e3425f25235f584,9481645,0x6A610dc9C989999174d573Db6c8CD8beB4fEB997,0x956962C34687A954e611A83619ABaA37Ce6bC78A,2.2435789396131e-05,0.0015,confirmed
2025-10-24T17:56:42.075961,ethereum_tx,0x6e965e1a7894f711ccff2d2913e2e33459d1178e9a3647d95c51326d83220a1a,9481645,0xfC5A99864e9519CEe393d04b1352C39B6E8aB4E6,0x956962C34687A954e611A83619ABaA37Ce6bC78A,2.398344572461e-06,0.0015,confirmed
2025-10-24T17:56:42.075961,ethereum_tx,0xb775686624bb131d861b84a4bd5046b320ef25c70ac25bb3bf0cc6a0fb1f75e3,9481645,0x6d7927C0D236388319864007681BC0C6b844Def8,0x12e1181a741b70BE6A9D81f85af3E92B6ba41897,0.0,0.0013,confirmed
2025-10-24T17:56:42.075961,ethereum_tx,0x0a5947564631e6c4d531b083083f511de9012b8046487c506641e29b81720f68,9481645,0xBd924Fd31b960C2a1fd261F952B304b13A6922F1,0x403dE630751e148bD71BFFcE762E5667C0825399,0.0,0.0011,confirmed
2025-10-24T17:56:42.075961,ethereum_tx,0x07a25a2370e0a9be6f21e35c0f4de764e227d23ae5a625113f0fb515474f56c7,9481645,0xF3259058C7509deeb1DE67aeECD6A8cbbB4279Df,0xb99B03DE77146403B131BA23220a8d0C59C0B327,0.0,0.001099999,confirmed
2025-10-24T17:56:42.075961,ethereum_tx,0xa23fb57382849c8a6e33327e57d16720d31588b8d382b2f8a3efa91bb39d05e7,9481645,0x715d1084b1237Ba6a61447890F282E2505471EEC,0xb5A49949C49dEDD852F9f0f419b17aD2785032db,0.0,0.001066676,confirmed
2025-10-24T17:56:42.075961,ethereum_tx,0xade538744d17578694f11936de5d502703b919d7e839b61d16a67d877517576c,9481645,0xb3a1956Cff1ecc8054B81b0C83b9847CB71384b8,0xCf8EDB3333Fae73b23f689229F4De6Ac95d1f707,0.0,0.001060008,confirmed
2025-10-24T17:56:42.075961,ethereum_tx,0xab73595a32d75236ccae831cfe8b48ef749110fbddb69fa14814027185f86865,9481645,0xb3a1956Cff1ecc8054B81b0C83b9847CB71384b8,0xCf8EDB3333Fae73b23f689229F4De6Ac95d1f707,0.0,0.001060008,confirmed
2025-10-24T17:56:42.075961,ethereum_tx,0x595bf0712b1025ff2356b20cad2696dbc67fd7ddbae0a9c32325de1bba7b5e35,9481645,0xb3a1956Cff1ecc8054B81b0C83b9847CB71384b8,0xCf8EDB3333Fae73b23f689229F4De6Ac95d1f707,0.0,0.001060008,confirmed
2025-10-24T17:56:42.075961,ethereum_tx,0xc3cea1424cf82b8148d09a324d88830bced48f48794694c42b4045adf164324e,9481645,0xb3a1956Cff1ecc8054B81b0C83b9847CB71384b8,0xCf8EDB3333Fae73b23f689229F4De6Ac95d1f707,0.0,0.001060008,confirmed
2025-10-24T17:56:42.075961,ethereum_tx,0x1dcfa355b210faa48688180ccf9c535d90c8f4f2e1ca073409922eca78337d89,9481645,0xb3a1956Cff1ecc8054B81b0C83b9847CB71384b8,0xCf8EDB3333Fae73b23f689229F4De6Ac95d1f707,0.0,0.001060008,confirmed
2025-10-24T17:56:42.075961,ethereum_tx,0xeaa71d26843bff24e3a2ca9ce45debaedb5e46a3817a7c97a370152f6478a0c2,9481645,0xcd8E51C18C8D160246b29Ecc6A1b2467F7Ad5792,0x7215691F60C4fA7Bb82c5Ac44c7d57dc32bB0493,0.0,0.001052631,confirmed
2025-10-24T17:56:42.075961,ethereum_tx,0xff24074a2f48648e961b37678b1b817e19ceeaf550f08c22161bb1f65504a167,9481645,0x61d8838f9A00250C9AF13D622DA7c08c372ee587,0xCf8EDB3333Fae73b23f689229F4De6Ac95d1f707,0.0,0.001050007,confirmed
2025-10-24T17:56:42.075961,ethereum_tx,0x0b75df545489897dc83452f730212e4e72c8f1b4030bb23e2e07e488c5d8fba0,9481645,0x49c36b3BEc6b6e0e77305273FAFC68f479630535,0xd0dbB2486e3Fbf371D1B2e35Fa330bef6529d2f4,0.0,0.001000009,confirmed
2025-10-24T17:56:42.075961,ethereum_tx,0x5e9f0e99b4dd38488ac628df99258f5aaaeacd0ba975c5488ae142ad76a2e30f,9481645,0x056A1275DD670205aba10D8fC9bB597777a65030,0xd0dbB2486e3Fbf371D1B2e35Fa330bef6529d2f4,0.0,0.001000009,confirmed
2025-10-24T17:56:42.075961,ethereum_tx,0x999d765dcbc3f8c48992e67279e305815e5b7ca610e7e3eb71dbcb1de76cf1b9,9481645,0x42CDc7598d93aFC4457d4eaAed6D44E2b198002a,0x7F83F5cA2AE4206AbFf8a3C3668e88ce5F11C0B5,0.0,0.001000009,confirmed
2025-10-24T17:56:42.075961,ethereum_tx,0xc0152e81b3ccb5b8f4207eaeb34241028b95af7554e86d8bc4f73dd58293eaa2,9481645,0x49c36b3BEc6b6e0e77305273FAFC68f479630535,0xd0dbB2486e3Fbf371D1B2e35Fa330bef6529d2f4,0.0,0.001000009,confirmed
2025-10-24T17:56:42.075961,ethereum_tx,0x422dd97eb343a77738cc5bdd386cfd363823575285068fd66ae341dd05d219bf,9481645,0x2a94Eacf637B9D27E3d27FD76CeE0D331bC7a701,0xF8344CFd5c43616a4366C34E3EEE75af79a74482,0.0,0.001000009,confirmed
2025-10-24T17:56:42.075961,ethereum_tx,0x3328a3b9036f0181906326ad45442d6718a79206c72d6746f4f1cfe6054e1dde,9481645,0xDB9DE209C276E14bd36aAc18A1f551e09586e8Ba,0xF8344CFd5c43616a4366C34E3EEE75af79a74482,0.0,0.001000009,confirmed
2025-10-24T17:56:42.075961,ethereum_tx,0x21254dd07e0ec996db074e116b65be841d97a1004242305840abb30c21fdaaab,9481645,0x0816485BFF8571d05Fa81fd6089e2D91Ade4D618,0xF8344CFd5c43616a4366C34E3EEE75af79a74482,0.0,0.001000009,confirmed
2025-10-24T17:56:42.075961,ethereum_tx,0x979e5c96ddb82bc8408e088457bdecfede9728e9e34fa3cca67195ee5ee24280,9481645,0x02e15Ba3104022f4B6741f883d0cC8C27F6ED203,0xF8344CFd5c43616a4366C34E3EEE75af79a74482,0.0,0.001000009,confirmed
2025-10-24T17:56:42.075961,ethereum_tx,0xaeb53ac88b64de7dfa73e610b6b59014813cbefa3c7f5d71831de2f7d229bf3e,9481645,0xFfe4a49Dfa57aB92993Df36a4983F2F968159c1c,0xF8344CFd5c43616a4366C34E3EEE75af79a74482,0.0,0.001000009,confirmed
2025-10-24T17:56:42.075961,ethereum_tx,0x78a8dc2a1e79dfa55068ea9bbb9eeffa18058647f38f3d176c7251198e80a6d4,9481645,0x30C796936FF5AC6aC28878B581BCe64A6C3eF43a,0xF8344CFd5c43616a4366C34E3EEE75af79a74482,0.0,0.001000009,confirmed
2025-10-24T17:56:42.075961,ethereum_tx,0x703c7ed7681e00854e29b2ab81b76099c1ede020b56f65241273c60911d17496,9481645,0xe036828307C40A1471DBCd55d3BEA3fc57cAC75C,0x0000000000000000000000000000000000000000,1e-05,0.001000009,confirmed
2025-10-24T17:56:42.075961,ethereum_tx,0x6fdd747489536d6c2bd45ead3a2c912e4cd3f1443e1fdf1d1c2d0b8fcb0953e2,9481645,0x3846d5Cf02ed328C9aBF483A6075437B2A3b3720,0xF8344CFd5c43616a4366C34E3EEE75af79a74482,0.0,0.001000009,confirmed
2025-10-24T17:56:42.075961,ethereum_tx,0x9b94cd17ec1adbec30700c04e63911750363563d4cf82b16594242b088376900,9481645,0xDB9DE209C276E14bd36aAc18A1f551e09586e8Ba,0xF8344CFd5c43616a4366C34E3EEE75af79a74482,0.0,0.001000009,confirmed
2025-10-24T17:56:42.075961,ethereum_tx,0x11affe9b2ed2d69f6e2d59c9cf8fde8a853d387a81cbd32bc83b1cf40db82c13,9481645,0x0816485BFF8571d05Fa81fd6089e2D91Ade4D618,0xF8344CFd5c43616a4366C34E3EEE75af79a74482,0.0,0.001000009,confirmed
2025-10-24T17:56:42.075961,ethereum_tx,0x1e4318699ec33e332354b6d0d27666a9bd558e587f48a32ebe0902da87354f79,9481645,0x2a94Eacf637B9D27E3d27FD76CeE0D331bC7a701,0xF8344CFd5c43616a4366C34E3EEE75af79a74482,0.0,0.001000009,confirmed
2025-10-24T17:56:42.075961,ethereum_tx,0x5d4e24ab785bc012a84ea1c0f9ec514bf327561e736e78c9dd1ce8f0dd1760d7,9481645,0x02e15Ba3104022f4B6741f883d0cC8C27F6ED203,0xF8344CFd5c43616a4366C34E3EEE75af79a74482,0.0,0.001000009,confirmed
2025-10-24T17:56:42.075961,ethereum_tx,0xe9eaa3f005bb5b1e4c14023a2cfa9032bb8e81055fad327df2704aa293eb0869,9481645,0xFfe4a49Dfa57aB92993Df36a4983F2F968159c1c,0xF8344CFd5c43616a4366C34E3EEE75af79a74482,0.0,0.001000009,confirmed
2025-10-24T17:56:42.075961,ethereum_tx,0x079fbc5651ca3f813866c2635755016c5e6368e1cf3a2941f1aece14c23c9d7f,9481645,0x3846d5Cf02ed328C9aBF483A6075437B2A3b3720,0xF8344CFd5c43616a4366C34E3EEE75af79a74482,0.0,0.001000009,confirmed
2025-10-24T17:56:42.075961,ethereum_tx,0x44f7ea36dd0b7f5763642c96f4b266fbfe8f65a121d84aaba7ad24fe6c69fad2,9481645,0x30C796936FF5AC6aC28878B581BCe64A6C3eF43a,0xF8344CFd5c43616a4366C34E3EEE75af79a74482,0.0,0.001000009,confirmed
2025-10-24T17:56:42.075961,ethereum_tx,0x239476038ad06970b998da8fe4df1255d89e5b28608f08d86ca3b25cff1a9fe8,9481645,0x83359747324E83eAAa596C7414D80365Bd75438A,0x1c7D4B196Cb0C7B01d743Fbc6116a902379C7238,0.0,0.001000009,confirmed
2025-10-24T17:56:42.075961,ethereum_tx,0x4a59ce231c4b1c4b3a332c36f3ef1a0b19cf2781fcef074f75386e18ef5e5928,9481645,0x7cE347ce7dbf3FC95e1abaa6E9994f4217b03764,0xA73aFb610aC79A729A393D679029fCf9618854AD,0.0,0.001000009,confirmed
2025-10-24T17:56:42.075961,ethereum_tx,0x2ba7f0ce58a6d0ab45b255957a188db75aaf00b52e5209062e99a4532f4d1f40,9481645,0x207D430716d4F12e7e6d9acB39BbC73fD4cB4E1C,0xA73aFb610aC79A729A393D679029fCf9618854AD,0.0,0.001000009,confirmed
2025-10-24T17:56:42.075961,ethereum_tx,0x5dd4f3f3bb04be871670037560d54802841224142659efe44f4165f0233ec2fe,9481645,0xB495d5633c68Ca45A5Cc5B5D2c898976644377D2,,0.0,0.001000009,confirmed
2025-10-24T17:56:42.075961,ethereum_tx,0xf20eda26e173c059ef2ebcdd80173e7fa1e4177d848ef4c9f03b6bcf351ae125,9481645,0xBf389beCd498E1a07bd011489F6982DbC7E31897,0x1c7D4B196Cb0C7B01d743Fbc6116a902379C7238,0.0,0.001000009,confirmed
2025-10-24T17:56:42.075961,ethereum_tx,0xd5f53d05ce3eafc7441f02664545794796d2fab3c8ae06af4bfe6b532866bdb9,9481646,0xCAe48CC52Cb22Fea40077434DBDd3BbA56eE1A03,0x000D51c298a9B0AcbDa440e1dd2E0812d7790e3f,0.0,2.000000009,confirmed
2025-10-24T17:56:42.075961,ethereum_tx,0x5580a3467bc3dbe77e4c9de744c3f5b80c0d6423b14fbaae0e61e7ec72b73a26,9481646,0x0632215e32658508fC985BB80f22eE71377F7aAE,0xFF00000000000000000000000000000000743111,0.0,1.000000009,confirmed
2025-10-24T17:56:42.075961,ethereum_tx,0x1b5c6fdc64eb6265de620ece6d50f0a0dd098b84fb6f003e276532bce0b354c1,9481646,0xbE3dF12B0C3D0bFe851fc7924d27B484CddA68bD,0x003B17604a7BF08f15b52bc25e988213BeaAFB7B,0.0,1.000000009,confirmed
2025-10-24T17:56:42.075961,ethereum_tx,0xf0558ab525f7cde8f3fefd7a92f5b0052093a4e9d0a5546a5dce8e8c8f15049d,9481646,0x8F1E77a0CAE364c7B583690D76F2758d3Cd7bF1b,0x7b79995e5f793A07Bc00c21412e50Ecae098E7f9,0.0,2.500000009,confirmed
2025-10-24T17:56:42.075961,ethereum_tx,0xb2a748f23b815d60671fd6d0f6d5e940fb763bcc45c21c669402f6b84af5b9c4,9481646,0xe7F38E2D57a0eA80240B5E65A69AF66812CbCd0C,0x12dAFEaC24Ba449Fa3b8A02f637CDf46b63E9675,0.01,2.0,confirmed
2025-10-24T17:56:42.075961,ethereum_tx,0x394c5ca1964772f4abe432f3b1b7ba65791762f395a40ae074816d2f9f2a8d6e,9481646,0x7dBF79e95e773Db267082a4195d68CA9754c5C12,0x779877A7B0D9E8603169DdbD7836e478b4624789,0.0,1.500000009,confirmed
2025-10-24T17:56:42.075961,ethereum_tx,0x8c252a69d2b09a1a1aeaa0cafef99da94de752f23eb70e85a2e22f1cea93ee45,9481646,0xb2b7D2658443956aD22f05F4633e41858BdaECeB,0xBC04d69Ecd7890699b2BE7924eA86474e15098E6,0.599968499999832,1.500000009,confirmed
2025-10-24T17:56:42.075961,ethereum_tx,0x22bc8b407f90f49b40a0be2130e6bc4100c71d4e1630908d21f1e7b694f04540,9481646,0x6F641eCB0aBBa9242599CC52b6D47f9454Cd5532,0x29f2D40B0605204364af54EC677bD022dA425d03,0.0,1.500000009,confirmed
2025-10-24T17:56:42.075961,ethereum_tx,0xf75a956212bfc0077431e7f9e0d06df0927f06e8a05da6c83a68980bbea287d8,9481646,0x32aAA283D9ee4af82Dca619daBC1bec87D209536,0xE896c58D65A78ca74D9473791eA6555908DF3760,0.0,1.500000009,confirmed
2025-10-24T17:56:42.075961,ethereum_tx,0x2f8fe163c663560c2612191e097729da777aeafd8460e202ec70bb131deb2831,9481646,0x36a3F6085732B0835c7A1EE4A681361d57920671,0x2A4496bbC344414e3bDbE6a8E7c40EF007DAeEd1,0.0,1.5,confirmed
2025-10-24T17:56:42.075961,ethereum_tx,0x69afba374229c9addcef4e18111de1aaff442acc9f5bd98aed431f76b42ae823,9481646,0x8CFC2644e690D45709B9B8FC87B055c1771dD8FD,0x2A4496bbC344414e3bDbE6a8E7c40EF007DAeEd1,0.0,1.5,confirmed
2025-10-24T17:56:42.075961,ethereum_tx,0x1542638fe3cf196ce3b7b522f239a71f3f2283cb2541571df6fddd5d221749aa,9481646,0xc2BABA1704748f0cC39df50e21454fBF362AB43e,0x57c5dC670eB6f571bDD8Fc1CF178c46c9A917A74,0.0,1.5,confirmed
2025-10-24T17:56:42.075961,ethereum_tx,0x40c7478b180ed083db7ba8844a68a1a4a58f6a7af4db68c6b6895e0cca7adffb,9481646,0xb0225F83f6DC5ac3ea3a69920A3e354A5c973489,0x2A4496bbC344414e3bDbE6a8E7c40EF007DAeEd1,0.0,1.5,confirmed
2025-10-24T17:56:42.075961,ethereum_tx,0x71d93b96706ffd8c8026bdc2b1dc607d4f5623c6c43998bccdc339b05d6245e8,9481646,0x275825447F8D5C145F07ecE6Dfc08E3C0da5AbCe,0x2A4496bbC344414e3bDbE6a8E7c40EF007DAeEd1,0.0,1.5,confirmed
2025-10-24T17:56:42.075961,ethereum_tx,0xfebd20fef4b756ef35eeedf9946e5b67351039f122aab3253c9d983911d4fd20,9481646,0x3965173254Ee7060b34f96e083046fbEf43CBC60,0x2A4496bbC344414e3bDbE6a8E7c40EF007DAeEd1,0.0,1.5,confirmed
2025-10-24T17:56:42.075961,ethereum_tx,0x2820373244b647c5b306dcbf786675b82b9976340e91a462500de38c28ac7884,9481646,0x92368F34D8440CEC9648695Ba3A65114A3AC578A,0x6E3aE938301c7c0Ac1bd206d6A9eAb02C012288d,0.0,1.000000009,confirmed
2025-10-24T17:56:42.075961,ethereum_tx,0xb0d3d7e1664373f97ce3b78e844553c6b629cb7219dbba1dfe94e33482396f28,9481646,0x001C124488545022f32c963CAFA2CEf7fCb2796F,0x5627B89Ec33CEce4D22Cf99d6C775490de31d18D,0.0,1.000000009,confirmed
2025-10-24T17:56:42.075961,ethereum_tx,0xee40518acf8b9e27d29132d19ab03f2b31fdacfba064740d52e073b5faa444ab,9481646,0x5A2ADA417f0db4693948252e98d49c9213B08645,0x27e7D19D6b5143adF166793c75fA49dD8D6e0130,0.0,1.000000009,confirmed
2025-10-24T17:56:42.075961,ethereum_tx,0xca1aab1756fdd2bae726af334303e258807c498b8ab01dd39cb5996a472ae3ed,9481646,0xF0FEd0C0192539a1076d8BDa1233f414704d98Be,0x00D22efF04CF7d0f5A355A6D9A06E43120398dA6,0.0,1.000000009,confirmed
2025-10-24T17:56:42.075961,ethereum_tx,0xcd2c610da2e9a6d3d9e38f57a03b34c2ff17ed93e391c03dec6117d5623619c7,9481646,0x760E339B5fA3280811F0488f18F4E133E12d27af,0x986509e443331a44e114C80175A776fae4B1e782,0.0,1.000000009,confirmed
2025-10-24T17:56:42.075961,ethereum_tx,0x503980957861eeea1b04383b25df90cbb443e64411c0b8ada20027eb0bdbe035,9481646,0x8e0247E3CbE8c9e4ECE06a2eCd27E7CE2B16f4A9,0x13ad278af96bae57E7f8E17b026F392Ecefcdb4f,0.0,1.000000009,confirmed
2025-10-24T17:56:42.075961,ethereum_tx,0x5a0fb00755fcfb63a97923b76dac36209ee0d03322e943f3a2e711d2cb04c927,9481646,0xaB697892ec5C0008589a8a64a557Eb68B53F72A3,0xe969c530D9bCb5Cc348aE1C1F19efa42EFb1CC1f,0.0,1.000000009,confirmed
2025-10-24T17:56:42.075961,ethereum_tx,0x4b9e6bacf14c4625f7fe4ccf01e9963dcb4d1c9c06ce5db27d12813897f203a7,9481646,0x71efcD475724Af63B5A94869A038Bf67e34AC26A,0x8a2d7B098488cB0fDf68A5Bf796743De6dE5F8c9,0.0,1.0,confirmed
2025-10-24T17:56:42.075961,ethereum_tx,0x852eaa971d35f602953d61bba66bb55533a511441a0929b0792b810382b0a980,9481646,0xbEc3045CD8aFCE5485eC9226a5A78D1a07B2F3b7,0x0FE7Bd483a45491BFD7D13851e03c45d0661d9BC,0.0,0.050000009,confirmed
2025-10-24T17:56:42.075961,ethereum_tx,0x2d74d59389f6e236f4141d9e3673abb61df2e716a1e274ab2881f35deb9ba00c,9481646,0x495C822061d2bd6db3c227C9b996aFb0960Ff16C,0xf993E10C83Fe26DddFc6cb5E82444C44201e8a9C,1e-06,0.020000009,confirmed
2025-10-24T17:56:42.075961,ethereum_tx,0x72d928174f8f674dd2969f8d47c4bb3457afe9ad82ff2125fbb23f2d61766a8b,9481646,0xdaC1384Bd05ffd54EcAc5208210a3b7be44c0D56,0xf993E10C83Fe26DddFc6cb5E82444C44201e8a9C,1e-06,0.020000009,confirmed
2025-10-24T17:56:42.075961,ethereum_tx,0x3287249d26b3716468397af3ed18c4d085db96379ac560f7db5897a86ad5dd64,9481646,0x4833a5cA842da700f707Ed45B6ED99ec355DFD36,0xf993E10C83Fe26DddFc6cb5E82444C44201e8a9C,1e-06,0.020000009,confirmed
2025-10-24T17:56:42.075961,ethereum_tx,0xe3d8e55131c8c173ef8b01366d0ec0a7568c978b9957c508842264ca695d482d,9481646,0x36F30E74c2cec0cf3C152e3Aa2FB104697Ea0Ac7,0xf993E10C83Fe26DddFc6cb5E82444C44201e8a9C,1e-06,0.020000009,confirmed
2025-10-24T17:56:42.075961,ethereum_tx,0x9750df13e15cf5d5d9335f897945373b396f4d2005aba75a2186a4d5f78707e5,9481646,0x4BA56bDa2009816e260921970041d6Eb005D7272,0xC764A997C86dC22B50Eb637626e3f46bfd82534A,0.0,0.0015,confirmed
2025-10-24T17:56:42.075961,ethereum_tx,0x43068184e2df7a1473334189e2ff5db692dfacc5eaeea71dce3ae76392bcffd6,9481646,0xaabD00d3715b4735f7E49C62f46fB1C242B356fD,0x956962C34687A954e611A83619ABaA37Ce6bC78A,0.0018543,0.0012,confirmed
2025-10-24T17:56:42.075961,ethereum_tx,0xcebcca2754cc9e0734c16cc9d06ffbd574adc052fbe553ea3ed048398946515e,9481646,0x3426803C91c2e7892eB345Ac4769966196CD100B,0xD35bfA22a8E9e4BE8fE4b684be86F76C47bcC874,0.0,0.001060008,confirmed
2025-10-24T17:56:42.075961,ethereum_tx,0x93e83aa781d1fe72bdcf3782f07850dc55e881dac78187c6500907f03c31cfbb,9481646,0x61d8838f9A00250C9AF13D622DA7c08c372ee587,0xCf8EDB3333Fae73b23f689229F4De6Ac95d1f707,0.0,0.001060008,confirmed
2025-10-24T17:56:42.075961,ethereum_tx,0xdf296545f1e337b8f6406cb227ac2967673aadeeb458f61c2050722b999fbf51,9481646,0xB495d5633c68Ca45A5Cc5B5D2c898976644377D2,0x1D78D07D8357D73373754D4C74b898E108756a56,0.0,0.001060008,confirmed
2025-10-24T17:56:42.075961,ethereum_tx,0x56da40d70f5ab59933a12be97602a2d515e48c90e9464f42b7c490d9009d7265,9481646,0x4337007aB182EbE9cDB0BC4B96734c32176d44cc,0x5FF137D4b0FDCD49DcA30c7CF57E578a026d2789,0.0,0.001008634,confirmed
2025-10-24T17:56:42.075961,ethereum_tx,0x7bdb822c2485da37ace0e7c88a84e892b54687d5fe5ade8a85874818218fa67b,9481646,0xe036828307C40A1471DBCd55d3BEA3fc57cAC75C,0x0000000000000000000000000000000000000000,1e-05,0.001000009,confirmed
2025-10-24T17:56:42.075961,ethereum_tx,0x4690755412a74a7b7331a9e1194a6ef5c46e8e5e2fb55d96a392b8a38209a96b,9481646,0x3Da763C42E438eB17880fB6A83040d6cf13eF03b,0xFf00000000000000000000000000000000042069,0.0,0.001000009,confirmed
2025-10-24T17:56:42.075961,ethereum_tx,0x9eb88f070defe08265236bbe923d8bb4fd0e2a482b0904434d4f266c5dc06c33,9481646,0x3Da763C42E438eB17880fB6A83040d6cf13eF03b,0xFf00000000000000000000000000000000042069,0.0,0.001000009,confirmed
2025-10-24T17:56:42.075961,ethereum_tx,0xb079778070d8055a5a8c9dedee65fd86d198623c783807b1a5b6e29624485292,9481646,0x4A63763Ef493F28308a1E36dE49df75798E50Cc3,0x86EFBD0b6736Bed994962f9797049422A3A8E8Ad,0.0,0.001000009,confirmed
2025-10-24T17:56:42.075961,ethereum_tx,0x95c491229efd7ef30006738ba9381fc6ed89ab4370ceb7861dedec0dc3402ac4,9481646,0xFF1218066b4b5Cd9dE2A73639862082bcC98bf0D,0xd0dbB2486e3Fbf371D1B2e35Fa330bef6529d2f4,0.0,0.001000009,confirmed
2025-10-24T17:56:42.075961,ethereum_tx,0xe8ac666f3083f6ecd89e90a290f4e39979cbac2baaddd9834014607f1af40f4c,9481646,0xe6Cd76D6dF4ea724a41eCc232Bb34aCE0aF5f847,0x459dD9f53E8ae9587B129395D0Ee241a5EF149a9,0.0,0.001000009,confirmed
2025-10-24T17:56:42.075961,ethereum_tx,0x366dbd6d73ad1fb80c10f67caf9b41767a6e7c78c3ea81c3816f0556a17b2416,9481646,0x2D8CFa0c1d45306E32bf75b71828cbA8382816fD,0x459dD9f53E8ae9587B129395D0Ee241a5EF149a9,0.0,0.001000009,confirmed
2025-10-24T17:56:42.075961,ethereum_tx,0xe390fb3572892dd74f21be680dab0ba1f3d4e2f541db7d022bee4c3bcd5f0b92,9481646,0x40c2ca8cE13af5a4EE11E5BA74A9c2A6AD7c2d77,0x459dD9f53E8ae9587B129395D0Ee241a5EF149a9,0.0,0.001000009,confirmed
2025-10-24T17:56:42.075961,ethereum_tx,0xdad75e0c7fcb649700f4a5b48f50dca79129396b0d2e482ac116b077a7a75137,9481646,0xc9310129Da5efCe435FEE4d25Ea2e519E5dEb58A,0x459dD9f53E8ae9587B129395D0Ee241a5EF149a9,0.0,0.001000009,confirmed
2025-10-24T17:56:42.075961,ethereum_tx,0xd02f848884c0cb5e4d26564da4797f23371f200436b8567cd32062831dc44cb3,9481646,0x0353657666C8B0Ba518E8d052A9e6Dbaffb3d218,0x459dD9f53E8ae9587B129395D0Ee241a5EF149a9,0.0,0.001000009,confirmed
2025-10-24T17:56:42.075961,ethereum_tx,0x48284944bf64489b7fb84ec035e13a531d30a8d59ed2dc74db04f8784ea0af55,9481646,0xE3f8B2C7f05a2E8c1DCAFb7C0d4b6A832b2B4456,0x459dD9f53E8ae9587B129395D0Ee241a5EF149a9,0.0,0.001000009,confirmed
2025-10-24T17:56:42.075961,ethereum_tx,0x5e1b7e91d911889129f1ceba39ac90c770b47a9c67201b87ba0679f0fb5f997a,9481646,0xC8c6213e8bb37De77F15A9c81A0C55f5650E7FC8,0x459dD9f53E8ae9587B129395D0Ee241a5EF149a9,0.0,0.001000009,confirmed
2025-10-24T17:56:42.075961,ethereum_tx,0x7891a682340cd07c7c35b4fd2546102ca716c0b37507e5ced5505e458f17c8d4,9481646,0x7e922677B1824d6E65e1Be413eFcDa33718DB23c,0x86EFBD0b6736Bed994962f9797049422A3A8E8Ad,0.0,0.001000009,confirmed
2025-10-24T17:56:42.075961,ethereum_tx,0x411206ad58668d1c40e7d81042869d347d0d0899ef77be00014f3f1b8ad3ce8a,9481646,0xFA646594bF2241061314d53e850A466815B3600a,0x738e96D813a47552499fe1C82E8dD415f7afB7C3,0.0,0.001000009,confirmed
2025-10-24T17:56:42.075961,ethereum_tx,0x1af4c1f1536c202e3598d290fbfe0d9de4b57601ea10e10d8d9631fea13f9dc2,9481646,0x36a46774A3743641D4C274b385608Cb455B5B6b8,0xd0dbB2486e3Fbf371D1B2e35Fa330bef6529d2f4,0.0,0.001000009,confirmed
2025-10-24T17:56:42.075961,ethereum_tx,0x4da096615a50ecb1d30a509d58119e0515d2fc33bcf1a7c76ec063b88533ea20,9481646,0x1741EB7468A490b4A9BA6f4CC7A47B82EcD65c4c,0xd0dbB2486e3Fbf371D1B2e35Fa330bef6529d2f4,0.0,0.001000009,confirmed
2025-10-24T17:56:42.075961,ethereum_tx,0xbc9dddd3408bf154687ef6adeb7dcc456bb0241cc5de26b294bfc4a0b18ac67c,9481646,0x5d72984B2e1170EAA0DA4BC22B25C87729C5EBB3,0xd4116f515A6958da851080B390DDE4B81f408978,0.0,0.001000001,confirmed
2025-10-24T17:56:42.075961,ethereum_tx,0x1b3e154d7b2ef59c0416b13efe61e824e65b8f45073aef01a0e9214dfd6163fe,9481646,0x75C0c372da875a4Fc78E8A37f58618a6D18904e8,0x1c7D4B196Cb0C7B01d743Fbc6116a902379C7238,0.0,0.001,confirmed
2025-10-24T17:56:42.075961,ethereum_tx,0x8c6e272f50efde8f251b08030211defd971c3f21db5c55404e921369875f4c31,9481646,0x75C0c372da875a4Fc78E8A37f58618a6D18904e8,0x1c7D4B196Cb0C7B01d743Fbc6116a902379C7238,0.0,0.001,confirmed
2025-10-24T17:56:42.075961,ethereum_tx,0xb8287ef97f02780711a96f0702bc75df6a79879fb79d2c44e280f014ed75bef9,9481646,0x60e9D309E3bd22277a7Bd1786f8068B6b609D804,0x18e75dAbeD7aea55DA355ACB6165F38fd9FC6111,0.0,0.001,confirmed
2025-10-24T17:56:42.075961,ethereum_tx,0x4ef4872ccbae5d448c154a3dc97de29fec4ff146af581becc965f5269cbf6b03,9481646,0x2BFaadCa3865BEf692e68B16A3A655bB3167e004,0x358e500d87F6d4630a8bF2fBDA09298C0873DA18,0.0,0.001,confirmed
2025-10-24T17:56:42.075961,ethereum_tx,0xa8252adca3f18bddc49d00b6a2d4951737a4a768ea4e7ee18fb67dd0e748dc7a,9481646,0x2BFaadCa3865BEf692e68B16A3A655bB3167e004,0x358e500d87F6d4630a8bF2fBDA09298C0873DA18,0.0,0.001,confirmed
2025-10-24T17:56:42.075961,ethereum_tx,0x9832ebef9a631e7a49826199db648bbae0fb85eae2cfd3d3cc5c1fddefddc5cb,9481646,0x6A603Ac8de6D31E6C7BB8E942eB7B0Ca3aDB12e6,0x03C66CB1826BDB0395BF31E68Bf7E873e9564fFB,0.0,0.001,confirmed
2025-10-24T17:56:42.075961,ethereum_tx,0x51bded7234e50d958bc4ee5f6b3051c85e0e83cb4fdf4616e75bcf91933acecc,9481646,0xeD111194352C58D1bc7A660db143785aF286B90E,0x03C66CB1826BDB0395BF31E68Bf7E873e9564fFB,0.0,0.001,confirmed
2025-10-24T17:56:42.075961,ethereum_tx,0x7b8266b6fee125dc20ae2e01aa75cc1c834341ae1c39eb518b9859ef50b2acd4,9481646,0xa986d7E69Cf5173eE42D14f3CE670c62DCb6BfA1,0x03C66CB1826BDB0395BF31E68Bf7E873e9564fFB,0.0,0.001,confirmed
2025-10-24T17:56:42.075961,ethereum_tx,0x8b92b112cd47eabcc8f65c03d155b8b429a9dafeaa2c8240d97887d94d8dd0b8,9481646,0xEC79e928b05608eBB285CA7FFe0AcAA9Ca9E61ab,0x7215691F60C4fA7Bb82c5Ac44c7d57dc32bB0493,0.0,0.001,confirmed
2025-10-24T17:56:42.075961,ethereum_tx,0x80de90b13b8314d2f2529fe6c675fb4d9ef2d9f020938cd2f6c75a8dfdd9eec0,9481646,0xB22833D458F0AC2576067Dd7dAEfd6c85CCc50FE,0xA95f81135829e69F1E5Ec8992d2C8660F50A6f5B,1.9e-06,0.001,confirmed
2025-10-24T17:56:42.075961,ethereum_tx,0xc249503460ff54a0aa8c65a386231eb178204ba7c982ece7994e8d65ad5681e4,9481646,0xD14Ca4A9320dE1AE7817421A28213828013E3394,0x03C66CB1826BDB0395BF31E68Bf7E873e9564fFB,0.0,0.001,confirmed
2025-10-24T17:56:42.075961,ethereum_tx,0x8e6abb2132793ef4779e545b597483d6b248e476b921e9ab3da596397b8a331f,9481646,0x1F622CBd7698B58ec167Bf9B1D1c991bAa319C32,0x03C66CB1826BDB0395BF31E68Bf7E873e9564fFB,0.0,0.001,confirmed
2025-10-24T17:56:42.075961,ethereum_tx,0x086d855ba47e59ae4cc32ad63c7d55e0f87d67508d214a597c59221ae5c03b64,9481646,0xf42223d082C991072c55754027eaA8c724C45faF,0x03C66CB1826BDB0395BF31E68Bf7E873e9564fFB,0.0,0.001,confirmed
2025-10-24T17:56:42.075961,ethereum_tx,0x162a9ad491959768318436fd18d07cdb7e5271691209eb993a04092f2b4d3c05,9481646,0x61FB29f4789FfA4a25d33F6CB627E984b05379FB,0x03C66CB1826BDB0395BF31E68Bf7E873e9564fFB,0.0,0.001,confirmed
2025-10-24T17:56:42.075961,ethereum_tx,0x8eda498ac9dd78d8d3f4165a36e193c61d531e37aaf5c3a6b34d430c6933f077,9481646,0x89AdeA40273E7744F87C883177591A1F0af94Fd7,0x3eDF60dd017aCe33A0220F78741b5581C385A1BA,0.0,0.001,confirmed
2025-10-24T17:56:42.075961,ethereum_tx,0xaa72ae5b844ecdb0e4515801b7ae99f1b8faec5b5a7224ae96b32384b75415fa,9481646,0xae04a4618fC8cD434Ecc97DA7Be0650855f0e498,0x7215691F60C4fA7Bb82c5Ac44c7d57dc32bB0493,0.0,0.001,confirmed
2025-10-24T17:56:42.075961,ethereum_tx,0x86083b0cb6afb7141f2a7329d2ff00b8f6a63821a054e837bbee6492e6ad3899,9481646,0x334655356E79a21D3592145425e539Ad077460A7,0x7215691F60C4fA7Bb82c5Ac44c7d57dc32bB0493,0.0,0.001,confirmed
2025-10-24T17:56:42.075961,ethereum_tx,0xabf0b2c8c4452499d0653d972eee2c334e68a8d114bb97e6d70c5f30ddf81d54,9481646,0x6C8dA14B41715cFDb82181F18560c3b89a74b370,0x85717aC43Ec76Db1d6a83da3102BB20c4A899D0d,1.66e-06,0.001,confirmed
2025-10-24T17:56:42.075961,ethereum_tx,0x6d87b59096d1dc3456aaddc226e84ebec86b190e2c75d43807736a8752836f0a,9481646,0x88053eE2844D50cfA4E24e7A70cb2d8025371A9e,0x03C66CB1826BDB0395BF31E68Bf7E873e9564fFB,0.0,0.001,confirmed
2025-10-24T17:56:42.075961,ethereum_tx,0x4fbf42e9ead133766d96ef60596491593240623dd73f10c143c7df899fee5ab1,9481646,0xCdf2ac76cf36A564AD6B71735d9D10070a485Db5,0x7215691F60C4fA7Bb82c5Ac44c7d57dc32bB0493,0.0,0.001,confirmed
2025-10-24T17:56:42.075961,ethereum_tx,0x11cc8e95ac2070360824db74d8fd34fc7733ca9c833ecd7598217ff5ab652b3e,9481646,0x6A8Fd5358295C988C2CCA96A663E99Ef6B5C572d,0x03C66CB1826BDB0395BF31E68Bf7E873e9564fFB,0.0,0.001,confirmed
2025-10-24T17:56:42.075961,ethereum_tx,0x3ca8525ad2fc1bbb797806178b3f02d1caa4409c5df7eb70b94287657dca98ea,9481646,0x1C98C81eD2f54B01eDada639e0D5d44E62a22fBc,0x3eDF60dd017aCe33A0220F78741b5581C385A1BA,0.0,0.001,confirmed
2025-10-24T17:56:42.075961,ethereum_tx,0xd53d9f807096bf9e8a1918425b2ffbb7c463c15762f0eb6814baddcebd12dc98,9481646,0xC96a5Cb3aae24CD599cC546cC2f44526C2d869D8,0x03C66CB1826BDB0395BF31E68Bf7E873e9564fFB,0.0,0.001,confirmed
2025-10-24T17:56:42.075961,ethereum_tx,0x0bcf1f6a19c36b2abfac318bbd901e2fe6d652646a9919128b6c13494e75f4fc,9481646,0x4611576BDA10aF3016D052307031159ca3B57695,0x03C66CB1826BDB0395BF31E68Bf7E873e9564fFB,0.0,0.001,confirmed
2025-10-24T17:56:42.075961,ethereum_tx,0x7a1ca4ae09efd99bcf0a19843e6cac526aa39b69a39b55b1347b005f36654a33,9481646,0x18D3Ffe5FfA123Dc795a706F69025c59d5ECb6Be,0x03C66CB1826BDB0395BF31E68Bf7E873e9564fFB,0.0,0.001,confirmed
2025-10-24T17:56:42.075961,ethereum_tx,0xbcf94d10d80fc68898b8e216ab95480ae71f8ca24affcaeda4756aee1bd08d32,9481646,0x3320996bB8C30e3Fc5b965495DA2816e04aFc07c,0x03C66CB1826BDB0395BF31E68Bf7E873e9564fFB,0.0,0.001,confirmed
2025-10-24T17:56:42.075961,ethereum_tx,0xd746721c0c4596c6491c4c98b44564e3cb06860586e42ee7255a80f64e131b2b,9481646,0xae393fC384CddeD4dB06a878817243916cFFD886,0x03C66CB1826BDB0395BF31E68Bf7E873e9564fFB,0.0,0.001,confirmed
2025-10-24T17:56:42.075961,ethereum_tx,0xa3c4d533144b51574c67cc02537284b2c3244ea80932853ea2584bb145adee42,9481646,0xbbD829428FC26Fc575AeabfF13d0ee035f2Cd91A,0x03C66CB1826BDB0395BF31E68Bf7E873e9564fFB,0.0,0.001,confirmed
2025-10-24T17:56:42.075961,ethereum_tx,0xbf997245fb96004259e06953643a4dd849987fe5933491117571b2d29f1e2e15,9481646,0x4b9829E821b360dF49098D2b8Cb426D34b0736c2,0x03C66CB1826BDB0395BF31E68Bf7E873e9564fFB,0.0,0.001,confirmed
2025-10-24T17:56:42.075961,ethereum_tx,0x6e24cce7aa34d95a82b5293e29dac6ee865e58e86ef3f98d4abfac2d3ecbaba3,9481646,0x0c0000CE0f7A71cf07042453C359462FA6b61656,0x03C66CB1826BDB0395BF31E68Bf7E873e9564fFB,0.0,0.001,confirmed
2025-10-24T17:56:42.075961,ethereum_tx,0x5d7e5f4ee19db8f513b58c7065ec7531ee9e34976356d036a7197fd00f40e80c,9481646,0x96Aa0824039eDe7DeAb0B4ed3a557fC502F53AA1,0x03C66CB1826BDB0395BF31E68Bf7E873e9564fFB,0.0,0.001,confirmed
2025-10-24T17:56:42.075961,ethereum_tx,0x2ac914ee6e5871dc795fba8b29ef0c525d6470f77e685a8cd7d2c98cdda1c167,9481646,0xe5c8028DD044C7168Dc591202DA223e9e244efF5,0x03C66CB1826BDB0395BF31E68Bf7E873e9564fFB,0.0,0.001,confirmed
2025-10-24T17:56:42.075961,ethereum_tx,0xfcde9065270ffa4057ab86d02de90442bff3dabe143c7526f8ac99ac1f7e00e9,9481646,0x5580F4Fb38E0Ec2A385d62e35b6331Fb215150FB,0x03C66CB1826BDB0395BF31E68Bf7E873e9564fFB,0.0,0.001,confirmed
2025-10-24T17:56:42.075961,ethereum_tx,0xe1bab76db79b16b625cefa03c5bace74a716548c24d9b3eb315b5fca2752d596,9481646,0xEbb572059363FA4FfF24781b24650Dc8ea74d33F,0xcdD16080FEB6479F92D07099488E910f1cC2FCD3,0.01,0.001,confirmed
2025-10-24T17:56:42.075961,ethereum_tx,0x8de49fd6a4519c3f995c51f7347a65e46df5b38fca3a8861dd83002507a48d88,9481646,0xb86BB39D001fCeA2fdBa9F664e8504c02FF64805,0x03C66CB1826BDB0395BF31E68Bf7E873e9564fFB,0.0,0.001,confirmed
2025-10-24T17:56:42.075961,ethereum_tx,0xb8f4ade91262a0b426bf1be46748ed3e2e19e751a39e92b3ad4dde02d4ba0330,9481646,0x9A7Fed4b39a2BcB50908A6EBfd8f303eeb927ef3,0x08d2b0a37F869FF76BACB5Bab3278E26ab7067B7,6.7e-06,0.001,confirmed
2025-10-24T17:56:42.075961,ethereum_tx,0xad0fb57cd9531f29f082ff6cd3d856482978903f7216e971a5f4ab663c4d1840,9481646,0x9A7Fed4b39a2BcB50908A6EBfd8f303eeb927ef3,0x08d2b0a37F869FF76BACB5Bab3278E26ab7067B7,6.7e-06,0.001,confirmed
2025-10-24T17:56:42.075961,ethereum_tx,0x31a0b4de548e4986d01c1255c354c1959cd443fc4e13905fb4368d639bea52f8,9481646,0x23531187C2A399b59eC3F4a32a37527b790B4598,0x08d2b0a37F869FF76BACB5Bab3278E26ab7067B7,4.74e-05,0.001,confirmed
2025-10-24T17:56:42.075961,ethereum_tx,0x3076e81a0b644759079e727f42f11900d35fe78ec82e423114218622b13588ed,9481646,0x3142BA993060E0da0eD39BC077653cd4Bca0Ca56,0x08d2b0a37F869FF76BACB5Bab3278E26ab7067B7,1.1e-05,0.001,confirmed
2025-10-24T17:56:42.075961,ethereum_tx,0x209e9999455e6af52d6cb429595758b1672899da52346a07724368d4db245ea4,9481646,0x9A7Fed4b39a2BcB50908A6EBfd8f303eeb927ef3,0x08d2b0a37F869FF76BACB5Bab3278E26ab7067B7,6.7e-06,0.001,confirmed
2025-10-24T17:56:42.075961,ethereum_tx,0x2f1e2a956327fdfe035c75d7ea65e46824184fdc507d2deea11ae5d49a69c03a,9481646,0xe2AfEFe57EbeC26ea6A8638818674Bfb789a6038,0x08d2b0a37F869FF76BACB5Bab3278E26ab7067B7,6.4e-05,0.001,confirmed
2025-10-24T17:56:42.075961,ethereum_tx,0x7842f61ed5a1826fcc1b941292a132761935f9751ce03d329ce611ee29d38d00,9481646,0x0B0e2673A1CE96a115c2c53e1304eD4640294856,0x08d2b0a37F869FF76BACB5Bab3278E26ab7067B7,3e-06,0.001,confirmed
2025-10-24T17:56:42.075961,ethereum_tx,0xb09e383438d70ab368f59ff27319e6785458ceeb30dc1b796255a6094dd2d06b,9481646,0xE6e5dA74624884FBa5D34b1304c1B7a501a94b45,0x08d2b0a37F869FF76BACB5Bab3278E26ab7067B7,0.00515,0.001,confirmed
2025-10-24T17:56:42.075961,ethereum_tx,0xbf2e7d8b27b8ebfc420aa70e2bf33c76a4a3d9c1cb38dd607d95e2cf9c45c1a8,9481646,0xED7378B2eCeF54536339f6E029accF40D873Dfcb,,0.0,0.001,confirmed
2025-10-24T17:56:42.075961,ethereum_tx,0x225991c6e54c0e9287de2e9eb8ce276ade51b0ca11dd460b88d900533bd66289,9481646,0xf4B2Ea58F3cc0390d9e2Ccd8aC01A0C505343655,0x08d2b0a37F869FF76BACB5Bab3278E26ab7067B7,2.44e-05,0.001,confirmed
2025-10-24T17:56:42.075961,ethereum_tx,0x1c09049ba14ca80e2c86a6a97abbcd5e88ce663c4b44322755774281cf66b5a7,9481646,0x79f8892bb6956A424cbE0cFcfef4a7A447aF3DBe,0x08d2b0a37F869FF76BACB5Bab3278E26ab7067B7,2e-05,0.001,confirmed
2025-10-24T17:56:42.075961,ethereum_tx,0xfa50add08480f4078467a920d0fca0e6e35c04c79328db34f6184f4f472a5f29,9481646,0x168d110180E2992e7c23ae4BEA7581EC591187bd,0x08d2b0a37F869FF76BACB5Bab3278E26ab7067B7,1e-05,0.001,confirmed
2025-10-24T17:56:42.075961,ethereum_tx,0x03aef106eb1b834b5cb6fa9481df9fd81252b6e5c7040eed0419780a68bd6a42,9481646,0xDd89a3Eb287F3af484393547595e2ef435ADA2A5,0x08d2b0a37F869FF76BACB5Bab3278E26ab7067B7,5.62e-05,0.001,confirmed
2025-10-24T17:56:42.075961,ethereum_tx,0x90ecd5cdccf47024bd79ef3eada8c27dbb710452f0e201e2f3bbb987d60504a2,9481646,0xbeB7110D780BADE84DeB040F871644F75d1CaaF3,0xE3e52c9A4820F278A5EdadeD49A4e220616A70e1,2.499999979,0.001,confirmed
2025-10-24T17:56:42.075961,ethereum_tx,0x3ceb559fbc539fa844d4e118f14d9f3a64f673e8e30358326d2a79221cbcf884,9481646,0xE4072D84A3f761C300eF6d7dFB7E9e87e3296eec,0xFeD59209D941e99DF011F43a3e463Ed6C1DE5688,0.0,0.001,confirmed
2025-10-24T17:56:42.075961,ethereum_tx,0x94daa5e97c0fb612bf3fb068ac406205f250356ebe47d4640b15e9f09f28b7d4,9481646,0x15D64a430Bb317Cab19B9E4b427a019Ebc1e7Fa1,0x956962C34687A954e611A83619ABaA37Ce6bC78A,1e-06,0.001,confirmed
2025-10-24T17:56:42.075961,ethereum_tx,0x8d884a067a7908546729d4921016f8e3c12a68549e5fb0a8f2f33d0348804c9b,9481646,0x3E53805EEEbE9d450Ec711cC920AbA5CC0E1568f,0x87A3effB84CBE1E4caB6Ab430139eC41d156D55A,0.0,0.001,confirmed
2025-10-24T17:56:42.075961,ethereum_tx,0x8e7029dad0eca8fd1c1b7f5b73a5971cc14c707f2dc247339ecb5bd47a465084,9481646,0x5641a1E8651DE500838bed93E62e3E06a4D0e683,0x71A6D6a1ca08FFC667F85050f72d9aAE327Aa29A,1.9e-05,0.001,confirmed
2025-10-24T17:56:42.075961,ethereum_tx,0x745f9a4b063040d5fdc2f190167a3b81473b4803cc3936e78708caef163faf86,9481646,0x099BA97a37FA019c064a2517026e3c2Ea8DB9964,0xF6e7F84d9cee738ec59c08B7a7260152C236813a,0.0,0.001,confirmed
2025-10-24T17:56:42.075961,ethereum_tx,0x77a5d0c07e45b257e3cd00851b69aab01b751d4603ffa129b156122abe1cd063,9481646,0x13e6009357AF52E7D564b5914aa97719C8304A28,0x956962C34687A954e611A83619ABaA37Ce6bC78A,1e-05,0.001,confirmed
2025-10-24T17:56:42.075961,ethereum_tx,0x36969d1fea91518d22ccccb95ddb85cf1daee51444fa2d4e6bb859b007d7e217,9481646,0x5d0df6eFCa2c78d1DC85d7ff34567739C1bcce4A,0xb8fB3e5e6D8a8D1118D5e6685bF4AaF5b27B82Ec,7.9e-06,0.001,confirmed
2025-10-24T17:56:42.075961,ethereum_tx,0xd8bf7a1830add1d2bcfc1d2a4b18004e46fb1dbcd5cdf602ababaf327a1b2828,9481646,0xe03F5Eea59b3e719653d522811A49E089FA0DE8e,0x956962C34687A954e611A83619ABaA37Ce6bC78A,0.001,0.001,confirmed
2025-10-24T17:56:42.075961,ethereum_tx,0x5c83ef92f0c413105d56e646e33a63ae05a64c864611ccb5ac5611bcda32053b,9481646,0xCDe41469a914F5Df52C601Df6fDc493E1dB3EeB4,0x956962C34687A954e611A83619ABaA37Ce6bC78A,0.0001,0.001,confirmed
2025-10-24T17:56:42.075961,ethereum_tx,0x228b2101c784a2bd611538cccd5fee0d795363049e0e6e1cc3b6339e0413f101,9481646,0xf28836a07eb2C2cF82d61210C2B767eb8171e95e,0x956962C34687A954e611A83619ABaA37Ce6bC78A,1e-07,0.001,confirmed
2025-10-24T17:56:42.075961,ethereum_tx,0x8fc3355a8635ceddcb64fa436f5af04270ec3ea4bebb4f505ebcc249e470971f,9481646,0x321F8784c750e677e6Ae8a684f795DBE8409609c,0x2c02c4F3DB094788bdb60C093D96F834F0FB4bcE,0.00987017652145562,0.001,confirmed
2025-10-24T17:56:42.075961,ethereum_tx,0x2adb139a1f97ebcc0c7d5a18f3bfe02e5f524657b1efcc3ba4c19fb0e8ffe001,9481646,0x65367E1A2584abCA637E4bB4B3EaCc307d81a9A8,0x956962C34687A954e611A83619ABaA37Ce6bC78A,1e-07,0.001,confirmed
2025-10-24T17:56:42.075961,ethereum_tx,0xd9d2bf9db0e272ac84175d2deed2109682d27472e453c71643de67aafb901d35,9481646,0x86998d563F47e9cC192be06a5701b1602C441140,0x956962C34687A954e611A83619ABaA37Ce6bC78A,0.001,0.001,confirmed
2025-10-24T17:56:42.075961,ethereum_tx,0xf8a6e3134e1e2fee55b0378e5b8d7c8944e34212c4ae63454b7c4cce46ed1557,9481646,0x7bf2C575E6Bc6813DF4018d4765d65A1504DD9bF,0x956962C34687A954e611A83619ABaA37Ce6bC78A,1e-07,0.001,confirmed
2025-10-24T17:56:42.075961,ethereum_tx,0x2a4f1bdbcd69beb36683e95c6de72df6a4ccf239d6d08eff20adb63c4d7f352a,9481646,0xDDd37E3B9d7555Bd4fcbFdCD707BeeB6aCEc713c,0xBC7155A7BB411563a5B518b76F2c1EC51b380632,0.0,0.001,confirmed
2025-10-24T17:56:42.075961,ethereum_tx,0x9988f069829683c99611fc2254eda7661e77c98b59f3f55b99f4a694cd1235ee,9481646,0x37e6b2D78E927b8D4c7620f30C06DBAE6389322F,0x956962C34687A954e611A83619ABaA37Ce6bC78A,0.0001,0.001,confirmed
2025-10-24T17:56:42.075961,ethereum_tx,0x761bf4f5f88f64dd90fff957f8145609913be7891e3bb4f4d8bc44eac4537a01,9481646,0x16c1b18100E4035483C805B1feeCA564C5c61E77,0x956962C34687A954e611A83619ABaA37Ce6bC78A,1e-05,0.001,confirmed
2025-10-24T17:56:42.075961,ethereum_tx,0x6db6b8279fce915d1f5427cb95a2d3da0e6ec0c775b16dd4cf819c6116faf812,9481646,0x29e6A11e6a3cf938725cA2E903359A462ab06D9E,0x956962C34687A954e611A83619ABaA37Ce6bC78A,1e-07,0.001,confirmed
2025-10-24T17:56:42.075961,ethereum_tx,0x41ffd68328146f1e23a836b509b67c33b38a390f396df176e99ce6657b826b7c,9481646,0x3697Fc7bdB5E8E4e2677981685858eA298F85E84,0x2c02c4F3DB094788bdb60C093D96F834F0FB4bcE,0.0277752973699712,0.001,confirmed
2025-10-24T17:56:42.075961,ethereum_tx,0xc4bf4472f25454bce567f313f02bb0298fe1980baf24dbf69b331ce676b211c0,9481646,0x9C8FaA60ac71ad698FA1E9ba77C7F409eF4834cf,0x956962C34687A954e611A83619ABaA37Ce6bC78A,0.000132,0.001,confirmed
2025-10-24T17:56:42.075961,ethereum_tx,0xca757117d3e68dfb9011eb39bd3d7d3b38e5b4153cfb466843c56d530b9a3e9c,9481646,0x8Dfe90E5a0E285741723cdDEa9615ECbF6E2A2cb,0x956962C34687A954e611A83619ABaA37Ce6bC78A,1e-07,0.001,confirmed
2025-10-24T17:56:42.075961,ethereum_tx,0x6876defe5912f2aee761272ac1458f605e4a013b7f889304d7fc3331624e3c63,9481646,0x3467d588C14B269847bFBf7fDb8643BBd85626e1,0x853758425e953739F5438fd6fd0Efe04A477b039,0.0001,0.001,confirmed
2025-10-24T17:56:42.075961,ethereum_tx,0x48f4e5782254c4a3be24eb1e7a73e089c1f23e5ce4eeca181c427dbdfe9193c2,9481646,0x22eF655e70e2C810F5F475B2740F0E01fD57e626,0x956962C34687A954e611A83619ABaA37Ce6bC78A,1e-10,0.001,confirmed
2025-10-24T17:56:42.075961,ethereum_tx,0x17d5108cfb7a528b2b6ae1483f5cf780a7cdf23b45fdc57b15f8b760a05d81af,9481646,0xa71f14F3eC037D16A71fEE621F8a945DFD6a2D9e,0x956962C34687A954e611A83619ABaA37Ce6bC78A,1e-06,0.001,confirmed
2025-10-24T17:56:42.075961,ethereum_tx,0xa8856080c0fe65518cd26c79cbea6a48ac350957c4908a1a4e453d689133c62d,9481646,0xd11A8Ea2A52d0E58675A9F0a17c666089B7ec0bD,0x956962C34687A954e611A83619ABaA37Ce6bC78A,3e-06,0.001,confirmed
2025-10-24T17:56:42.075961,ethereum_tx,0xfdc159bb2da648331021aea6da099a8c37cc614cc588ca6c9e2880ecefcc3f2d,9481646,0xDA4bc6D9f9E8676502538C7476901CB4c891bc04,0x956962C34687A954e611A83619ABaA37Ce6bC78A,1e-07,0.001,confirmed
2025-10-24T17:56:42.075961,ethereum_tx,0x2cab997adf9ac7d58802a5bae0f6f013da8893a29b30261036b2a452f224ecc0,9481646,0x26cDc7A5B7b2411e1fE3fe1b486210E2227Bf7Ca,0x956962C34687A954e611A83619ABaA37Ce6bC78A,0.0001,0.001,confirmed
2025-10-24T17:56:42.075961,ethereum_tx,0xadbe1050006e0cc71784a4a8e88e8cb59e328ccfa47bbbc7e68d2a8e07c624da,9481646,0x993bFA8Ced35d5b16e3B10e561F99d44B8C0C0EB,0x956962C34687A954e611A83619ABaA37Ce6bC78A,1e-06,0.001,confirmed
2025-10-24T17:56:42.075961,ethereum_tx,0x71caf95522f9639da1404561e502a7e0e933d1be269f30d571ff8701b37d284c,9481646,0xF8AB8193475Ee88eAA793F9974F913339a07b6c2,0x956962C34687A954e611A83619ABaA37Ce6bC78A,1e-07,0.001,confirmed
2025-10-24T17:56:42.075961,ethereum_tx,0x85732791acf3cb76ae6130931cc9798f31d2647d35eaa86ab903346a4f35542d,9481646,0x5bfC8BcA637E03B165Bf6771A417491835817049,0x956962C34687A954e611A83619ABaA37Ce6bC78A,1e-06,0.001,confirmed
2025-10-24T17:56:42.075961,ethereum_tx,0xe6d0f464fc1d6d3b6951922425028eee71d386c219c389288eb756030dbf5b07,9481646,0x7e6866FCA4A210913b668b46d0E618e437F5734b,0xC7aAcb570f9F47471f896E220869756C590079d1,0.001,0.001,confirmed
2025-10-24T17:56:42.075961,ethereum_tx,0xf8f1560fdc1b91407bafc2dd008e21b9d04977fd3e53aa0c7604d6aecb04779d,9481646,0x7385186BD5Fb2e089FBd6DEd27EAf91DA43e6Bed,0x956962C34687A954e611A83619ABaA37Ce6bC78A,1e-05,0.001,confirmed
2025-10-24T17:56:42.075961,ethereum_tx,0x728138351f1fc70e6eb613f67334cf46c1e4099ba7040e975ffb1f0bdb82233a,9481646,0xda99Bc27F8E03Cb88b7CC27B9317eE3cbBE77DdA,0x956962C34687A954e611A83619ABaA37Ce6bC78A,1e-07,0.001,confirmed
2025-10-24T17:56:42.075961,ethereum_tx,0x86d449601c00da0c1be1fceb008f157b5e904fa06f7ebdb7806378660ed07953,9481646,0x1B00F502084868ef2Bdd664AAFC643a1B130A233,0x956962C34687A954e611A83619ABaA37Ce6bC78A,1e-07,0.001,confirmed
2025-10-24T17:56:42.075961,ethereum_tx,0x7597dd1314d4eccfe8cc9848accc8ff0f853a94b05473b8df7f1c0cb0a953a6e,9481646,0x41114C874333b7a376593d47816fC230C6eFddE6,0x956962C34687A954e611A83619ABaA37Ce6bC78A,1e-06,0.001,confirmed
2025-10-24T17:56:42.075961,ethereum_tx,0xa6fd1713e44704531065be4e764ed437563718765a26093f61dc77853a969626,9481646,0xff8e386D89249068195c8B8f19d53DA032Cc767B,0x956962C34687A954e611A83619ABaA37Ce6bC78A,0.0001,0.001,confirmed
2025-10-24T17:56:42.075961,ethereum_tx,0x3e5c62f2430e761b7fb7d401a7e3a4d1fcd7a537b5bb59c8dbc5445be4a7e1ee,9481646,0x8356B1EE8Ab99dE3583F0A01e2d247959B665173,0x956962C34687A954e611A83619ABaA37Ce6bC78A,1e-07,0.001,confirmed
2025-10-24T17:56:42.075961,ethereum_tx,0xe0b04d06ba867b2ccc1441df96c664c44414d23afe425a02b30a22f4f4448cbc,9481646,0x2bF78d2268Ed1776E41323D6A5aE694d8c8F7968,0x956962C34687A954e611A83619ABaA37Ce6bC78A,0.0001,0.001,confirmed
2025-10-24T17:56:42.075961,ethereum_tx,0xf5c7a5cf4b9682fbfe4b874967027d4fa13da33d479a07cc68db92a502c74e05,9481646,0xAB3070DDa030ed0115b23AB74B7Af9B73b2781F2,0x956962C34687A954e611A83619ABaA37Ce6bC78A,1e-07,0.001,confirmed
2025-10-24T17:56:42.075961,ethereum_tx,0x9a5c3eaa5feed51b4d64298a30c1f36747446424babdc556d0e4f852042aa04c,9481646,0x6d50EDC485a5c5C8E57e45994de1C8f8A11A7cee,0xcfD5dDc974005CDfCE04286a4E96a28Bb9366b8c,2.8e-05,0.001,confirmed
2025-10-24T17:56:42.075961,ethereum_tx,0x13b377309bd4f8d6407b68ce7fcfca5ea6f18966adb3fb580f291ab303188eee,9481646,0x10164Aa73bC32eD0a077E91b699200e11004790d,0x956962C34687A954e611A83619ABaA37Ce6bC78A,0.0002,0.001,confirmed
2025-10-24T17:56:42.075961,ethereum_tx,0xfcc896aa85626949716644c9c16070eab610771efe1678364700c9eba004c63e,9481646,0x7bA7730C9c01cb2c9f083C5DA8A52811Df3f050d,0x956962C34687A954e611A83619ABaA37Ce6bC78A,1e-06,0.001,confirmed
2025-10-24T17:56:42.075961,ethereum_tx,0xc52f80abad168ce55cea5edda852f7e649b8ba2e6af66e8fc71994585a45bbaf,9481646,0xefdB22fb1D6E9358EE479E707c6424d1874B3FFd,0xDd24F84d36BF92C65F92307595335bdFab5Bbd21,7e-18,0.001,confirmed
2025-10-24T17:56:42.075961,ethereum_tx,0x99a90b9f60d16889df9564f40220f5a28fa3796e91a47e0a6571d2130adbe437,9481646,0xafdcCe1Cad7a083860D73f2d62C2090292DBA171,0x956962C34687A954e611A83619ABaA37Ce6bC78A,1e-05,0.001,confirmed
2025-10-24T17:56:42.075961,ethereum_tx,0xc2e361567bc6ee6cb9e9888fa8acf85a8331e816dd4591026834dcdbbc0a66c0,9481647,0x3C95c2633296B264d051498C4b2e982EbB526A53,0x3C95c2633296B264d051498C4b2e982EbB526A53,0.0,4.1,confirmed
2025-10-24T17:56:42.075961,ethereum_tx,0xbdb3bd227ff28ce11aa69e754acb0386fac8583f18ff92b0cd91b32bee79220f,9481647,0x54d5789427820D2F6BDD0F7cF6DF53Fb36C0C8c3,0xcA11bde05977b3631167028862bE2a173976CA11,0.0,3.000000009,confirmed
2025-10-24T17:56:42.075961,ethereum_tx,0x8bf218dc9fe2f40fe7ae8e1d484f2f1b04d04a6c14e54498c66e1d8bd6a63ba5,9481647,0x6Cc9397c3B38739daCbfaA68EaD5F5D77Ba5F455,0x145E50E76939F11c5DADE1A53d30F05CB14ED3Dc,1.31344971,2.000000009,confirmed
2025-10-24T17:56:42.075961,ethereum_tx,0x59b478cd3396e745c3f571a65baadac8baa1aa7386fc51fd00b565ee5a97c23a,9481647,0x6Cc9397c3B38739daCbfaA68EaD5F5D77Ba5F455,0x59c8774429921831F5A718dF27B5bE897f06AD93,0.063669,2.000000009,confirmed
2025-10-24T17:56:42.075961,ethereum_tx,0xe581c2f547430cfac36f6b9f2494e2aee538beb50636347a4de62e975af16846,9481647,0x217CAb43e0677e3469CFa02386F0b98AF05fbAe4,0x15d90213Ac6434Dd3bfF55fbDAC2dc5B6bfa5e67,0.0,1.500000009,confirmed
2025-10-24T17:56:42.075961,ethereum_tx,0x0d3779b4a3b7e3b2f58061101c19afba51083178ad9c4abad3816ac47cc4097f,9481647,0x7b57721EF3c18c38840862726c7f34C98009696F,0x34B024f7E20991758AC4809Adc088D6aCa526D96,0.0,1.500000009,confirmed
2025-10-24T17:56:42.075961,ethereum_tx,0xca926c23b69fb1b80a33bc4cb366bac2f93cfe173f3fd16fa1f0dc93befbd1f7,9481647,0x53646D2A54dF1dcA4Ea2Ac66A6279f91C976dF56,0x0b27Ca7e1DE0c405a2AD9aE12190BF113eB96838,0.0,1.500000009,confirmed
2025-10-24T17:56:42.075961,ethereum_tx,0x88545bc69f121af8cbf75df6bf3538aa8257407e5ea28d331dc8accc135834e0,9481647,0xbBdb0a2F77636F819CFb02F528ba91775f1Aaf9E,0xCaC524BcA292aaade2DF8A05cC58F0a65B1B3bB9,0.0,1.500000009,confirmed
2025-10-24T17:56:42.075961,ethereum_tx,0x256dc929f9c15b18617e2f103171169ed4aff40926a00762b340a02970d15f3c,9481647,0x2d70267a862e9Dee895b53D822B898d3E089d937,0x8f737580DA70C6A424501E4dEB85Be895b5168e4,0.01,1.500000009,confirmed
2025-10-24T17:56:42.075961,ethereum_tx,0x5b87ff6be992471c207bb07528d81d480876372fdfc295907521c3f78fb1776e,9481647,0x9F89028846333e81AeB5755DbB06b3AA1177fd06,0x2A4496bbC344414e3bDbE6a8E7c40EF007DAeEd1,0.0,1.5,confirmed
2025-10-24T17:56:42.075961,ethereum_tx,0xc2201f467fefe3157bf946b488caa8398abf728bd05377abe9a0ad8c60c3402e,9481647,0xAed17De0d83C814d4cDF03B41F744aa6222B0820,0x2A4496bbC344414e3bDbE6a8E7c40EF007DAeEd1,0.0,1.5,confirmed
2025-10-24T17:56:42.075961,ethereum_tx,0x5077f5674277deca6a3bd799b3949f67372c520261bf36909f22795bfd8ade59,9481647,0x6a95C6B532bedC6ffA9402e664Cb933f60511413,0x2A4496bbC344414e3bDbE6a8E7c40EF007DAeEd1,0.0,1.5,confirmed
2025-10-24T17:56:42.075961,ethereum_tx,0xa2379654cb68ea04499e715f761bdde35b152bd381e3c20b3113c168a85d2c53,9481647,0xd45E9963E97a68C6d2E10D8972C1dB13733234a7,0x2A4496bbC344414e3bDbE6a8E7c40EF007DAeEd1,0.0,1.5,confirmed
2025-10-24T17:56:42.075961,ethereum_tx,0xf0fa2b9097d9af75ff2c1f3c66283648a9c063f21595dc583564218334255488,9481647,0xC5fD2d2b4a035735F03ddD06B0500bD8e2480715,0x2A4496bbC344414e3bDbE6a8E7c40EF007DAeEd1,0.0,1.5,confirmed
2025-10-24T17:56:42.075961,ethereum_tx,0xaf29bd12a9ae5e29c43fbd9a77510da1c91ec83274a8b19f12718724e4ef6448,9481647,0x505EE5a07168886407B4E0230A2daBa4Fa1c1483,0xCFB35055eC4F0410E810AF97a15537a018d03BC9,1e-05,1.5,confirmed
2025-10-24T17:56:42.075961,ethereum_tx,0xe2b4494d75e5a17b104905866e855d9be5bf25bb0e595f7ff983fa93449a541c,9481647,0xbFA1bA181a07bc4889e20280400D645189d80277,0x57c5dC670eB6f571bDD8Fc1CF178c46c9A917A74,0.0,1.5,confirmed
2025-10-24T17:56:42.075961,ethereum_tx,0x8eeea795196e95f0bd2571abfd9816176e7aea99d9d902ac4be81702ddd26f80,9481647,0x8BE4f8A0dfdB5cfda789a7F42F3a63a219509a83,0xba1FCc7a596140e5feC52B3aB80a8F000C9Af104,0.0,1.5,confirmed
2025-10-24T17:56:42.075961,ethereum_tx,0xf158cca1ae946bc1f7f81f151684a67795cf6f5ce8a087c0724a868b7db0296e,9481647,0x48BcB4065C0D9194aDa8EDd7FB3E6d8c8C5abBBc,0xBB478d897ffF53fC09a52Dade83032c612F48c93,0.0,1.000000009,confirmed
2025-10-24T17:56:42.075961,ethereum_tx,0x9f6c84add857d740fc41167ae433b63146a188fc2bb3eda71b1e6f39058b966a,9481647,0xf329D31191A5693C941341979871e6a7D65C7836,0x277dee0c8D9922c647d5387F204029bdD6283CcD,0.0,1.000000009,confirmed
2025-10-24T17:56:42.075961,ethereum_tx,0x65ba49f562f571665a3c7f57d98f874442c25f73cd2bea049ef1bef7a15c0c71,9481647,0x87f2E1C57454B6fF349e90b4a4c095751acA729A,0xFc8E68B86F94A54024C766Bd254C16FFc921927C,0.0,1.000000009,confirmed
2025-10-24T17:56:42.075961,ethereum_tx,0x569fb5c22c42a9ea18f882fb8bd9795877087209748d2e04a91af754492cd8c7,9481647,0xF0FEd0C0192539a1076d8BDa1233f414704d98Be,0x00D22efF04CF7d0f5A355A6D9A06E43120398dA6,0.0,1.000000009,confirmed
2025-10-24T17:56:42.075961,ethereum_tx,0x8a3da2889cac27e5e8ffaaf640c127eeb485fcc864898c1b5814d5f1b886a70e,9481647,0xF849bb920fAfb4f287913c2BE5e55ed4d0B5F4f4,0x07102378f11c8bC64532AcAfD7E4281595a449D3,0.0,1.000000009,confirmed
2025-10-24T17:56:42.075961,ethereum_tx,0x46c595ad5414dbdfd33c0fe3624442a7d1be4ff18a00c8dc0507a8fb17ac36c5,9481647,0xD1a823bF5c7DB22A2dA0cB9Cef9330930805a472,0x582D8c8675f58430581F2aEd0BE486Bf2576D8DA,0.0,1.000000009,confirmed
2025-10-24T17:56:42.075961,ethereum_tx,0x96a6782f7623dc9edfd178670196a9aa8b0d450001cff5536e1261364e15c1ec,9481647,0xdd67626d2eFB7ABd2b59547319934BD8Ec0709aD,0x00b9ba58Cb6b373fF29445d6b15eE9f7ef2126BD,0.0,1.000000009,confirmed
2025-10-24T17:56:42.075961,ethereum_tx,0xf9dcb0d534bd5c77d292d279808c5e528ccb6c0ef954f1fb396d8638ab72f3d6,9481647,0xaceD96fC258bb6e80A6F4a937E2f751bd315A03d,0xFF9eE3b2D9E75C62b98174C2611C391991b6e057,0.0,1.000000009,confirmed
2025-10-24T17:56:42.075961,ethereum_tx,0xa147aff6de4fae336c90d2f99d0e0975860bf5fde5c4e1b8e58d4ba45dbd3ff3,9481647,0x71efcD475724Af63B5A94869A038Bf67e34AC26A,0x183De4cd07f2cE5b4f08d64f2bCFA533B50D0783,0.0,1.0,confirmed
2025-10-24T17:56:42.075961,ethereum_tx,0x68f11c7747fc325c8a7eb0b7887710dc90a9ab9349b68edeb9a9e0bf8291a8ae,9481647,0xa42b137837C83B7eF5Af7BA3204c4c34D9507F9F,0xf993E10C83Fe26DddFc6cb5E82444C44201e8a9C,1e-06,0.020000009,confirmed
2025-10-24T17:56:42.075961,ethereum_tx,0xb7590c863c61a35e3dadcb6cac4df8c5faa7c201bd81d0e87bd9499afdbb9251,9481647,0x70Ab95b5a374E86f274656F0801A1699993E2791,0xf993E10C83Fe26DddFc6cb5E82444C44201e8a9C,1e-06,0.020000009,confirmed
2025-10-24T17:56:42.075961,ethereum_tx,0xdfda47db985ee4c2d90300a59ddaa24a3fead2718833069b0eccdca5314c2832,9481647,0x1aB66cAD4C6Ebab4dFC24E62bD277E02AB8d8001,0xf993E10C83Fe26DddFc6cb5E82444C44201e8a9C,1e-06,0.020000009,confirmed
2025-10-24T17:56:42.075961,ethereum_tx,0x094dabce312aa1e227947e2bef47df996ad8240d7fe925abe45d8a5a503dcb78,9481647,0x6698D490AF5616d19c4b014B72af90EEe717ea17,0xf993E10C83Fe26DddFc6cb5E82444C44201e8a9C,1e-06,0.020000009,confirmed
2025-10-24T17:56:42.075961,ethereum_tx,0x1950fb5ee276cfbaffd0105c112b1652962fcc2644695928cb97c24de494a82b,9481647,0xF4b8439caA87481aEBEc4cf53b1775d4CD266A5E,0xf67C7cFCC82FcA16b6FDe025852e1df5BF12a046,0.1,0.001999991,confirmed
2025-10-24T17:56:42.075961,ethereum_tx,0xf1dc1cc789940a738463dba01e7aad6f402e26379d6565c0090bae297c183ec2,9481647,0xeE3B3574B2cDd8D05ab4de062A66ad07bc7CFcb2,0x5b718E36F5Ce2F2F7e25A397040436Ce6af3e89e,0.0,0.001500009,confirmed
2025-10-24T17:56:42.075961,ethereum_tx,0xe3690558c78eea1d4c08abcdd287e1fa71b2e54eaad2451aa176a0a937787423,9481647,0xaAa4CB044C5c0638D9A1e9811152A20cE5D7C99E,0x956962C34687A954e611A83619ABaA37Ce6bC78A,2.4253584357577e-05,0.0015,confirmed
2025-10-24T17:56:42.075961,ethereum_tx,0x6c30babf291d9441553fcef313a88cdad28e189853a389c609b6f58a4d696180,9481647,0x52E5D487393B9D062B6cE5B81a3bd8eC49790D46,0x956962C34687A954e611A83619ABaA37Ce6bC78A,2.938369050065e-06,0.0015,confirmed
2025-10-24T17:56:42.075961,ethereum_tx,0xc7e04d186ca1cc73c20e0f713ead5273335a5e3b3a397203c20bb084377ca621,9481647,0x1407a423FFaBcBC6ceEb0bbDf4cd093c860a3F62,0xFf731AB7b3653dc66878DC77E851D174f472d137,0.0,0.00125,confirmed
2025-10-24T17:56:42.075961,ethereum_tx,0x1a5b217d640f18b587f9c98d529e57ac998111ca7d9845967b54482fcd4598fd,9481647,0x2774201Dc99af7Ec8fc914093eAD8Da4d2448B6D,0xd38AB9f1563316DeD5d3B3d5e727d55f410d492E,0.0,0.0012,confirmed
2025-10-24T17:56:42.075961,ethereum_tx,0xdb2511cad4d1ae646b8233b06c86e6e129507facc6cfcfd22a48c8d41b310fb0,9481647,0x65141CA3329DA9A83458017474b5Bc62097Cf24f,0x69C6b28Fdc74618817fa380De29a653060e14009,1e-18,0.001199998,confirmed
2025-10-24T17:56:42.075961,ethereum_tx,0xee6c3a59766d072188e48c8cebae5864571bbcde68b76b94cfa99dd7e9946bf3,9481647,0x52f1984Cd3e46e1214dB222D3Ff63712E7aCEedD,0x19D5C77B565b9A5f2BeE281740bFB7ea86404889,0.05,0.0011,confirmed
2025-10-24T17:56:42.075961,ethereum_tx,0x8a14580b3bec2a032561cd6fd57a279b0bcdac6fe527811e05260c3fa1771454,9481647,0x715d1084b1237Ba6a61447890F282E2505471EEC,0xb5A49949C49dEDD852F9f0f419b17aD2785032db,0.0,0.001066676,confirmed
2025-10-24T17:56:42.075961,ethereum_tx,0x2aea9050fe0727884b5a3639d126a544801fc0fd5e4e15b43f0910dad569b550,9481647,0xCAA0CaA08168ad6538D3432892699D46628F5266,0x7215691F60C4fA7Bb82c5Ac44c7d57dc32bB0493,0.0,0.001052631,confirmed
2025-10-24T17:56:42.075961,ethereum_tx,0x43e4e6df02f10a7d7f20c0e6c53f1f3db52249ac73cb6e0fa40e17b656039806,9481647,0xaCD95eFD3F510F36482426d11B476F6D17505007,0x3eDF60dd017aCe33A0220F78741b5581C385A1BA,0.0,0.001052631,confirmed
2025-10-24T17:56:42.075961,ethereum_tx,0xbcd31b021213b0fb3e0a515009dd9714dacb70f1a6092c438de8606bb08a6e2f,9481647,0xC32c435749f990f4152A439d4672e7acA6B0E01C,0x3eDF60dd017aCe33A0220F78741b5581C385A1BA,0.0,0.001052631,confirmed
2025-10-24T17:56:42.075961,ethereum_tx,0xb1983d83857250c9320a6b96effe49bf23f0c18b414ded567dab0d508a41895a,9481647,0x4337016838785634c63Fce393bfc6222564436C4,0x0000000071727De22E5E9d8BAf0edAc6f37da032,0.0,0.001000917,confirmed
2025-10-24T17:56:42.075961,ethereum_tx,0x7173d74f170a94ad0f169cf32a6faf08c1c6e33dda2af67b1e08a9884c32132d,9481647,0xDaf7e62C3E562C6A5f9D6fcD1c6571Cad39DBABD,0x86EFBD0b6736Bed994962f9797049422A3A8E8Ad,0.0,0.001000009,confirmed
2025-10-24T17:56:42.075961,ethereum_tx,0xe0b7251a086aafeb9e92bd1f59143da0bd1a0257d7dd7fcaabadb2a2af7c18a4,9481647,0xe036828307C40A1471DBCd55d3BEA3fc57cAC75C,0x0000000000000000000000000000000000000000,1e-05,0.001000009,confirmed
2025-10-24T17:56:42.075961,ethereum_tx,0x006961b3d63e85420b42c979927711f0bb3727efb9f46d6a93da3249152d069d,9481647,0x7e922677B1824d6E65e1Be413eFcDa33718DB23c,0x86EFBD0b6736Bed994962f9797049422A3A8E8Ad,0.0,0.001000009,confirmed
2025-10-24T17:56:42.075961,ethereum_tx,0xbb37eee1d9e41dffa0912eaed65930cb658af22412d82c3809df28640e88394f,9481647,0x056A1275DD670205aba10D8fC9bB597777a65030,0xd0dbB2486e3Fbf371D1B2e35Fa330bef6529d2f4,0.0,0.001000009,confirmed
2025-10-24T17:56:42.075961,ethereum_tx,0x91f2fd5335971a8f94a713291c7f65f0d5508402e26dcf43d4c7e6dcf8dab575,9481647,0x36a46774A3743641D4C274b385608Cb455B5B6b8,0xd0dbB2486e3Fbf371D1B2e35Fa330bef6529d2f4,0.0,0.001000009,confirmed
2025-10-24T17:56:42.075961,ethereum_tx,0x60ceb5c0555a1e07031a072cb05680ab283a14d477a4d2e073c4fefd7c6ea801,9481648,0x53349B11B5D2f399912dE02e757391f09838e545,0xcA11bde05977b3631167028862bE2a173976CA11,0.0,3.000000009,confirmed
2025-10-24T17:56:42.075961,ethereum_tx,0x75f237294def501e759a16677e0acbe089ad5e0317e94603346d49844cad68f7,9481648,0x6a2E1C4B0fb05314bBcaDbf8d2F3D7FAa7040374,0x7950Bf5f12fc6eb8f54c8b9f8685Da8236B17d05,0.0,1.000000009,confirmed
2025-10-24T17:56:42.075961,ethereum_tx,0x85d72462d74db7321ba3411d54f01b1cc1f29eaa3ac4596616588d4d322e3cba,9481648,0xfd53470828BE7b9b3E39670323C0Bc1F1a3B7B7d,0xade2208f895c258133da617d414d61446364C7Fc,0.0,1.000000009,confirmed
2025-10-24T17:56:42.075961,ethereum_tx,0x2b9076c864710522dc844014189be20f2773435d6585d4f067dec274f2ddb33b,9481648,0x5029d33786332ce5797911A22a97f4a02CE8f841,0x94C22082c77D730072d1Ea026200672F03E85459,1e-05,1.500000009,confirmed
2025-10-24T17:56:42.075961,ethereum_tx,0xa0f058bc850e7828fd6bc05ded948fe72c5633018e64b9617a0ad3427c99d712,9481648,0xffb026F67DA0869EB3ABB090cB7F015CE0925CdF,0xccf01B1e6dC6Fa9e0d961032a06936C33532dAB9,0.0,1.000000009,confirmed
2025-10-24T17:56:42.075961,ethereum_tx,0x01edd39b3a1eb455f8fdb10b20898d472c68731fe1dd177d18bb22578af9bb62,9481648,0xB3A4e46b180887e27ea1881CF7A413775210440E,0x2BC718C1E90E8eF61457EE8eF3A3CB1E5056F63E,0.0,2.500000009,confirmed
2025-10-24T17:56:42.075961,ethereum_tx,0x8750c6d3d6b738f2531c39d62916b8db098f9bf2c6b8749df4f0b24019e6419a,9481648,0x520D64e7D20acF0ee5e911a5276FDBbd68463773,0x7f9dA388fb2943aE1Eb8BCDF945F4265A33097b0,0.0,1.000000009,confirmed
2025-10-24T17:56:42.075961,ethereum_tx,0xbbdf8b03ad4d363983bb6116932a1272be45945aeeac5925e11113d9012ce853,9481648,0x7A6b0aee3FAF2a2b464C5309FDD94783094Da2f9,0x57c5dC670eB6f571bDD8Fc1CF178c46c9A917A74,0.0,1.5,confirmed
2025-10-24T17:56:42.075961,ethereum_tx,0x7c5edbaae26afd96fe23b4cdcde25e4db1602483e0a9cca667f69a73d8208b50,9481648,0xC86A380bc8f19c380745DB73c4bA45a07e6B4581,0x57c5dC670eB6f571bDD8Fc1CF178c46c9A917A74,0.0,1.5,confirmed
2025-10-24T17:56:42.075961,ethereum_tx,0xf0b52f44c4e1308f67c0dd2f97ce553352c4c2a9b1ec7aa66f83ccc0e9992764,9481648,0x22d72dB063dd9cE6b96bDE48331E6984c1570F38,0x1E59A308BAFAd671F63BA5d440489f0a84bF0F7C,0.0,1.000000009,confirmed
2025-10-24T17:56:42.075961,ethereum_tx,0xe51f3787887462a1dffbbdde81b5eee6f2a0dbf8127a2ded55c11058c414f759,9481648,0x8CFC2644e690D45709B9B8FC87B055c1771dD8FD,0x2A4496bbC344414e3bDbE6a8E7c40EF007DAeEd1,0.0,1.5,confirmed
2025-10-24T17:56:42.075961,ethereum_tx,0x5a207100496432bb8b7df2e437d6318279e5bb65deb636c781cfa2e871451154,9481648,0x94b679D91721f61C69E074E1cfAC9aA6BfE9e5BC,0x2A4496bbC344414e3bDbE6a8E7c40EF007DAeEd1,0.0,1.5,confirmed
2025-10-24T17:56:42.075961,ethereum_tx,0x22379baa1e60d82970cf1b7accad8340a88f05c881e632266ee77d5401443591,9481648,0x43CCB72DCC242bD3f5990b1683E79Fc89a41efA6,0x2A4496bbC344414e3bDbE6a8E7c40EF007DAeEd1,0.0,1.5,confirmed
2025-10-24T17:56:42.075961,ethereum_tx,0x184e0c00a036d0a089f9b1d70bbed7b56aa737165bf4a41b30fab1473509a8bf,9481648,0x8BE4f8A0dfdB5cfda789a7F42F3a63a219509a83,0x2A4496bbC344414e3bDbE6a8E7c40EF007DAeEd1,0.0,1.5,confirmed
2025-10-24T17:56:42.075961,ethereum_tx,0x0b0d19b724d9ec6120da3a116224ce7ba493cf7a37e21ac4c98add34bd02a928,9481648,0xF6B4F351d5C4AaE6Bd8eca60d25Ee527e501494C,0x2A4496bbC344414e3bDbE6a8E7c40EF007DAeEd1,0.0,1.5,confirmed
2025-10-24T17:56:42.075961,ethereum_tx,0x7c186cf3139a99fa4eb74bfe23880a87fbce2c520d12d2d0244c4b4158444ce7,9481648,0x0172639aC4E178BAd27687ED389d34FffEb19A19,0x41BFe44Db4Fd2eAcfD493451be331042Ced80555,0.0,1.000000009,confirmed
2025-10-24T17:56:42.075961,ethereum_tx,0xca5af4bfea9c52f38abbfc5ef507da8c2a2efa491d559778648954c3514866f0,9481648,0x6Cc9397c3B38739daCbfaA68EaD5F5D77Ba5F455,0x04CA58bd6913d525B384037E9fb8545F53e8370A,2.5,2.000000009,confirmed
2025-10-24T17:56:42.075961,ethereum_tx,0xc63de957f3d716733aacf483d3b75cca24143229eb6ea569a3ac44223ff66bb8,9481648,0xfdFb0F68c05A7725797dF80aFD87069c9FFcf425,0xFF00000000000000000000001115511122444422,0.0,2.000000009,confirmed
2025-10-24T17:56:42.075961,ethereum_tx,0xaf545e35e685a5ef2f159d478062ac696f3704c7081b61b7f30f3c542faab815,9481648,0x6Cc9397c3B38739daCbfaA68EaD5F5D77Ba5F455,0xF4Ab920A4435A172ce52581A20a01817B851705a,2.5,2.000000009,confirmed
2025-10-24T17:56:42.075961,ethereum_tx,0x2db564feac98f6dada06936cf716a823b8f01c0dbbfd67ad84c0262c6fdf461c,9481648,0x6Cc9397c3B38739daCbfaA68EaD5F5D77Ba5F455,0xd2C51aB40D8F24E8093C0a53A30283996a2C0f01,2.5,2.000000009,confirmed
2025-10-24T17:56:42.075961,ethereum_tx,0x21c675edf7d1a015291fac76898db07a3cdc9f09bb53d115927d47e646f5d2ec,9481648,0x6Cc9397c3B38739daCbfaA68EaD5F5D77Ba5F455,0x411121e04c1be1837E30040E18D77abEC6836Bef,2.5,2.000000009,confirmed
2025-10-24T17:56:42.075961,ethereum_tx,0x07dab5399ad83a1d76a42c6d792c03d438a327f7ef34f28ba77bcb14383515a8,9481648,0x780e5DF35BF706192942E4D06A2330dEaAE02c6c,0x001378BF3548e464c412FEBAC2a6B448Ba8D2638,0.0,2.000000009,confirmed
2025-10-24T17:56:42.075961,ethereum_tx,0x0ea9f5fc791abaf2f077f7e56784d7d76390f7f8aa7b23c908fa27b1d280af44,9481648,0xe7F38E2D57a0eA80240B5E65A69AF66812CbCd0C,0x1283aAc6338d9402fDF2d94e28c35cA921108711,0.01,2.0,confirmed
2025-10-24T17:56:42.075961,ethereum_tx,0x19dd91aea4923f9be816cf07d355b516f55da7f4009bda24e919cbe0a4ec6ce0,9481648,0x018Ecd0cC400C083a74E44a69056D82Adb089F41,0x5e60a4e290DF0439384D9Fdb506DE601F9D4B038,0.0,1.500000009,confirmed
2025-10-24T17:56:42.075961,ethereum_tx,0xa039ea2897e5c5636554ed45c16a86f8feb92c86f1ef59e237ed22aea70a4c4a,9481648,0x92368F34D8440CEC9648695Ba3A65114A3AC578A,0x6E3aE938301c7c0Ac1bd206d6A9eAb02C012288d,0.0,1.000000009,confirmed
2025-10-24T17:56:42.075961,ethereum_tx,0xee1ed8e08f3c9678f7d0f3d9a62a98e829a32d80d4d28418693ac460db93d797,9481648,0x3D2D165f5024B68B8dB4C22Ff0Cf88708A35606a,0xBC04d69Ecd7890699b2BE7924eA86474e15098E6,0.599968499999937,1.500000009,confirmed
2025-10-24T17:56:42.075961,ethereum_tx,0xcf1343fc85c5e4a16d20f037b518328ad02793f6c2573b9f85deb41b9666c252,9481648,0xc39Ab29406cf7F5e6eD12320B667F5A26ce9127b,0xf09aC195BFfBC16F4CfEe65Fc7366b1E67E5ae8e,1.12e-05,1.5,confirmed
2025-10-24T17:56:42.075961,ethereum_tx,0x442218395f948a205a4233febe187d19dd3866851072d31e4560bd69c554d979,9481648,0xF0FEd0C0192539a1076d8BDa1233f414704d98Be,0x00D22efF04CF7d0f5A355A6D9A06E43120398dA6,0.0,1.000000009,confirmed
2025-10-24T17:56:42.075961,ethereum_tx,0xb190bb0de0525260bd7438cdceddcf4ba291b5855486ed2044bae5cd6bc514d5,9481648,0x600819761171d7ba8784182DbF63D2A51A0D067D,0x7b79995e5f793A07Bc00c21412e50Ecae098E7f9,0.0001,1.0,confirmed
2025-10-24T17:56:42.075961,ethereum_tx,0x53fb6f780d941d31c711fb3bf5923989ec2bf0eb1f59e34ae52ddde9b382f402,9481648,0x7BFf49D5c9BA8E518061F4978E8FF0920eaa3a7c,0x7A666bEc1e5ea04F832A03edd36516DCC04F8712,0.0,1.000000009,confirmed
2025-10-24T17:56:42.075961,ethereum_tx,0x6537275009d377d706790b54af7299617f8756278250076ce37eb73173431ced,9481648,0x970BA663477ab48025727E29c79ca971daF213f2,0xC615c19eDEDeC58f4cF6A947d00FAe20B5F4B216,0.0015,1.000000009,confirmed
2025-10-24T17:56:42.075961,ethereum_tx,0xad31a8f479f6e8d0d46aefad630ba740beda02aebce88de3cc7674606b9c64c3,9481648,0x80bcc2E36845B1eF40B4702ed1105E4a0feA4932,0xf993E10C83Fe26DddFc6cb5E82444C44201e8a9C,1e-06,0.020000009,confirmed
2025-10-24T17:56:42.075961,ethereum_tx,0x714b9fe30d25264d057db4c4868add06bd6e84e35b4ff7259663a441f839fb22,9481648,0x422C293F52beD782908fC69c44bade4651779894,0xf993E10C83Fe26DddFc6cb5E82444C44201e8a9C,1e-06,0.020000009,confirmed
2025-10-24T17:56:42.075961,ethereum_tx,0x5cbe1803e7f841ebeeb43b376480ea6537e32b62797c2898591cb70890a46ee3,9481648,0x1df4b7b7DE7e7616C9BEDbF0645A1b31517E74B9,0xf993E10C83Fe26DddFc6cb5E82444C44201e8a9C,1e-06,0.020000009,confirmed
2025-10-24T17:56:42.075961,ethereum_tx,0x55e5214a1b94efc2dab16dc1eae2cc180157feba24da250b1148a13effba20c0,9481648,0x804e6805D401463A44dD7a44a9ff2678b13bF7CA,0xf993E10C83Fe26DddFc6cb5E82444C44201e8a9C,1e-06,0.020000009,confirmed
2025-10-24T17:56:42.075961,ethereum_tx,0x094e99c2c954248550647702c9cfccb10ecf9a586996a13281d2b5f3098d9a53,9481648,0xE4072D84A3f761C300eF6d7dFB7E9e87e3296eec,0xFeD59209D941e99DF011F43a3e463Ed6C1DE5688,0.0,0.001,confirmed
2025-10-24T17:56:42.075961,ethereum_tx,0x2e7f20b3306da4f63848a6b38aec3ed9eac65512a521a7cca93abd78d8d1866f,9481648,0x78a8BA9D07991f7e085366E6e3736A3FB38BbBeC,0x87A3effB84CBE1E4caB6Ab430139eC41d156D55A,0.0,0.001,confirmed
2025-10-24T17:56:42.075961,ethereum_tx,0xc3a5a3290c77f35a4877e636b71eedca8ebb5882a447eae7b2dedf931f1abdbe,9481648,0x6d7927C0D236388319864007681BC0C6b844Def8,0x12e1181a741b70BE6A9D81f85af3E92B6ba41897,0.0,0.0013,confirmed
2025-10-24T17:56:42.075961,ethereum_tx,0x4c7592579a7fce52f4568df42b57105567c424237a05202a34a9826f5a931e75,9481648,0xEbb572059363FA4FfF24781b24650Dc8ea74d33F,0xcdD16080FEB6479F92D07099488E910f1cC2FCD3,0.0,0.001,confirmed
2025-10-24T17:56:42.075961,ethereum_tx,0x1aaf01b6904b5e2d476e43f2575a9a8d5681789b1acc8a7dcb07ebabc93083b8,9481648,0x7651ecE47B4856BC330113914610527f56863914,0xb8e2cD67eD66722a8e70ad5dAc817F7CC53136dE,0.05,0.001,confirmed
2025-10-24T17:56:42.075961,ethereum_tx,0x1de586d4a1a1b70bb5ab89bcb070a7c49a0c9ffa60f808520223cb551a0c92ed,9481648,0x47DDE7385BCf77043f2731733Ea21355F770fC3E,0x19aF73856cB368a9EDa91a93Bf6401c5D1c786b3,0.0,0.001,confirmed
2025-10-24T17:56:42.075961,ethereum_tx,0x99ed4b4d2625b9bf806de3ba7ac64b30790df8a4cff271b43d6993d2d67456a1,9481648,0xcD12Ed9b63603bc9685Cda552c0156d9b297b41F,0x87A3effB84CBE1E4caB6Ab430139eC41d156D55A,1.5e-05,0.001,confirmed
2025-10-24T17:56:42.075961,ethereum_tx,0x367287517c58bad5c6fd19195ad4efb937595ac64133c78ff27092f1c92aec1f,9481648,0x27A88B8846882507bab868974805339d4c438667,0xA73aFb610aC79A729A393D679029fCf9618854AD,0.0,0.001000009,confirmed
2025-10-24T17:56:42.075961,ethereum_tx,0xd7ddb2c34dfbd970079da60d55b3c36f057aaf2e6afe03692141801ea746e077,9481648,0xf166e84d95B80d1c68b5Dee2e6650B9f2E53ca78,0x87A3effB84CBE1E4caB6Ab430139eC41d156D55A,0.0,0.001,confirmed
2025-10-24T17:56:42.075961,ethereum_tx,0xbcb0d52f780341709460e8c3c4c6b3449919702b3f3eee8bab4d33d423348103,9481648,0x2D1A477e22F93b66F70a781D1f6aB73C3a62f09b,0xA73aFb610aC79A729A393D679029fCf9618854AD,0.0,0.001000009,confirmed
2025-10-24T17:56:42.075961,ethereum_tx,0x43f199d01aa30cfc39f048bc8e40b5a446e61a72ac7f69c11422dd89a2a89a29,9481648,0x4BA56bDa2009816e260921970041d6Eb005D7272,0xC764A997C86dC22B50Eb637626e3f46bfd82534A,0.0,0.0015,confirmed
2025-10-24T17:56:42.075961,ethereum_tx,0xe3f432d8a15008e3db0ca9e51f2da84d9e47cfae2c3eb9f616024b794d03892e,9481648,0x099BA97a37FA019c064a2517026e3c2Ea8DB9964,0xF6e7F84d9cee738ec59c08B7a7260152C236813a,0.0,0.001,confirmed
2025-10-24T17:56:42.075961,ethereum_tx,0x92e198f054fc331c7c613bd6cab59ff3e6034238be6ddc57f0b92869ab388ee6,9481648,0x5d72984B2e1170EAA0DA4BC22B25C87729C5EBB3,0xd4116f515A6958da851080B390DDE4B81f408978,0.0,0.001000001,confirmed
2025-10-24T17:56:42.075961,ethereum_tx,0xdadc1bd249c85d21b50c2a926302f875393cea375643c45d56698dd37269f0bf,9481648,0x1FFA89cf51Af16F467244D979A8a15A35953bde2,0x87A3effB84CBE1E4caB6Ab430139eC41d156D55A,0.0,0.001,confirmed
2025-10-24T17:56:42.075961,ethereum_tx,0x453782e4010b87df5180bc5ce2c48e206c85d52f0b543bef33ca2c4b1f58b67b,9481648,0x77dF4328f8FE204F323C1Ae2A38b054993b8C3a6,0x0820f975ce90EE5c508657F0C58b71D1fcc85cE0,0.0,0.001060369,confirmed
2025-10-24T17:56:42.075961,ethereum_tx,0x2589c5b3b3b41c16b4f4a7e3fba6cded997e620b4881b837eea48158eef03ce0,9481648,0x61d8838f9A00250C9AF13D622DA7c08c372ee587,0xCf8EDB3333Fae73b23f689229F4De6Ac95d1f707,0.0,0.001000006,confirmed
2025-10-24T17:56:42.075961,ethereum_tx,0x9c6fb4403976ee8a49c2f6cf15067d41808e1cea5bdc425c82f9d610f72582e5,9481648,0x3cfDc212769c890907bcE93D3d8C2c53dE6a7a89,0x0000000071727De22E5E9d8BAf0edAc6f37da032,0.0,0.0011,confirmed
2025-10-24T17:56:42.075961,ethereum_tx,0x55181355890dafc94c6d50dee24e39a12a8523c5f2b0b32de9e95d9f08352f4b,9481648,0xb3a1956Cff1ecc8054B81b0C83b9847CB71384b8,0xCf8EDB3333Fae73b23f689229F4De6Ac95d1f707,0.0,0.001000006,confirmed
2025-10-24T17:56:42.075961,ethereum_tx,0x1a30f80b8d24ea45c17866db07977ed1189d67cfff7fed6edefe61cd0c3cef25,9481648,0xb3a1956Cff1ecc8054B81b0C83b9847CB71384b8,0xCf8EDB3333Fae73b23f689229F4De6Ac95d1f707,0.0,0.001000006,confirmed
2025-10-24T17:56:42.075961,ethereum_tx,0xb26cc5bb284f869c79dbc2bca551af9684b8d8ab29801b8e79d4ea5f930f11a4,9481648,0xFA646594bF2241061314d53e850A466815B3600a,0x738e96D813a47552499fe1C82E8dD415f7afB7C3,0.0,0.001000009,confirmed
2025-10-24T17:56:42.075961,ethereum_tx,0x02e357d2602e710d8d7a8daaeaac6cbdb6a4a5aa40821a9b990e8b12e6fd9563,9481648,0xcB499cf9d71FBD345e9BF8A37434e5C92d290Efc,0xb3975b4294ed871013d2B47ADe5da9015Df5C54a,0.0,0.001,confirmed
2025-10-24T17:56:42.075961,ethereum_tx,0xc66eb86735ca0e0de74c643b16cc470c9a0d0803c84f2fd7141c35a4fb039b57,9481648,0x860235D5Db42eF568665900BBD6bA3DB2fA4f33f,0xd0dbB2486e3Fbf371D1B2e35Fa330bef6529d2f4,0.0,0.001000009,confirmed
2025-10-24T17:56:42.075961,ethereum_tx,0x671b747862843a51266b825cdf1c6bcb73679d68268baf68db8e8c1089c451f6,9481648,0xA2bfAc45e6878fbE04525C23dFbb11fFb224Ea60,0xd0dbB2486e3Fbf371D1B2e35Fa330bef6529d2f4,0.0,0.001000009,confirmed
2025-10-24T17:56:42.075961,ethereum_tx,0xade2f3e15c62aacb9d966bd748856fcb40c66201e79c3787fbd2694f2579aa8c,9481648,0x875F883c9457ee111b8ed042B3680B343202b1d9,0x9f54e6A87429E7bB2fe7B9f0ACCA3A31560FF198,0.0,0.001000009,confirmed
2025-10-24T17:56:42.075961,ethereum_tx,0x0da17cc3d59320e666669f86d608af9447620ea26813a765cbe8598570788649,9481648,0x3Da763C42E438eB17880fB6A83040d6cf13eF03b,0xFf00000000000000000000000000000000042069,0.0,0.001000004,confirmed
2025-10-24T17:56:42.075961,ethereum_tx,0xcd58bd65027136ced77f07375ea8263e4426707d054a786af46061d3fa0eabdc,9481648,0x3Da763C42E438eB17880fB6A83040d6cf13eF03b,0xFf00000000000000000000000000000000042069,0.0,0.001000004,confirmed
2025-10-24T17:56:42.075961,ethereum_tx,0x9d4bd8711b187e400b516d7b77cef389e5ca3a05ba0a7ca816d0cf46ec932d01,9481648,0x86998d563F47e9cC192be06a5701b1602C441140,0x956962C34687A954e611A83619ABaA37Ce6bC78A,0.001,0.001,confirmed
2025-10-24T17:56:42.075961,ethereum_tx,0xe1ea545b881ead941224d62cb7e1883a307365c1088109b3d8696aae765529b6,9481648,0x83DB597afF7c6a8A43b7672a37Bc355450f4cC6c,0x956962C34687A954e611A83619ABaA37Ce6bC78A,0.0001,0.001,confirmed
2025-10-24T17:56:42.075961,ethereum_tx,0xd271a02647530212038f624268e5ec33e250b15bf246de16b94864f3b8696c8d,9481648,0x09dA544CA3AdE7b5AA7a28477d6f1959B0647ad9,0x956962C34687A954e611A83619ABaA37Ce6bC78A,0.0001,0.001,confirmed
2025-10-24T17:56:42.075961,ethereum_tx,0xc56e49d2e562704e2ff91d1dc6f4852f11277fd9b8a63f8d10f4d9b5aa662cf7,9481648,0x7385186BD5Fb2e089FBd6DEd27EAf91DA43e6Bed,0x956962C34687A954e611A83619ABaA37Ce6bC78A,1e-05,0.001,confirmed
2025-10-24T17:56:42.075961,ethereum_tx,0x979791da9b23bdd484d1569b0bb7eafbf37c96f014d0fdc828f02660ee628e87,9481648,0x2bF78d2268Ed1776E41323D6A5aE694d8c8F7968,0x956962C34687A954e611A83619ABaA37Ce6bC78A,0.0001,0.001,confirmed
2025-10-24T17:56:42.075961,ethereum_tx,0x7711162da0ab4d1754f3a3d783cb9d9e78376021ab4849ad029b348b9e3a4811,9481648,0x1F010c3fcDfd6BEF054DC4750449EF44C970e6f2,0x956962C34687A954e611A83619ABaA37Ce6bC78A,1e-05,0.001,confirmed
2025-10-24T17:56:42.075961,ethereum_tx,0x4ff035815f251746efecb34a59fae4dd843d7991fa39735f122346650c9e308b,9481648,0x7afEc1252f5C7b317505aB379Bb888CbD07e6659,0x956962C34687A954e611A83619ABaA37Ce6bC78A,0.0002,0.001,confirmed
2025-10-24T17:56:42.075961,ethereum_tx,0x4b529b0d4232357692b1626240175bf6aec40dcfaa1da1ffc4330ef48da9ec52,9481648,0x9C8FaA60ac71ad698FA1E9ba77C7F409eF4834cf,0x956962C34687A954e611A83619ABaA37Ce6bC78A,0.000132,0.001,confirmed
2025-10-24T17:56:42.075961,ethereum_tx,0x3ed8ca67b00d09e83d8d5a011993c18064f31622f0188b14a184f61575616fd1,9481648,0x7D58DfEbffe0A279e9cAE7c0CeDEf649E276e642,0x956962C34687A954e611A83619ABaA37Ce6bC78A,0.0001,0.001,confirmed
2025-10-24T17:56:42.075961,ethereum_tx,0x361bf16ef97035e5a0d3905a8c07d95e6255159c1bcf3f34bf35ebdac615e3e8,9481648,0x4217713afa6B2732718D8E09CE86Fd041c5C520F,0x956962C34687A954e611A83619ABaA37Ce6bC78A,3e-06,0.001,confirmed
2025-10-24T17:56:42.075961,ethereum_tx,0x0cd690157332b2a8c0fe9a61c2651d2f5c222b2e889c871f70f473b39c8f477b,9481648,0x0835a809F7353D260FFeacC68AD31B60F006849d,0x956962C34687A954e611A83619ABaA37Ce6bC78A,0.00012,0.001,confirmed
2025-10-24T17:56:42.075961,ethereum_tx,0xfc8af04d0445cbb2665093404d9dd82dbbdb88505fa5ce98d8e8344d5c104524,9481648,0x3E2aEB729b82Edb5ce1Af01c02746625C71C79f5,0x956962C34687A954e611A83619ABaA37Ce6bC78A,1e-07,0.001,confirmed
2025-10-24T17:56:42.075961,ethereum_tx,0xf2a1860b5f23bbd81fc83b6e8a148b13e458fc1b40bb2ef537db9739ab1f67ab,9481648,0x13e6009357AF52E7D564b5914aa97719C8304A28,0x956962C34687A954e611A83619ABaA37Ce6bC78A,1e-05,0.001,confirmed
2025-10-24T17:56:42.075961,ethereum_tx,0xf1c034e5f3b9e02531d8d7f072c48b026886925ed8465bc1ebb5b093bb124a79,9481648,0x65F68c609C4165D108061a2059d6C8FDc0d4F0bB,0x956962C34687A954e611A83619ABaA37Ce6bC78A,1e-07,0.001,confirmed
2025-10-24T17:56:42.075961,ethereum_tx,0xe7b92817150f465202499c81ecb3279d9b3d3346b9681e5b320dfa9a9932bac9,9481648,0x15D64a430Bb317Cab19B9E4b427a019Ebc1e7Fa1,0x956962C34687A954e611A83619ABaA37Ce6bC78A,1e-06,0.001,confirmed
2025-10-24T17:56:42.075961,ethereum_tx,0xd8547b9a5ccb84703cdce54b4a405193f17a33a6e4e35108b869470f17b1d631,9481648,0x46A22652729ea652c3d1A27Bfa0C58d2da2649dB,0x956962C34687A954e611A83619ABaA37Ce6bC78A,1e-07,0.001,confirmed
2025-10-24T17:56:42.075961,ethereum_tx,0xd83b2f98bf6ba2fda58f02587c9a64c63c709be1813170f8a506bff509e3ae5f,9481648,0xD64016b01257a9E1a67Cc42C40f01088e2Ce1071,0x956962C34687A954e611A83619ABaA37Ce6bC78A,1e-06,0.001,confirmed
2025-10-24T17:56:42.075961,ethereum_tx,0xd227dab944a06a1ad86922e511be6694c818ce08561ad8171c6cdc4462c5b740,9481648,0x10164Aa73bC32eD0a077E91b699200e11004790d,0x956962C34687A954e611A83619ABaA37Ce6bC78A,0.0002,0.001,confirmed
2025-10-24T17:56:42.075961,ethereum_tx,0xc7d332cd95142a211ae615d4223b3a98d9c5a7635fe9726475561b29991d9a2a,9481648,0x0969dDd6f7f85b6C2d9894bD173c18b5f4335E6F,0x956962C34687A954e611A83619ABaA37Ce6bC78A,1e-06,0.001,confirmed
2025-10-24T17:56:42.075961,ethereum_tx,0xc71ac47ba54ca01ee2a035b9d996ae0c0d20c7ed058103e45122e21678629b1b,9481648,0xc1b0365EDc276a589131765d508711fb6d0D732c,0x956962C34687A954e611A83619ABaA37Ce6bC78A,1e-07,0.001,confirmed
2025-10-24T17:56:42.075961,ethereum_tx,0xac84a1e3872455cef85babbee16196a0bc4aabc4f915d72a3459f1cd521ee30a,9481648,0x131356a891d2Ad02CaD13ED38A2e973C1C65F314,0x956962C34687A954e611A83619ABaA37Ce6bC78A,1e-07,0.001,confirmed
2025-10-24T17:56:42.075961,ethereum_tx,0x9922b8a8c102918e43b6c415e1d205a829a83f490448847e5c420b1df68d3407,9481648,0xD8798dbEba71fe491e5c32dfA27B6A970A12eBF2,0x956962C34687A954e611A83619ABaA37Ce6bC78A,1e-07,0.001,confirmed
2025-10-24T17:56:42.075961,ethereum_tx,0x98b3ad1ac735c03f64859b59cc537ff3575e99c75f170cd62e1d63c1ad0ce064,9481648,0x94B794E59838De302CCf043d1c7C5E14fc6473A1,0x956962C34687A954e611A83619ABaA37Ce6bC78A,1e-07,0.001,confirmed
2025-10-24T17:56:42.075961,ethereum_tx,0x71e3593d5cd7597378b11b063b0fc2bb565d7f649048134a0dcc1b15c381433a,9481648,0xfdEB572BACbFB20Fe009aB7319C8A26bB1dC41e2,0x956962C34687A954e611A83619ABaA37Ce6bC78A,1e-06,0.001,confirmed
2025-10-24T17:56:42.075961,ethereum_tx,0x69d0d4dcfd4f74ec7ee86c74be33eb1086635d0adbb943b9ea02ee6e68cb6cde,9481648,0x20CE9f32397df7d1590296cbb354Fb59662A3034,0x956962C34687A954e611A83619ABaA37Ce6bC78A,1e-07,0.001,confirmed
2025-10-24T17:56:42.075961,ethereum_tx,0x53895eb38b34e50b7c43a069b80df743a6f7a1d47d48b90c503cf22a4577eb74,9481648,0xB0752cCA8b78aAB13eA9bE15f9C2b88Fd8B6F043,0x956962C34687A954e611A83619ABaA37Ce6bC78A,1e-07,0.001,confirmed
2025-10-24T17:56:42.075961,ethereum_tx,0x48830ee16fe6070c2c15c17dbd6cee5dea245c01dcdf087df05986bede5fef6e,9481648,0x8cc245F321394DcEE68556170e2A81F5001443D8,0x956962C34687A954e611A83619ABaA37Ce6bC78A,0.000203,0.001,confirmed
2025-10-24T17:56:42.075961,ethereum_tx,0x33780bffcb2ee5917c9a975c9c261b2390db2acbec7ca035887b842c82de2151,9481648,0xeC3221F510cFFCC86E0cbb02Dd5A6FEb9EEBA608,0x956962C34687A954e611A83619ABaA37Ce6bC78A,1e-07,0.001,confirmed
2025-10-24T17:56:42.075961,ethereum_tx,0x139639df8d139d5685c92f5faa16034e00dc8819b8ac2887a7cb2780330ce931,9481648,0x8356B1EE8Ab99dE3583F0A01e2d247959B665173,0x956962C34687A954e611A83619ABaA37Ce6bC78A,1e-07,0.001,confirmed
2025-10-24T17:56:42.075961,ethereum_tx,0x001c281bbf43232af8de43bb42ca35ee75134337eddc1b978fba97ae3fdc169e,9481648,0xEE92cDab926518E946287B15Cca5f83e90480eea,0x956962C34687A954e611A83619ABaA37Ce6bC78A,1e-06,0.001,confirmed
2025-10-24T17:56:42.075961,ethereum_tx,0x77e66066f17b2efa2ef0b42ea63d8dd6b16284547baab55cd8a7cdde0c0ff5dc,9481648,0x380273DE3979c034cdCABe119e316F8AA8A4C93A,0x3eDF60dd017aCe33A0220F78741b5581C385A1BA,0.0,0.001,confirmed
2025-10-24T17:56:42.075961,ethereum_tx,0x6d34dd81ff5cea579db58c2a37ab138b0a6a97947b7fcfe8ce1545e79150cedc,9481648,0xF6c39a72A02F345B2a786CF5d4890A697a9e249d,0x3eDF60dd017aCe33A0220F78741b5581C385A1BA,0.0,0.001,confirmed
2025-10-24T17:56:42.075961,ethereum_tx,0xf9ac520522c34b5498bb3c2c96ee2daa08a626229a43746002c4343ed5f1df58,9481648,0xd756119012CcabBC59910dE0ecEbE406B5b952bE,0xADF5aadbe080819209BF641fDf03748bb495c6f3,0.0,0.001,confirmed
2025-10-24T17:56:42.075961,ethereum_tx,0x7c1d218315c307812946347c3fb835c516c5dfa5ad679ea3ef9232ab70088469,9481648,0xDf67049962a46DD31c2DA2C23932B20Fdb9D495d,0x3eDF60dd017aCe33A0220F78741b5581C385A1BA,0.0,0.001052631,confirmed
2025-10-24T17:56:42.075961,ethereum_tx,0x3aa64178b64d427fcb3338f9f3333c152bcca4331eae3bcc41df46bc3159e8fb,9481648,0x2BFaadCa3865BEf692e68B16A3A655bB3167e004,0x358e500d87F6d4630a8bF2fBDA09298C0873DA18,0.0,0.001,confirmed
2025-10-24T17:56:42.075961,ethereum_tx,0xff3f09a557eb834d3dac888ce1351c78d616ad31ba36a6d259bb3931934159f9,9481648,0x98376fA3A6525Ad5C7Ee1ea6cDD11301D30b9567,0x03C66CB1826BDB0395BF31E68Bf7E873e9564fFB,0.0,0.001,confirmed
2025-10-24T17:56:42.075961,ethereum_tx,0xfdc522f9f81012e1a605501bf62305636bbde2f74bb16c4110c361db326eecfa,9481648,0x8b6eA5612e43358ac8602BE585dfBB3BdCE1025b,0x03C66CB1826BDB0395BF31E68Bf7E873e9564fFB,0.0,0.001,confirmed
2025-10-24T17:56:42.075961,ethereum_tx,0xf72ee277ebf5ff3851f64de8f27e242684c35051f3112c56f13fce2572a17f61,9481648,0x91d5fa9Bc52053942C0619a6E0e1d1353ed3787C,0x03C66CB1826BDB0395BF31E68Bf7E873e9564fFB,0.0,0.001,confirmed
2025-10-24T17:56:42.075961,ethereum_tx,0xf60604451b19f024a00915a75658391636fa75f71d98bbf96ff5f1878cbe37a1,9481648,0x9dC821120557724339656035491369313D25D4f6,0x03C66CB1826BDB0395BF31E68Bf7E873e9564fFB,0.0,0.001,confirmed
2025-10-24T17:56:42.075961,ethereum_tx,0xe24cd8e720e229ba445ebe4b6c97939a6b688e59db92c391bb9a765a2f9f9039,9481648,0xF3Ab067Ec307309B254AB1b23D182d0f8bB09579,0x03C66CB1826BDB0395BF31E68Bf7E873e9564fFB,0.0,0.001,confirmed
2025-10-24T17:56:42.075961,ethereum_tx,0xa49dcd040251567ad562d02ec412e330cd60a8f330a5697057fc1a2c9bd75ef3,9481648,0x95D3B196D2C113E0b4D9a81dC1953ee8692Ec12C,0x03C66CB1826BDB0395BF31E68Bf7E873e9564fFB,0.0,0.001,confirmed
2025-10-24T17:56:42.075961,ethereum_tx,0x9cdd704378215c4d3cfdef260bdeb20858c53f3c982554dc531f654e2e7da9ac,9481648,0xa6a99C81b84Bd33B08b5c93FE8d7A916ddf28440,0x03C66CB1826BDB0395BF31E68Bf7E873e9564fFB,0.0,0.001,confirmed
2025-10-24T17:56:42.075961,ethereum_tx,0x994efb03d883aeccebb10878dc45ad5cc4dd4cf438ae68a28d1127c712186b3a,9481648,0x3d831C1dc36471A6e1a4aA6838B2d8aDb693F53f,0x03C66CB1826BDB0395BF31E68Bf7E873e9564fFB,0.0,0.001,confirmed
2025-10-24T17:56:42.075961,ethereum_tx,0x9218265b5075fe9e9ee1a1463743d4d1a5560ed0e607a4e6208976c659ebad19,9481648,0x0278bcAA9A19fa4426615265Adb9948Ad62619eA,0x03C66CB1826BDB0395BF31E68Bf7E873e9564fFB,0.0,0.001,confirmed
2025-10-24T17:56:42.075961,ethereum_tx,0x8ea658fbb32b6dac854dbb69d1aee24425fe214f69cb08e23fc2e033368a0403,9481648,0x2b2F08af8aA5dFF7f2475f24c3b04963c8071CE6,0x03C66CB1826BDB0395BF31E68Bf7E873e9564fFB,0.0,0.001,confirmed
2025-10-24T17:56:42.075961,ethereum_tx,0x7f6f729ca958cf1f95fac204a4b1f72c00a29fd92feb1b5067b46045cf11249c,9481648,0xA34c3Bf6E024e4244f1293871a617335E1AaF8C0,0x03C66CB1826BDB0395BF31E68Bf7E873e9564fFB,0.0,0.001,confirmed
2025-10-24T17:56:42.075961,ethereum_tx,0x7eb8da4f31c6553e2768c8c54769b5c4a4d6b9a27f8997698629543a8907b308,9481648,0xA6498f98741caaf4AD8Da6dF5714e2090784567c,0x03C66CB1826BDB0395BF31E68Bf7E873e9564fFB,0.0,0.001,confirmed
2025-10-24T17:56:42.075961,ethereum_tx,0x7ca91bed2159e1fe2d89a19506d4663cd47b91c5b9934d87669dcd67bd475d08,9481648,0x10b76895dA21E99535607aa7F0f2C3987e70Da56,0x03C66CB1826BDB0395BF31E68Bf7E873e9564fFB,0.0,0.001,confirmed
2025-10-24T17:56:42.075961,ethereum_tx,0x69fcef56207fbdbe3a6e9a2dd6017af9ac04011a5a099d2056914de8c0533b3f,9481648,0x6be918d5EfF054B628dB9C4BDCDCf1a27d6258D7,0x03C66CB1826BDB0395BF31E68Bf7E873e9564fFB,0.0,0.001,confirmed
2025-10-24T17:56:42.075961,ethereum_tx,0x68f7482191a5115d2c4378fd19102edea9d00ec7521fcb51bb665767f904e301,9481648,0x0e2bec6Db48F3f56ae731723FaEfEf2f1D217A9f,0x03C66CB1826BDB0395BF31E68Bf7E873e9564fFB,0.0,0.001,confirmed
2025-10-24T17:56:42.075961,ethereum_tx,0x5f4d54c7be0772bbe88770ab0485f4ede550621a4f3cb672723f9771c12a0286,9481648,0x37ba2A5aAA20b6e98Aa8303c8820F6f5d7E4274A,0x03C66CB1826BDB0395BF31E68Bf7E873e9564fFB,0.0,0.001,confirmed
2025-10-24T17:56:42.075961,ethereum_tx,0x5954f88fdad684a2f2b84c9fd2a6fa3641a87f4ba67d4a48365bfa04d177b3fa,9481648,0x4e7a566c575766441299b1F3E03f8EB03F497c67,0x03C66CB1826BDB0395BF31E68Bf7E873e9564fFB,0.0,0.001,confirmed
2025-10-24T17:56:42.075961,ethereum_tx,0x45b627d408c8699e968590b49c94e338aae116c4c5541d01f93472efbb7ab5e1,9481648,0xA23A35dC27268f37e4532818B08F2f27813BE2cE,0x03C66CB1826BDB0395BF31E68Bf7E873e9564fFB,0.0,0.001,confirmed
2025-10-24T17:56:42.075961,ethereum_tx,0x43160adceecc789458ad4c8d828c1c7861e5ead30384d414d32ef224d6eb851e,9481648,0x41A37f792D1B3DcfD9dE7b5b0957E7b7B862302D,0x03C66CB1826BDB0395BF31E68Bf7E873e9564fFB,0.0,0.001,confirmed
2025-10-24T17:56:42.075961,ethereum_tx,0x40ab7dfa02a9d0ae1d9fa89ead1db19198f7e4453ecae18ac589f4e866c3c202,9481648,0x25Fd3f2c3028CF726DF1F03ee9D8178298b8A871,0x03C66CB1826BDB0395BF31E68Bf7E873e9564fFB,0.0,0.001,confirmed
2025-10-24T17:56:42.075961,ethereum_tx,0x3cdc94f8fb1aa181472ce21966143b68e9128ae9ffb8d6e9d9f52f7567cb8e07,9481648,0x9f1bD8F4Ec2Db8B161bA76D3A5561F0453C65177,0x03C66CB1826BDB0395BF31E68Bf7E873e9564fFB,0.0,0.001,confirmed
2025-10-24T17:56:42.075961,ethereum_tx,0x3b3353790d413f48677de59b3ef73e4639f00e1895a7d3e4910ef011dde1e1a1,9481648,0xaD9eC5B71a2DF3a6FdE422289EF64eF63746Ca2f,0x03C66CB1826BDB0395BF31E68Bf7E873e9564fFB,0.0,0.001,confirmed
2025-10-24T17:56:42.075961,ethereum_tx,0x1a5c69843ece1a2f0ddd353303333228bb0148f6a4dcc0974822d48c33c7ca8d,9481648,0x7385baEAef8A00aD7d330803561DdD68B22641ce,0x03C66CB1826BDB0395BF31E68Bf7E873e9564fFB,0.0,0.001,confirmed
2025-10-24T17:56:42.075961,ethereum_tx,0x12304ae11e876466d4c20c809d98d72999a08932c76281e4aead98394e7e9744,9481648,0x67504A2019E3bfb35d0C02708A351FC6839881aB,0x03C66CB1826BDB0395BF31E68Bf7E873e9564fFB,0.0,0.001,confirmed
2025-10-24T17:56:42.075961,ethereum_tx,0x00d7a402b362bb0096cf2f82d23bf1a40a99fc3d34244b9720709f9177003dc8,9481648,0x12433FDEF10E05B05E76f5289d18965b2e28b19c,0x03C66CB1826BDB0395BF31E68Bf7E873e9564fFB,0.0,0.001,confirmed
2025-10-24T17:56:42.075961,ethereum_tx,0xb3fe94f12c477373764c1f159cd68bf76296b26468393c3e455d03933685f6b6,9481648,0x152e6F5A560A68266581A8147aBa8C29F1D9b655,0x69C6b28Fdc74618817fa380De29a653060e14009,0.0,0.001000004,confirmed
2025-10-24T17:56:42.075961,ethereum_tx,0x1f16345aa639174a41907d8d5eac0a6aa7daf0b2d015089bfb479aa9c98c303d,9481648,0xe036828307C40A1471DBCd55d3BEA3fc57cAC75C,0x0000000000000000000000000000000000000000,1e-05,0.001000009,confirmed
2025-10-24T17:56:42.075961,ethereum_tx,0xfadcd5148aa9b85d95f5802ae4764afd9f469cf34ed5dab97bead62073e38971,9481648,0xe1f5656a846e1Ec899a93Fc0eE892DCBB744D35B,0x2c02c4F3DB094788bdb60C093D96F834F0FB4bcE,0.005001974747222,0.001,confirmed
2025-10-24T17:56:42.075961,ethereum_tx,0xdecb32eab5387939e3a0f3f8911ca63095fc40fa9c69dfd9c63369a2bf3db139,9481648,0xB22833D458F0AC2576067Dd7dAEfd6c85CCc50FE,0x063d4fb92d7Ab3Cc4D16E77CC5dd9E35ac75F8a9,2.1e-06,0.001,confirmed
2025-10-24T17:56:42.075961,ethereum_tx,0xd4b77913062e9f07cc09f60f0b9cc19236e58f3b5c234f4b9b3d4d7d3dd8c773,9481648,0x866F9F17aE79885fcc1793c967E4c2570A68460D,0x853758425e953739F5438fd6fd0Efe04A477b039,0.0001,0.001,confirmed
2025-10-24T17:56:42.075961,ethereum_tx,0xbf293ef99f24185af0f21ff4de38f22dc86aaf80197efcfb8c962969f399acc4,9481648,0x6d50EDC485a5c5C8E57e45994de1C8f8A11A7cee,0xcfD5dDc974005CDfCE04286a4E96a28Bb9366b8c,1.3e-05,0.001,confirmed
2025-10-24T17:56:42.075961,ethereum_tx,0xba9a1e46459f5a0ce7ca5d6c8b2a31c828db3a7ee89f99a238a71be920dab96c,9481648,0x5641a1E8651DE500838bed93E62e3E06a4D0e683,0x91bD435B7aA866c48b905F3e0dd12503E52A4530,5.1e-05,0.001,confirmed
2025-10-24T17:56:42.075961,ethereum_tx,0xad95f2bb71017124206cad64ffb42692f7feb1d9fd624486b2d6e068fbee2bea,9481648,0x6C8dA14B41715cFDb82181F18560c3b89a74b370,0xd37a38A87f0BEd94F5Df77864ce93a3d9784be00,1.61e-06,0.001,confirmed
2025-10-24T17:56:42.075961,ethereum_tx,0x9431e5dd882cf43ad8a6499b662186b0eb889f266b18deb3937b15cdce3620b6,9481648,0xe2AfEFe57EbeC26ea6A8638818674Bfb789a6038,0x08d2b0a37F869FF76BACB5Bab3278E26ab7067B7,1.22e-05,0.001,confirmed
2025-10-24T17:56:42.075961,ethereum_tx,0x88732581f0da2781cb79e1a8c3261f7611af9fce2c8bb33a6b31e4331bc93afe,9481648,0xB80cabb3D2FBF6672042eabE515434E1e53102D6,0x853758425e953739F5438fd6fd0Efe04A477b039,0.0001,0.001,confirmed
2025-10-24T17:56:42.075961,ethereum_tx,0x75b9b2f5b0b2a4ccf05563bd86161e8fdfc6a2fc61f6de8b46251f70d2b852a7,9481648,0x0B0e2673A1CE96a115c2c53e1304eD4640294856,0x08d2b0a37F869FF76BACB5Bab3278E26ab7067B7,3e-07,0.001,confirmed
2025-10-24T17:56:42.075961,ethereum_tx,0x9e907f1087a0a96e5a52a6e1769e17e49f7061f32c056b4dc069a6659e9809c7,9481648,0x0B0e2673A1CE96a115c2c53e1304eD4640294856,0x08d2b0a37F869FF76BACB5Bab3278E26ab7067B7,3e-07,0.001,confirmed
2025-10-24T17:56:42.075961,ethereum_tx,0x72e6087ab639ea072653c2a9fb74cac0ed8a0b33b438babcb0cb341b1ff541df,9481648,0x038DC15B4d6dA70b5d527AE55db4a093Bd35830c,0x853758425e953739F5438fd6fd0Efe04A477b039,0.0001,0.001,confirmed
2025-10-24T17:56:42.075961,ethereum_tx,0x5555b042effc32ab43c6dfd5aceab446118ca61001eba83a46cd9c6322fe1513,9481648,0xE862630846473f6FEc3f55b0944a54CD5988ff37,0x2c02c4F3DB094788bdb60C093D96F834F0FB4bcE,5.804541736908783,0.001,confirmed
2025-10-24T17:56:42.075961,ethereum_tx,0x4ca9204ec1ca23b16ca47db5168d45152accc35089cc24efa79e63df2af3e10c,9481648,0x119373a182fC8DeDA2a84BE07b33f30d6f38CdE2,0x2c02c4F3DB094788bdb60C093D96F834F0FB4bcE,0.000354723366963,0.001,confirmed
2025-10-24T17:56:42.075961,ethereum_tx,0x481363111e75b108b70eac7cb8f0f6e21795864b5ae10e73dd6ca5b1002100fc,9481648,0xC733786e6ce284081EDd4A0D51a116A6beC127CA,0x08d2b0a37F869FF76BACB5Bab3278E26ab7067B7,3e-05,0.001,confirmed
2025-10-24T17:56:42.075961,ethereum_tx,0x422a071699e0b321ea687cd8b09beb3a7adf1efc5b2f9fe589b0db7419e94c94,9481648,0x0728f870bcA75f2C215466fE59F6940F2A9DF12a,0x853758425e953739F5438fd6fd0Efe04A477b039,0.0001,0.001,confirmed
2025-10-24T17:56:42.075961,ethereum_tx,0x31c57b1fd8d5d48fe038637d4bb9fe550f11c8944c29f8f4f94b8e6ca35a1ac7,9481648,0x34DedD32D176987CDa48C0F59C6155A54bDa05F5,0x11a6D0A8Bd743b1705c46e47929395Be06F85039,8.87e-06,0.001,confirmed
2025-10-24T17:56:42.075961,ethereum_tx,0x2bb52fc9e663c391e9ec9d395b8a19bede76fe89a71c8aba70bdb5a5c38c2bdd,9481648,0x0C53BF7f65855240BAed1537ceB3c3262d9F1774,0x2c02c4F3DB094788bdb60C093D96F834F0FB4bcE,0.6454604307331401,0.001,confirmed
2025-10-24T17:56:42.075961,ethereum_tx,0x24ddb9f9174839ca42b26e9a1224a4e83b1c8596d975692e099f6cbe4862c329,9481648,0x731416D86549f737587e7c2B9054A93b74ed0Fb7,0xE3e52c9A4820F278A5EdadeD49A4e220616A70e1,2.499999979,0.001,confirmed
2025-10-24T17:56:42.075961,ethereum_tx,0x1eb62a6d405a33b428cbe1c08d924cfa2ef295d0f64c239790901a9297cb4213,9481648,0x23531187C2A399b59eC3F4a32a37527b790B4598,0x08d2b0a37F869FF76BACB5Bab3278E26ab7067B7,4.7e-05,0.001,confirmed
2025-10-24T17:56:42.075961,ethereum_tx,0x126db8551cfaf8a8247b245c1f8d4bb0f85a811d67f62bbc541572cad53e6e71,9481648,0x3142BA993060E0da0eD39BC077653cd4Bca0Ca56,0x08d2b0a37F869FF76BACB5Bab3278E26ab7067B7,1.22e-05,0.001,confirmed
2025-10-24T17:56:42.075961,ethereum_tx,0x60bf5ec98a81b5180b3ed7ecbd59dd9399ef2407db0ba4a43cace8aa6607f37d,9481648,0x13CB6AE34A13a0977F4d7101eBc24B87Bb23F0d5,0xE276Bc378A527A8792B353cdCA5b5E53263DfB9e,0.003788619067791344,9e-09,confirmed
2025-10-24T17:56:42.075961,ethereum_tx,0x36c5b6f9b43b34f33cd5f1c2a0737e755548cdf122e8188d63175a64ef196fad,9481649,0xC6392aD8A14794eA57D237D12017E7295bea2363,0x811055116B19EeF51877A47E15747a6599c96d60,0.005,30.0,confirmed
2025-10-24T17:56:42.075961,ethereum_tx,0x5805e9681ef7939090d0bac1345e014a452fee64b695d4d941ee636f457b6744,9481649,0x3C95c2633296B264d051498C4b2e982EbB526A53,0x3C95c2633296B264d051498C4b2e982EbB526A53,0.0,4.1,confirmed
2025-10-24T17:56:42.075961,ethereum_tx,0xa4a03c4db108f7012a307e4bd61439e2eac40debdb00b730f6bcd57e7fcb3e2c,9481649,0xB77A7837FA67bFAd0F1dC0d9168e01204A5B2d94,0xcA11bde05977b3631167028862bE2a173976CA11,0.0,3.000000009,confirmed
2025-10-24T17:56:42.075961,ethereum_tx,0x6449ee432798090093603668be509776398ae35042379d9c0db24cd67d1ae2b8,9481649,0xf3af2f63c337f566D52E5A6569F1Bfb5ef7729dF,0x538770e1C937f8Bdf1bd7Aa0aDB3e064417CFA7F,0.0,2.500000009,confirmed
2025-10-24T17:56:42.075961,ethereum_tx,0x471b6cdb3c823c4cbe8f676ef86d77d0ea49c524f425321e269ea80af2e5eedc,9481649,0x55A07F9f7eD7F110c2Ddd8f2f5d8677Dc94aF4E2,0xeA30c4B8b44078Bbf8a6ef5b9f1eC1626C7848D9,0.0,2.200000009,confirmed
2025-10-24T17:56:42.075961,ethereum_tx,0xe741c923577d3d48c6bfb709f53cbaaf47717f156ba8984ab073ebb41e069d2d,9481649,0x1cAaaA58002A7e8B4c6F427AC2c943767b4d6cd7,0x00Ef2e3B7754f2a65F1e897a27A3306D9B52F544,0.0,2.000000009,confirmed
2025-10-24T17:56:42.075961,ethereum_tx,0x836529e28cd31f7b8146750933430646db89e2dad34d32214e51822e81fd0905,9481649,0x319dd63E0AC72e7Ac74443029d074032c043460F,0x1c7D4B196Cb0C7B01d743Fbc6116a902379C7238,0.0,2.000000009,confirmed
2025-10-24T17:56:42.075961,ethereum_tx,0xf21ab69ed4ffe18faa96a6b7701b05b3d77d7b3bd7890318d4a4df527b16fe83,9481649,0x7457452FAe4d30Bdc079Fc9eecAa85d8DEA37bba,0x2421392ba8Bc25Af25180cDA801B25Fd6fadb029,0.0,1.500000009,confirmed
2025-10-24T17:56:42.075961,ethereum_tx,0x9474909b76625a4c814c46041af4abde6fb1829591d60c223daf48aadf54ed39,9481649,0x0A152747cCaad5C6B9Da1b38e44Cdb51eEaE22E1,,0.0,1.500000009,confirmed
2025-10-24T17:56:42.075961,ethereum_tx,0xeb754290a1bc6256fd76999872b3e4c376e814cd485407e71bb2aeb6f4652f52,9481649,0xd45E9963E97a68C6d2E10D8972C1dB13733234a7,0x2A4496bbC344414e3bDbE6a8E7c40EF007DAeEd1,0.0,1.5,confirmed
2025-10-24T17:56:42.075961,ethereum_tx,0xbe46ba460774e9abef8e89d016c4f98f149f4027d319272f384fe8b84780d6f0,9481649,0x3965173254Ee7060b34f96e083046fbEf43CBC60,0x2A4496bbC344414e3bDbE6a8E7c40EF007DAeEd1,0.0,1.5,confirmed
2025-10-24T17:56:42.075961,ethereum_tx,0x6aecfa78772a6a9cec4f139772939f069873a89b9ed30744b497b60af1557445,9481649,0xc2BABA1704748f0cC39df50e21454fBF362AB43e,0x2A4496bbC344414e3bDbE6a8E7c40EF007DAeEd1,0.0,1.5,confirmed
2025-10-24T17:56:42.075961,ethereum_tx,0x65d7d296504b9fb33ff169fec99611952dbcca92ee6497af863bf1111e1b0f24,9481649,0x26Ddf4DddeCfac97B3359d24D426dCe006B0c58f,0x2A4496bbC344414e3bDbE6a8E7c40EF007DAeEd1,0.0,1.5,confirmed
2025-10-24T17:56:42.075961,ethereum_tx,0x3b4db8e9de66220038306ae4a76c43f00e08ee9111e04c2390d991a2f0f52045,9481649,0x9F89028846333e81AeB5755DbB06b3AA1177fd06,0x2A4496bbC344414e3bDbE6a8E7c40EF007DAeEd1,0.0,1.5,confirmed
2025-10-24T17:56:42.075961,ethereum_tx,0x0efcea5ec48abfce390b045ed00037e87331cba7c6acf5cea8289b63831727e0,9481649,0x923CB3186eaD11AE655258875dC9fa96189A2426,0x2A4496bbC344414e3bDbE6a8E7c40EF007DAeEd1,0.0,1.5,confirmed
2025-10-24T17:56:42.075961,ethereum_tx,0xea40a1034d78d6a7e85bc3fd9d0c4c9525732baf984a7c133938ff2909b0ec0f,9481649,0x3A76FB973Efb6C200c1C971604d920F2A28b2D10,0xC084142720ad7fb2b43769cafcC2777fd86F2fe8,0.0,1.000000009,confirmed
2025-10-24T17:56:42.075961,ethereum_tx,0xbb4e7f1e12a16a40c70d74a6cdc121b9c606314843d06cd95f46c080ea31c4b0,9481649,0xa029e2E511d10CC73b681a7BA0A0cb443AE956Ed,0x5F9364fd5F86091f0c654910c9Db71D3E2c889c3,0.0,1.000000009,confirmed
2025-10-24T17:56:42.075961,ethereum_tx,0xb1f0c9cf5ffc55c397811a61cf920f08ef92cfed0d92051088053ee695e1d20c,9481649,0x45A9E762151139bA4059404989DcFAb068D69823,0xFf00000000000000000000000000260011155008,0.0,1.000000009,confirmed
2025-10-24T17:56:42.075961,ethereum_tx,0xa4b7a69205cc2679467600cc40f62a5531994bacc7be376a97d10d6b0f82096a,9481649,0x06Da314915a32792B5C2d0a9A8d0E06195aE1124,0xFA3B05F2A7B318b0A0c484c529cF4f707c6277ff,0.0,1.000000009,confirmed
2025-10-24T17:56:42.075961,ethereum_tx,0x24aa476115c050d448f7d975e105b9af5f19379e838afbbcb1b6129c36cdbc8a,9481649,0xF0FEd0C0192539a1076d8BDa1233f414704d98Be,0x00D22efF04CF7d0f5A355A6D9A06E43120398dA6,0.0,1.000000009,confirmed
2025-10-24T17:56:42.075961,ethereum_tx,0x214de09dfcd36af3f863f67e61b4dc6765285d2eb41632c2418f65cdb33852de,9481649,0xB5EFD9EFa5a1C552cf5688DB5C6780aaB81DfD66,0x8eFc33E8451c5721a89cF08bc8CE7dD49ee38B91,0.0,1.000000009,confirmed
2025-10-24T17:56:42.075961,ethereum_tx,0x4003d64373c51a4aef4bd94e1c8fd0579b61ad7b515411196e68d9103437155d,9481649,0xf279f67ceC3dEb671dc1690e1Be375f00Feac03E,0x7b79995e5f793A07Bc00c21412e50Ecae098E7f9,0.001,1.0,confirmed
2025-10-24T17:56:42.075961,ethereum_tx,0xd2ed780100c5e5db0951031877525bd27eaf580c0e1476a96d9566fd1f58669c,9481649,0xa0Be618353Cf06c7fa1a49DBC9857934E4521B50,0x84B2f76ca27FEe7EA9E307a287c8Ba8158B5E784,0.0,0.050000009,confirmed
2025-10-24T17:56:42.075961,ethereum_tx,0xbd36f046ea8f66d85e6656b5e07c2817ea5971bc807e8af228ab416e770a9704,9481649,0x6D0C6465Af5E4B1c98f70f4d98FacaaDe1988435,0xf993E10C83Fe26DddFc6cb5E82444C44201e8a9C,1e-06,0.020000009,confirmed
2025-10-24T17:56:42.075961,ethereum_tx,0xb582598eb4aebec21d73ba7c4cc6723900fccdf5364350a1a75573b20a8a2dcc,9481649,0x43f3c0d10e99FDd623aa146C5FC75D346b97B681,0xf993E10C83Fe26DddFc6cb5E82444C44201e8a9C,1e-06,0.020000009,confirmed
2025-10-24T17:56:42.075961,ethereum_tx,0x9ad39b51005178706231534ba888d63628e42ef358025de45bb22dff3ca5fb8a,9481649,0x738dd8847a36f588775e101387bc306332b2eC34,0xf993E10C83Fe26DddFc6cb5E82444C44201e8a9C,1e-06,0.020000009,confirmed
2025-10-24T17:56:42.075961,ethereum_tx,0x3a5c82a0d5a4e200d805224e8a6f13b7919d98909a2c0bd8885973cc6dbcefbb,9481649,0x41C102e9568Be084C6d5D41FD59FBedAeD8Dae86,0xf993E10C83Fe26DddFc6cb5E82444C44201e8a9C,1e-06,0.020000009,confirmed
2025-10-24T17:56:42.075961,ethereum_tx,0xe918f30edcc0f5e864279487f123aa680eaa4972f83c9d100adc0eaa3613e06f,9481649,0x4BA56bDa2009816e260921970041d6Eb005D7272,0xC764A997C86dC22B50Eb637626e3f46bfd82534A,0.0,0.0015,confirmed
2025-10-24T17:56:42.075961,ethereum_tx,0xe6f9c5e78e9027c975e55cdc19337b1fda9c08ebf6b5ed539ba33d504a12ced7,9481649,0x9545931F2dC654ee63317240c12DDf79864dE285,0x956962C34687A954e611A83619ABaA37Ce6bC78A,2.709041337964e-06,0.0015,confirmed
2025-10-24T17:56:42.075961,ethereum_tx,0xa5dcc1f4e962be1296107b6399409cf9cb6fad25fc0dfb877f22141662a3fc23,9481649,0x089624cdB739873f6d046a2b1F2d9591bD3830f6,0x956962C34687A954e611A83619ABaA37Ce6bC78A,2.347208321124e-05,0.0015,confirmed
2025-10-24T17:56:42.075961,ethereum_tx,0x5b4109a812add7f2be8ffbdaf525989a302ff2dc7716bc6feb014013eb2c6ff3,9481649,0xE4765a5D7335DAd51b3058d0b8eDeE540D149a21,0x83458E8Bf8206131Fe5c05127007FA164c0948A2,1e-18,0.001199998,confirmed
2025-10-24T17:56:42.075961,ethereum_tx,0x5803ea68a6916a409d55b4c531b2561463658758633761c3bd789c12e9ddf4bb,9481649,0x4D8c99D7CcAb16Aad0141d7C6c4276d825f455CF,0xB88Ca91Fef0874828e5ea830402e9089aaE0bB7F,0.0,0.001142656,confirmed
2025-10-24T17:56:42.075961,ethereum_tx,0xb8b503d6ed6692697aac23f66ce1d3fc41125f1da6f4ccca280a6c882fb27382,9481649,0x9484449f2BE7CD6E01eF55bC5438C733e0759e0f,0x32f85d22C25B71D9B1cE6f6BBc975925362F625F,0.05,0.0011,confirmed
2025-10-24T17:56:42.075961,ethereum_tx,0xef62babf3d3ced58971a9f611be0bfb77b059b80a8d19c4a04d7663fd7122f21,9481649,0xC32c435749f990f4152A439d4672e7acA6B0E01C,0x7215691F60C4fA7Bb82c5Ac44c7d57dc32bB0493,0.0,0.001052631,confirmed
2025-10-24T17:56:42.075961,ethereum_tx,0xd7fcf34e78adae19f14049ffb02a9de4fe77f6215796c0832fffc9f74f1d2abf,9481649,0xaCD95eFD3F510F36482426d11B476F6D17505007,0x7215691F60C4fA7Bb82c5Ac44c7d57dc32bB0493,0.0,0.001052631,confirmed
2025-10-24T17:56:42.075961,ethereum_tx,0x75693e2fc84b2ef110b34db82cdefd31ec58721d4824eaf4236c7e4adf99a1fe,9481649,0xb3a1956Cff1ecc8054B81b0C83b9847CB71384b8,0xCf8EDB3333Fae73b23f689229F4De6Ac95d1f707,0.0,0.001025005,confirmed
2025-10-24T17:56:42.075961,ethereum_tx,0x22690678e25176e26602af0d01185dfa59d5215ec4ecf8467e65015a7caaefc7,9481649,0x61d8838f9A00250C9AF13D622DA7c08c372ee587,0xCf8EDB3333Fae73b23f689229F4De6Ac95d1f707,0.0,0.001025005,confirmed
2025-10-24T17:56:42.075961,ethereum_tx,0x449b94baa46b543afb9c550f506834f4df6a1b882144e66c0093bfdc393f1b4c,9481649,0x61d8838f9A00250C9AF13D622DA7c08c372ee587,0xCf8EDB3333Fae73b23f689229F4De6Ac95d1f707,0.0,0.001025004,confirmed
2025-10-24T17:56:42.075961,ethereum_tx,0x6567d2c46617ab55cf62d193fe9036ffbc770225a5d4e2b08f6335628e8a0286,9481649,0x61d8838f9A00250C9AF13D622DA7c08c372ee587,0xCf8EDB3333Fae73b23f689229F4De6Ac95d1f707,0.0,0.001025005,confirmed
2025-10-24T17:56:42.075961,ethereum_tx,0xfbcdd99a795f0a071429c3447588223344ccfc2f03d6c26fdd44cb39fa3ee2ea,9481649,0x4A63763Ef493F28308a1E36dE49df75798E50Cc3,0x86EFBD0b6736Bed994962f9797049422A3A8E8Ad,0.0,0.001000009,confirmed
2025-10-24T17:56:42.075961,ethereum_tx,0xb645acde17aa0853a6b8ff1a3474132a0359762bcd1e51f3e295fb9fcb6b3db1,9481649,0x1E084f001Aabf562b37C1606604d39E586b8f7cd,0x0000000000000000000000000000000000000000,1e-05,0.001000009,confirmed
2025-10-24T17:56:42.075961,ethereum_tx,0x013b62c6f38eece60e459089433bd08abe1fdae1c3d8f9986e978e2e2fc38f82,9481649,0x36a46774A3743641D4C274b385608Cb455B5B6b8,0xd0dbB2486e3Fbf371D1B2e35Fa330bef6529d2f4,0.0,0.001000009,confirmed
2025-10-24T17:56:42.075961,ethereum_tx,0xcb5df22e597867d36f3397f990bcff9e56c73145fdf83ce8b2ab62e968ad42d5,9481649,0xe6C4142016937c4e0EbbB025Bf566bf40cFF8ac2,0x83458E8Bf8206131Fe5c05127007FA164c0948A2,0.0,0.001000004,confirmed
2025-10-24T17:56:42.075961,ethereum_tx,0xfce0ac4817a25c3cff90c4e5143c7563f7455f4910c406d2f39938396f31fbc3,9481649,0x32DF3B1075E77b4CDeb752940DB55383168C354D,0x03C66CB1826BDB0395BF31E68Bf7E873e9564fFB,0.0,0.001,confirmed
2025-10-24T17:56:42.075961,ethereum_tx,0xfafd864a214631ccf3788bebd6712d3970e7921718ee7a1736302d645988f31c,9481649,0x660510de8473d0F15F45A42aD4B2E231F426c6F1,0x08d2b0a37F869FF76BACB5Bab3278E26ab7067B7,5.28e-05,0.001,confirmed
2025-10-24T17:56:42.075961,ethereum_tx,0xf9b3e0448c2b208e78a7b761e14c615920dcd2edbad82386cd4ff4a854c9e1e5,9481649,0xda99Bc27F8E03Cb88b7CC27B9317eE3cbBE77DdA,0x956962C34687A954e611A83619ABaA37Ce6bC78A,1e-07,0.001,confirmed
2025-10-24T17:56:42.075961,ethereum_tx,0xf9425c4f51d5c230c2354d8d4178564f2bed4801421adb4cbc8b2b9fc6e32dc3,9481649,0x0Ae07c0a8B7B64519db97F64eDc4f032100B508b,0x03C66CB1826BDB0395BF31E68Bf7E873e9564fFB,0.0,0.001,confirmed
2025-10-24T17:56:42.075961,ethereum_tx,0xf59982382557af932b041c9bf7726e5879ed02be6354d483c7a0b368baeca95d,9481649,0x31250f1DBFF86Cc2aD820Ce8C81e981aC6229Ab0,0x03C66CB1826BDB0395BF31E68Bf7E873e9564fFB,0.0,0.001,confirmed
2025-10-24T17:56:42.075961,ethereum_tx,0xe8688ba691588f4635d9a76572d0c419d078eea7ed1528145483fb9105e439a0,9481649,0xfe6323d0336D8e7BFb1Ce1dD8444580C25Aa6b8c,0x7215691F60C4fA7Bb82c5Ac44c7d57dc32bB0493,0.0,0.001,confirmed
2025-10-24T17:56:42.075961,ethereum_tx,0xe2ef377f4b0c75e04042e867d7150e76f02e4b5c731cd97eb51a32795fcac4bd,9481649,0xF8AB8193475Ee88eAA793F9974F913339a07b6c2,0x956962C34687A954e611A83619ABaA37Ce6bC78A,1e-07,0.001,confirmed
2025-10-24T17:56:42.075961,ethereum_tx,0xe1fb7c736e1b772a11afe865def3b4b606a8ecf327646c644995f70180edcebe,9481649,0xD64016b01257a9E1a67Cc42C40f01088e2Ce1071,0x956962C34687A954e611A83619ABaA37Ce6bC78A,1e-06,0.001,confirmed
2025-10-24T17:56:42.075961,ethereum_tx,0xdec9c3a21065776278e46bb33a065dfccdd4b086404e07cd31414a53a6f9856a,9481649,0x099BA97a37FA019c064a2517026e3c2Ea8DB9964,0xF6e7F84d9cee738ec59c08B7a7260152C236813a,0.0,0.001,confirmed
2025-10-24T17:56:42.075961,ethereum_tx,0xd9bcce74e628dd1c5e7b62150edefbc6160fbe32f28d1bd728ef4db3b80f88ef,9481649,0x4337020f43D3d7d2F5E4160397EfeA49AEfa5E7D,0x5FF137D4b0FDCD49DcA30c7CF57E578a026d2789,0.0,0.001,confirmed
2025-10-24T17:56:42.075961,ethereum_tx,0xd670e68cc87d92c1c7d64e9bc777256ebbb2e242130078f771b05c94565c20ac,9481649,0xF7176593E3B1A1Ed40dCCea9933Ee6DC4C063BCb,0xB64E85e8f18Fa67Dd8823Aee5fEe404Cb72d42f4,0.0,0.001,confirmed
2025-10-24T17:56:42.075961,ethereum_tx,0xd5c83feaba998ba6715495deb7c76d2ef41e05bc3ed7914357a698f06134793d,9481649,0xf28836a07eb2C2cF82d61210C2B767eb8171e95e,0x956962C34687A954e611A83619ABaA37Ce6bC78A,1e-07,0.001,confirmed
2025-10-24T17:56:42.075961,ethereum_tx,0xd22d10622e37da0e80e56658f32954d95f1a4c5db53f3a7084f742a27743eb17,9481649,0xb075E3363F5f0aC3f1A441c6d7e5267A6a18a5A4,0xb075E3363F5f0aC3f1A441c6d7e5267A6a18a5A4,0.001,0.001,confirmed
2025-10-24T17:56:42.075961,ethereum_tx,0xcb578dfcbfe2ceff780a5445d1f6b2f88e4339e1cd45e2e2e3fc4595aa98ccbb,9481649,0xE4072D84A3f761C300eF6d7dFB7E9e87e3296eec,0xFeD59209D941e99DF011F43a3e463Ed6C1DE5688,0.0,0.001,confirmed
2025-10-24T17:56:42.075961,ethereum_tx,0xc7cb6c9a962cc7ff786e2ddd01304323f605ff7e6bf4aba45e34f2373423de99,9481649,0xE3e33b03aa8003D915DAB2b181c1D09c6C6eBbb4,0x03C66CB1826BDB0395BF31E68Bf7E873e9564fFB,0.0,0.001,confirmed
2025-10-24T17:56:42.075961,ethereum_tx,0xbf42b92a89bcb0afe7ec3d629db874883a44c2ab7d70c5e3a6576816952dbd2d,9481649,0x9c5b2487D3a68EC00851f518f10a0016247252ec,0x03C66CB1826BDB0395BF31E68Bf7E873e9564fFB,0.0,0.001,confirmed
2025-10-24T17:56:42.075961,ethereum_tx,0xbd7c2a4920c1b85422fd0daedb2128da92414258641a227aec12db65ea28261b,9481649,0x397BFEaB00198bae56C1b52bc2F25273a16De0ee,0xA07Fa805fE60A61D4fF27b04fBD1D9808663e154,1.86e-06,0.001,confirmed
2025-10-24T17:56:42.075961,ethereum_tx,0xb9c745e1b952ec543c7f7daef5728b0d0b77d850ba37fabc12a7c054cdc4e566,9481649,0xa86d776a6fC63fBdE7D81b3006f07bbC63beb6c3,0x03C66CB1826BDB0395BF31E68Bf7E873e9564fFB,0.0,0.001,confirmed
2025-10-24T17:56:42.075961,ethereum_tx,0xabef5987c3ea5082bbd322ce4cf82bdcd6ade2c8ae4df3e2dc43a2a68bb13b80,9481649,0x34DedD32D176987CDa48C0F59C6155A54bDa05F5,0xD567816a5a284D52fdB322EB949f318ed74038B0,3.43e-06,0.001,confirmed
2025-10-24T17:56:42.075961,ethereum_tx,0xa32ed452f4d326b9a20c3d29418e76dd72484227cdd01d721bf3b3f3e2cd38f5,9481649,0xf4B2Ea58F3cc0390d9e2Ccd8aC01A0C505343655,0x08d2b0a37F869FF76BACB5Bab3278E26ab7067B7,7.1e-05,0.001,confirmed
2025-10-24T17:56:42.075961,ethereum_tx,0xa153a42562da85e95f8e3c13861452ed6f6c713924a3d080a1dbf29da43904de,9481649,0xEE92cDab926518E946287B15Cca5f83e90480eea,0x956962C34687A954e611A83619ABaA37Ce6bC78A,1e-06,0.001,confirmed
2025-10-24T17:56:42.075961,ethereum_tx,0x9cf7389cb7bf6454ec5046b950e27e5247e7578540f0cf0b212ce56356d71dba,9481649,0x30Ea251dceFf18FE90c253Ffd7dAC3c3de0188E9,0x3eDF60dd017aCe33A0220F78741b5581C385A1BA,0.0,0.001,confirmed
2025-10-24T17:56:42.075961,ethereum_tx,0x9ce3c96cc26ddd66a34b2f08fb12268c94ea3eca6ce4e9cd0d21a5c72a411c20,9481649,0x168d110180E2992e7c23ae4BEA7581EC591187bd,0x08d2b0a37F869FF76BACB5Bab3278E26ab7067B7,2e-05,0.001,confirmed
2025-10-24T17:56:42.075961,ethereum_tx,0x9905d9716f00bdb6e064783b2dc2e96e0e04e04cc0e1b3c1b9601e8c181b9768,9481649,0x0698B896eD24AA2eb66089845503ae174D4db292,0x03C66CB1826BDB0395BF31E68Bf7E873e9564fFB,0.0,0.001,confirmed
2025-10-24T17:56:42.075961,ethereum_tx,0x8f22126a131339bec40ec8ddf3495ebbe92036efc35d714ebd5a8513a1a02d91,9481649,0x54f978be913780d3F0215448bE9cF4c14Be95bb4,0x7215691F60C4fA7Bb82c5Ac44c7d57dc32bB0493,0.0,0.001,confirmed
2025-10-24T17:56:42.075961,ethereum_tx,0x8d518f53999a3078582e1131ab926267502710cc537c694c5af25ced72b571ce,9481649,0xeb4Cc837957f18Cb6eB7689e8cd535e3fefC8b87,0xe8Dd26D2eC505ac7E51740DA84ba2Ce9f01a2431,0.0,0.001,confirmed
2025-10-24T17:56:42.075961,ethereum_tx,0x8d457e3e02394ffc07330129473f73068e9de5a43937018b45c6833b79163524,9481649,0x1d31fe5F88d62Ba3b7B73e73Dd9dadd1af70Db72,0x03C66CB1826BDB0395BF31E68Bf7E873e9564fFB,0.0,0.001,confirmed
2025-10-24T17:56:42.075961,ethereum_tx,0x886409c1e8d074902dbd48889599543e17beeef666d981bfa632ecb7e0332f04,9481649,0x9058961AFa7b9E2c22977E6AB10ea086Ea9406d6,0x03C66CB1826BDB0395BF31E68Bf7E873e9564fFB,0.0,0.001,confirmed
2025-10-24T17:56:42.075961,ethereum_tx,0x884e7f97d35dc24e0d8199ec56e285382753cce1f3f15330ba944ec7a8440dd8,9481649,0xDd89a3Eb287F3af484393547595e2ef435ADA2A5,0x08d2b0a37F869FF76BACB5Bab3278E26ab7067B7,6.9e-05,0.001,confirmed
2025-10-24T17:56:42.075961,ethereum_tx,0x847803734eda14154b127995e90b0100d94fc062c34520fb5752d746ef65c4bc,9481649,0x4337001Fff419768e088Ce247456c1B892888084,0x5FF137D4b0FDCD49DcA30c7CF57E578a026d2789,0.0,0.001,confirmed
2025-10-24T17:56:42.075961,ethereum_tx,0x7fbac633e86c810e2bea58cef322eba56cf8e23dfb046225b620ef7d10dccc0d,9481649,0x8f3e0133132D8611698a6A74cb5c8Ed03fe6DDF5,0x03C66CB1826BDB0395BF31E68Bf7E873e9564fFB,0.0,0.001,confirmed
2025-10-24T17:56:42.075961,ethereum_tx,0x7de0b262f8c142582dd07abf3d96bf3354d01486589ede77286dfe04a4305086,9481649,0x767107f43f02979351CA2361534e5bAa6bDF9528,0x03C66CB1826BDB0395BF31E68Bf7E873e9564fFB,0.0,0.001,confirmed
2025-10-24T17:56:42.075961,ethereum_tx,0x6f37232b85a8a9582587af543d4091ed370d695a6c62bc852a2719443e93710b,9481649,0xE3Ca5849830993CC15B58e4fdfc0b1b0458dF23d,0x03C66CB1826BDB0395BF31E68Bf7E873e9564fFB,0.0,0.001,confirmed
2025-10-24T17:56:42.075961,ethereum_tx,0x6f17d18442895d22382770283d1a147626a167853b49cb2c5a07c7eb666933ce,9481649,0xF18419a658bdF11f706470759bD4739fc8E445FA,0x03C66CB1826BDB0395BF31E68Bf7E873e9564fFB,0.0,0.001,confirmed
2025-10-24T17:56:42.075961,ethereum_tx,0x6d66c0e9ea84f254e7e106e0b75dd17d72ececa52aa42d7d27dd652732c6be4f,9481649,0x0B9428f89c91875E39c1951e68Ab38593B870Cf2,0x8bfE61eEDF24094F6832BD2E01FD3b8846b96B7c,1e-08,0.001,confirmed
2025-10-24T17:56:42.075961,ethereum_tx,0x678427216dcc8c80cdf796ec2d8de87228500c2e0e3a8393a39fe57c376f3391,9481649,0x4337006f33e2940FcbEbD899bF2396117E65dF9B,0x5FF137D4b0FDCD49DcA30c7CF57E578a026d2789,0.0,0.001,confirmed
2025-10-24T17:56:42.075961,ethereum_tx,0x613cfe77afe18ae8d44eeb76a4f59d13a49d527ab61a4f7dc8c603166301446b,9481649,0x3A865220A9A89f8e6C3316cac95405D71d8Cb1A0,0x956962C34687A954e611A83619ABaA37Ce6bC78A,1e-06,0.001,confirmed
2025-10-24T17:56:42.075961,ethereum_tx,0x5cebb9e3279c5d4615856ce1c26dab1a436ac92091f415bd55aafaa56d8de63a,9481649,0x3Da763C42E438eB17880fB6A83040d6cf13eF03b,0xFf00000000000000000000000000000000042069,0.0,0.001,confirmed
2025-10-24T17:56:42.075961,ethereum_tx,0x59883e59e4f814668f710f18fdbaa36a6624e0e85ae0a02962044b959f2ae638,9481649,0xEbb572059363FA4FfF24781b24650Dc8ea74d33F,0xcdD16080FEB6479F92D07099488E910f1cC2FCD3,0.01,0.001,confirmed
2025-10-24T17:56:42.075961,ethereum_tx,0x4d22eb1d579dc272ef6303cede326e93a228a7349d88fd1ffea4458e0a896fbd,9481649,0x13e6009357AF52E7D564b5914aa97719C8304A28,0x956962C34687A954e611A83619ABaA37Ce6bC78A,1e-05,0.001,confirmed
2025-10-24T17:56:42.075961,ethereum_tx,0x4959325af9d51395ecdff759fda72acc3d43d569c748d5a4918296ac082b2d4c,9481649,0x5c8f0Bf25bc8C587B1C04b6CFa3D5F7200fCef8F,0x03C66CB1826BDB0395BF31E68Bf7E873e9564fFB,0.0,0.001,confirmed
2025-10-24T17:56:42.075961,ethereum_tx,0x43a55f75056ea48d096378a293afacf383badd72612d3bccb02685025cf396ed,9481649,0x433700890211c1C776C391D414Cffd38efdd1811,0x5FF137D4b0FDCD49DcA30c7CF57E578a026d2789,0.0,0.001,confirmed
2025-10-24T17:56:42.075961,ethereum_tx,0x3dbd45c0d859a9fae4909416e217441b8ab17d29a8f47c6234c404489be98f8d,9481649,0xE232521803e53509E75A8DD8e8C9db2d56Ae70C0,0xe72697d80D2DE3B4a4F75E6b2aDd16D8B392AbDe,0.001,0.001,confirmed
2025-10-24T17:56:42.075961,ethereum_tx,0x3badc3e19c6a40109a6b3305f085058b531949f013acff4c5f5a94063eedf4c6,9481649,0x08b6584F6537444746B699803D4Fe8131820Dfbb,0x2c02c4F3DB094788bdb60C093D96F834F0FB4bcE,0.000750414942705396,0.001,confirmed
2025-10-24T17:56:42.075961,ethereum_tx,0x3813744847d8a5bf7128779027ade43092c8989dcc53caad0265162317073967,9481649,0xC89fBb83B4E063fBA659A058ef819eEd99DB3DdD,0x03C66CB1826BDB0395BF31E68Bf7E873e9564fFB,0.0,0.001,confirmed
2025-10-24T17:56:42.075961,ethereum_tx,0x31d5bf7bc31907091e7ba49c2a8f924f78002818d100cc4a698571abdeb0735f,9481649,0x7fA2EeD0566498049a81E93402C306bc4268D982,0xe8Dd26D2eC505ac7E51740DA84ba2Ce9f01a2431,0.0,0.001,confirmed
2025-10-24T17:56:42.075961,ethereum_tx,0x284f9fc47e776370a35851e62d229f7b9ebf2ffc2e1bb3a73080786adc0e33d7,9481649,0x0ff68711c5439A666ab1b89c4D0A5A63df06A1D2,0x956962C34687A954e611A83619ABaA37Ce6bC78A,0.001,0.001,confirmed
2025-10-24T17:56:42.075961,ethereum_tx,0x27681847f04582a78d1c49afb13b23cab2194a36560e38ba3104d5262df4449d,9481649,0x4cbb4e7A4810B1c597840f352A1c985fE5857e43,0x03C66CB1826BDB0395BF31E68Bf7E873e9564fFB,0.0,0.001,confirmed
2025-10-24T17:56:42.075961,ethereum_tx,0x25e273fe0fc3f7f8fde24b55ec2d22fe64e290ca1333132ddd762485bf309428,9481649,0x8Dfe90E5a0E285741723cdDEa9615ECbF6E2A2cb,0x956962C34687A954e611A83619ABaA37Ce6bC78A,1e-07,0.001,confirmed
2025-10-24T17:56:42.075961,ethereum_tx,0x23d7fb49b87380b14f76154d10aebba2d980795b95d8fb5a153c7da58fcdd301,9481649,0x4337009Be43c7ECc9bfbDe0F1780553Aa065187E,0x5FF137D4b0FDCD49DcA30c7CF57E578a026d2789,0.0,0.001,confirmed
2025-10-24T17:56:42.075961,ethereum_tx,0x234d07ed86c1806fa6d0cdf68114134e807d73a0c99721ec14b110b6c683d86b,9481649,0x4Bd0053ab48e56A5f52454B92cA14320167F2aF9,0x601778F8fa32298E826a8aBEf1E3b31515626845,0.0,0.001,confirmed
2025-10-24T17:56:42.075961,ethereum_tx,0x16c87b140096726247b6255dd778aa7adf461d4bfe1657f287f0214b472ef5ae,9481649,0x112c7722C9A6AE8E407325C43DBdAF385153cD0E,0x12919da72bE9427DCD3AFA4Eb19CAD818f816df8,1e-05,0.001,confirmed
2025-10-24T17:56:42.075961,ethereum_tx,0x055b111abaa1779aeb00e11a4779f66c54b09d7d3236acec7cc5f3d39c622521,9481649,0x43370146366CfEa21302962AE3a558D72bbcC487,0x5FF137D4b0FDCD49DcA30c7CF57E578a026d2789,0.0,0.001,confirmed
2025-10-24T17:56:42.075961,ethereum_tx,0x0368edf9a2ad3c88d5c3c985db52717ed49a20b373b2d9f8544383dbf7d59c49,9481649,0x2BFaadCa3865BEf692e68B16A3A655bB3167e004,0x358e500d87F6d4630a8bF2fBDA09298C0873DA18,0.0,0.001,confirmed
2025-10-24T17:56:42.075961,ethereum_tx,0x01e1909e7e471ca38978a49e10b7a83b39d9e5d76fbe3f012157161d7165658a,9481649,0xB22833D458F0AC2576067Dd7dAEfd6c85CCc50FE,0x7800C4F4d5F634d527615D9Cf1dfE15BbA20882a,1.04e-06,0.001,confirmed
2025-10-24T17:56:42.075961,ethereum_tx,0x002dd613b0b3b2f58e1c6555066aabd4002b85bc2e9e37a9e0a62093bc596aa1,9481649,0x44178cB56e72476805a0d5d5F7DAdF3cb2Ab86Fc,0x956962C34687A954e611A83619ABaA37Ce6bC78A,3e-06,0.001,confirmed
2025-10-24T17:56:42.075961,ethereum_tx,0xd8b9180288a25eaa76542b0a46345d27c7b683c0969e9d6bf0864a892e5fff41,9481649,0x13CB6AE34A13a0977F4d7101eBc24B87Bb23F0d5,0x0c06B6D4EC451987e8C0B772ffcf7F080c46447A,0.004759246722071826,9e-09,confirmed
2025-10-24T17:56:42.075961,ethereum_tx,0x2455949ee87363eb6936940a8e193d199c432bd0aea71aa7ed4740e323a7465a,9481650,0xeA4764909Dccf8AdB9110BA80AF15d12d1f5fF03,0xcA11bde05977b3631167028862bE2a173976CA11,0.0,3.000000009,confirmed
2025-10-24T17:56:42.075961,ethereum_tx,0xbbdf8244bcfcd73fbfb75d9b32bf56c40269108a49e36180b6e6683ebb2c4cb7,9481650,0xe7F38E2D57a0eA80240B5E65A69AF66812CbCd0C,0x11a535b0b5776e1112B419E4e8C551B0A8339eB8,0.01,2.0,confirmed
2025-10-24T17:56:42.075961,ethereum_tx,0x576dea4236331414aa24ea73f06fccb3a81e5345f9114a46e3821f72af76be64,9481650,0x1e60C6633bd8a700dc079A1503C0257A9b619A5D,0x7344a372a997ee15862D304B09a7d87aB6857EAD,0.0,1.500000009,confirmed
2025-10-24T17:56:42.075961,ethereum_tx,0x12c92cd3ff5edbfd8366f2ef6540a589b63dd4aa98e46eaace64807d6f3043b7,9481650,0x36a3F6085732B0835c7A1EE4A681361d57920671,0x2A4496bbC344414e3bDbE6a8E7c40EF007DAeEd1,0.0,1.5,confirmed
2025-10-24T17:56:42.075961,ethereum_tx,0x3bbb4d0890cfc22b6ef822e848e9dce237eaa0a20293f6acd03a415e35b2b64c,9481650,0xe5f4B0f77d3AD97267Fe39ce9e61c94Cd9341c8e,0x57c5dC670eB6f571bDD8Fc1CF178c46c9A917A74,0.0,1.5,confirmed
2025-10-24T17:56:42.075961,ethereum_tx,0x3041917e6b8ecc50a8d1cd8c15644b3131beb04b215c1a152e7d912123195572,9481650,0xAed17De0d83C814d4cDF03B41F744aa6222B0820,0x2A4496bbC344414e3bDbE6a8E7c40EF007DAeEd1,0.0,1.5,confirmed
2025-10-24T17:56:42.075961,ethereum_tx,0x7810517b081f19f0f46123d5a3352fb88e092b3ef553a22c770ccc44f669a143,9481650,0xFBa2583898Ae86A13dA4F46c4Fa12C0851e731F1,0x2A4496bbC344414e3bDbE6a8E7c40EF007DAeEd1,0.0,1.5,confirmed
2025-10-24T17:56:42.075961,ethereum_tx,0x1358911e30c86d541206dfd91f5311e723345c222415552539aba3c36f7cfab1,9481650,0xC5fD2d2b4a035735F03ddD06B0500bD8e2480715,0x2A4496bbC344414e3bDbE6a8E7c40EF007DAeEd1,0.0,1.5,confirmed
2025-10-24T17:56:42.075961,ethereum_tx,0xad2849a72f46e3ed8425ab3b28de493af0a9f283f858503e1c39fb5b4d12387d,9481650,0x22d8abc3003bf41B0eB9E9181A2545b8e2438bC1,0x57c5dC670eB6f571bDD8Fc1CF178c46c9A917A74,0.0,1.5,confirmed
2025-10-24T17:56:42.075961,ethereum_tx,0xaa860636059009f17630d3f23f6d2880403318893b0f4cc0aff366882d3f2a5d,9481650,0x35AFbA56fAcbdCDD764daa91945B1b115Dae7253,0x57c5dC670eB6f571bDD8Fc1CF178c46c9A917A74,0.0,1.5,confirmed
2025-10-24T17:56:42.075961,ethereum_tx,0x441268a11594c87db7bf64a5af12b6f2bd11b5fdf755daaaaf46aed63421f0ef,9481650,0xb0225F83f6DC5ac3ea3a69920A3e354A5c973489,0x2A4496bbC344414e3bDbE6a8E7c40EF007DAeEd1,0.0,1.5,confirmed
2025-10-24T17:56:42.075961,ethereum_tx,0xa21f13d8b2123286a0dd7f8ffd11168fd4d8cb66a5ed3cf8ed8037a6d2e8569c,9481650,0xEbDf9256B79b2ca70Dfc4392280f4D39C64E48E4,0x157dF160081dC8b97900F4D0D276ed8DEa29976d,0.0,1.000000009,confirmed
2025-10-24T17:56:42.075961,ethereum_tx,0x74d1d809334e3c3af3fba4ec6183fb27813834c271978f02132b7750b8929fc0,9481650,0xf329D31191A5693C941341979871e6a7D65C7836,0x277dee0c8D9922c647d5387F204029bdD6283CcD,0.0,1.000000009,confirmed
2025-10-24T17:56:42.075961,ethereum_tx,0xbd75debd8ad072951be4d3b436b1e204cbd4720c4cc7a16d19d4cae752d5d58b,9481650,0xA3e4785E9D4bDF3EE641D4ae405DDceCAAec59e6,0x6C0059f7C7Ee93dF05bCFDe4acbE4df8cEAe2B51,0.0,1.000000009,confirmed
2025-10-24T17:56:42.075961,ethereum_tx,0x61d4abbd323d74bc7c4ba2be8188ed9d42d8ff45044a93a13bf2429038ac3ca8,9481650,0x4754ca6B3b0e20fbC66157cA7b937Db9f906d166,0x0051A0b15133C135366daeF258F0399799A0862A,0.0,1.000000009,confirmed
2025-10-24T17:56:42.075961,ethereum_tx,0x99d43f68521dcef585c513242f2dd58143313711f0cc3a9703db52a4cc7fa10b,9481650,0xF0FEd0C0192539a1076d8BDa1233f414704d98Be,0x00D22efF04CF7d0f5A355A6D9A06E43120398dA6,0.0,1.000000009,confirmed
2025-10-24T17:56:42.075961,ethereum_tx,0x969aa70ccc7e166ba3bd5cf34e1612916284969b4029f458e5b1dc25de984da3,9481650,0x85E5551a01A3eEbF34Df650C0062cB80AbD1661c,0xFdbC87b5eF6d8445d7C81A58f4Dc00aE0a52e977,0.0,1.000000009,confirmed
2025-10-24T17:56:42.075961,ethereum_tx,0xe53e8316be20c09df8dc698b54540439f6015969dfb872eccb28cadfa0f48c88,9481650,0x67722a1091E87D084c196cFf9B273Fa64da67E9a,0xf60F522d5613B5956563EAf06F81A88d00FBd0eC,0.0,1.000000009,confirmed
2025-10-24T17:56:42.075961,ethereum_tx,0x2b0a335711dc9b80885fcaab67ab2b8b30801fdd74ba3d1bdb0ad381f384e260,9481650,0x6a2E1C4B0fb05314bBcaDbf8d2F3D7FAa7040374,0xbA9B48AF2EAEee759bE9a8c5d74d0eec2b84a6F1,0.0,1.000000009,confirmed
2025-10-24T17:56:42.075961,ethereum_tx,0xc69782d2f0f3a3a3e6f5e8c9ff87f5a880d0e73e3eb02ea05267e1071adabe4f,9481650,0x45bE558E39212Ac66913Eb47930AD01B65C1d4D0,0xFf00000000000000000000000000000000042069,0.0,1.000000009,confirmed
2025-10-24T17:56:42.075961,ethereum_tx,0x99b045414d6787fa7ab5e82b50cf590ae2e79e1d7c9e918c7f8d0b3e9c8a2e70,9481650,0x7c5c6814ae5E95AD4afa2232Eb5950d2edBb8437,0x004a2d27C70c5AA0657f6d6001cc026B607eFaD5,0.0,1.000000009,confirmed
2025-10-24T17:56:42.075961,ethereum_tx,0x643fe19e94d8353e8d6a265bd31fb4d18693d72af8dd61d3e46a359f26d77766,9481650,0xd5A7aD53cfA90F8C056137615225fDD92a62E9B2,0xB93e450c2115Cb4Cb836c4812D5aC579e0Ec074A,0.0,1.000000009,confirmed
2025-10-24T17:56:42.075961,ethereum_tx,0x6eab5bfc2ed11f92f706a42eaaa5e683888a434176375dc761148fd3cb023a3d,9481650,0x1bC5b91c58F18dF62fB096DacFBF3d65217e64f6,0xbDA32Cb877566f9FF54Ae4348EC44d54804a85a4,0.0,1.000000009,confirmed
2025-10-24T17:56:42.075961,ethereum_tx,0x90900dc2a9ae008fe45455b636bc70f7bffffc4aefb6144ce1f359de960d017e,9481650,0x600819761171d7ba8784182DbF63D2A51A0D067D,0x9713bAC624CEa4E99a01E55d0de7519F4F953420,0.0,1.0,confirmed
2025-10-24T17:56:42.075961,ethereum_tx,0x8190d635d1a3276db953b0e6b97b2f3b1e6e302d465d4e3dae2ea222546fc784,9481650,0xe5e68267bA736Da074b1bf750D6B2C470791f959,0xF0Bc8de87E5Cfb93f314F5f225E87fDd6F5439e2,0.0,0.050000009,confirmed
2025-10-24T17:56:42.075961,ethereum_tx,0x74d4eaa9b36b1a5607dba2b1f106bebe41bba4310cd4d2a2b93ca87096c64a98,9481650,0xba6a479E57f1A76CBf8F0E84768dE483857F94fE,0xf993E10C83Fe26DddFc6cb5E82444C44201e8a9C,1e-06,0.020000009,confirmed
2025-10-24T17:56:42.075961,ethereum_tx,0x110422c0d91f4ab4a52067284209178959a607095d211e16c3b38be7e4dcfc02,9481650,0x82D35B938010426359d6c95d8394C3c6b30Ff833,0xf993E10C83Fe26DddFc6cb5E82444C44201e8a9C,1e-06,0.020000009,confirmed
2025-10-24T17:56:42.075961,ethereum_tx,0xc4ae047ac1350f2c947ea16051f17809cb8daba6834d7ff66a1aaab11aafe7a5,9481650,0x7E4C32a863022288082BC21671d45F5637822d11,0xf993E10C83Fe26DddFc6cb5E82444C44201e8a9C,1e-06,0.020000009,confirmed
2025-10-24T17:56:42.075961,ethereum_tx,0xadc888af62752d83c80b7f1b5e54cd837f61e40c20cadd83b53f896ae93b68f4,9481650,0xF286B6Ba9032d93D952B27A495E4A27686373081,0xf993E10C83Fe26DddFc6cb5E82444C44201e8a9C,1e-06,0.020000009,confirmed
2025-10-24T17:56:42.075961,ethereum_tx,0x3afb93db09e10d7045636228960b942f95a83fc494ecf8fed55cf9a0370f5cf2,9481650,0x4777B3a45c29E93e9afcDE7AefF5d35cabCB2323,0xd82F42477B6A1D8521866Cbf394e75eC3136CE7e,0.0,0.001999991,confirmed
2025-10-24T17:56:42.075961,ethereum_tx,0x2e84ea6b56fbba8bcefb024272654bb021f79625104c80ba07ff12ed57f5b5ff,9481650,0xEA128D7490cF08592c4d185F31a91B57e972BE80,0x5b718E36F5Ce2F2F7e25A397040436Ce6af3e89e,0.0,0.001500009,confirmed
2025-10-24T17:56:42.075961,ethereum_tx,0x75b88f0385a61fc24914d3f95691064fdc7005de0bc70c712d9cdb4fd4a44ec8,9481650,0xE07478DFAe71eD71Cb45965Ae84C121A3E29F0E0,0x3A9dDA7cA14336C838C1bc3b46F7A2E1DB0E54AD,0.005,0.0013,confirmed
2025-10-24T17:56:42.075961,ethereum_tx,0xeb374e82065f6429f7703174d3dd352df4f7f8358ab06041bbb76e6239356f56,9481650,0x6d7927C0D236388319864007681BC0C6b844Def8,0x12e1181a741b70BE6A9D81f85af3E92B6ba41897,0.0,0.0013,confirmed
2025-10-24T17:56:42.075961,ethereum_tx,0x3360e227daa92a613d28d90dc5c7cc77d074649cd6017a8596eca03c1520d644,9481650,0x4D8c99D7CcAb16Aad0141d7C6c4276d825f455CF,0xc6255a594299F1776de376d0509aB5ab875A6E3E,0.0,0.001148824,confirmed
2025-10-24T17:56:42.075961,ethereum_tx,0xb5e87ea6b7532f6256387583431f91f2739ba00075eaa4249a5fad47e8834605,9481650,0xB8A934dcdb82D35fc5000122DB57B0cEF9178189,0xE99C54fF96Ae65cd3eE322f368b9f3C2bf20c210,0.0,0.001060008,confirmed
2025-10-24T17:56:42.075961,ethereum_tx,0x5943d5896aa0052e483ec35cb5c07bb60800f47cb6a82a9ac301751a39d0030a,9481650,0x715d1084b1237Ba6a61447890F282E2505471EEC,0xb5A49949C49dEDD852F9f0f419b17aD2785032db,0.0,0.001060008,confirmed
2025-10-24T17:56:42.075961,ethereum_tx,0xb87725e0da4fdcb5febbd144a7ec667fceb9e6ba6fc7569d87dca436be977ec1,9481650,0xd8E7B61406d7E17F662800D7536D484440a1d594,0x3eDF60dd017aCe33A0220F78741b5581C385A1BA,0.0,0.001052631,confirmed
2025-10-24T17:56:42.075961,ethereum_tx,0x321845242c59ed66f00fed70d0d51b4b7b54cf023226419ba2ce900d3d77338e,9481650,0x61d8838f9A00250C9AF13D622DA7c08c372ee587,0xCf8EDB3333Fae73b23f689229F4De6Ac95d1f707,0.0,0.001025004,confirmed
2025-10-24T17:56:42.075961,ethereum_tx,0x7a7fb22a83b21587125d45db8fdc26ecc97251c58e7338d8afc1044f45893888,9481650,0xb3a1956Cff1ecc8054B81b0C83b9847CB71384b8,0xCf8EDB3333Fae73b23f689229F4De6Ac95d1f707,0.0,0.001025004,confirmed
2025-10-24T17:56:42.075961,ethereum_tx,0xa9e240be303c5e6bfc75981cbf0643b8c668062c751423d4e22e2059ff453170,9481650,0x61d8838f9A00250C9AF13D622DA7c08c372ee587,0xCf8EDB3333Fae73b23f689229F4De6Ac95d1f707,0.0,0.001025004,confirmed
2025-10-24T17:56:42.075961,ethereum_tx,0xd5eda2b2c2f60dad401503f7028b53c741a30c7ac189d78578e314b79aac0398,9481650,0x61d8838f9A00250C9AF13D622DA7c08c372ee587,0xCf8EDB3333Fae73b23f689229F4De6Ac95d1f707,0.0,0.001025003,confirmed
2025-10-24T17:56:42.075961,ethereum_tx,0x38bfc5a2c4139d2894927db7c42c22f3895289cd6d703bdec3f063567f1b312f,9481650,0xFF1218066b4b5Cd9dE2A73639862082bcC98bf0D,0xd0dbB2486e3Fbf371D1B2e35Fa330bef6529d2f4,0.0,0.001000009,confirmed
2025-10-24T17:56:42.075961,ethereum_tx,0x95b457a9c99bd03be0d22913df592a19aa5942ce61d59ce180e35a053240a59b,9481650,0x860235D5Db42eF568665900BBD6bA3DB2fA4f33f,0xd0dbB2486e3Fbf371D1B2e35Fa330bef6529d2f4,0.0,0.001000009,confirmed
2025-10-24T17:56:42.075961,ethereum_tx,0xc80fc41f3b0c3a08eb41367d1d67aba9d0230d536739eb45d73cb92a5794beaf,9481650,0x1E084f001Aabf562b37C1606604d39E586b8f7cd,0x0000000000000000000000000000000000000000,1e-05,0.001000009,confirmed
2025-10-24T17:56:42.075961,ethereum_tx,0x6ada38ff3f3054f7141edc246b9e7b19386afc833523f423dc83eb9ec3b6c066,9481650,0x7cE347ce7dbf3FC95e1abaa6E9994f4217b03764,0xA73aFb610aC79A729A393D679029fCf9618854AD,0.0,0.001000009,confirmed
2025-10-24T17:56:42.075961,ethereum_tx,0xfb0011dcccd2a0d1ed7d0ec4a44a734fbc7d6a53e2ef17856b2139b0e0e5b0c5,9481650,0x207D430716d4F12e7e6d9acB39BbC73fD4cB4E1C,0xA73aFb610aC79A729A393D679029fCf9618854AD,0.0,0.001000009,confirmed
2025-10-24T17:56:42.075961,ethereum_tx,0x57a0568d4dd3da824a4331234c789e1fb47080dcdbf30ab148ecd04a48e34c52,9481651,0x3C95c2633296B264d051498C4b2e982EbB526A53,0x3C95c2633296B264d051498C4b2e982EbB526A53,0.0,4.1,confirmed
2025-10-24T17:56:42.075961,ethereum_tx,0x163507cad19a331ec40afae236f390c04646113a6aeb0f941d69d081b16ceedd,9481651,0xcBf36F208E257b3cB3b82be773E8e4Bf4AE7c507,0xcA11bde05977b3631167028862bE2a173976CA11,0.0,3.000000009,confirmed
2025-10-24T17:56:42.075961,ethereum_tx,0x700083b5b4c599367a81382116de9658fb3f9e1edb4a0e970c912b4eb4a0ff48,9481651,0xa0a3Fa72c6D6dc0682fA8d4480A09FC1c6ba0887,0x73B668d8374DDB42c9e2f46fd5B754Ac215495bc,0.0,2.000000009,confirmed
2025-10-24T17:56:42.075961,ethereum_tx,0xa2a65ab4b913f8037ce0a70ffc383ff7f88e5fa0a9cf7d18b3c481206f0a851e,9481651,0xCAe48CC52Cb22Fea40077434DBDd3BbA56eE1A03,0x000D51c298a9B0AcbDa440e1dd2E0812d7790e3f,0.0,2.000000009,confirmed
2025-10-24T17:56:42.075961,ethereum_tx,0x1deb51e329d58daba419adfc5f6680a69da1050742f328abeca1a5af3b8292da,9481651,0xCAe48CC52Cb22Fea40077434DBDd3BbA56eE1A03,0x000D51c298a9B0AcbDa440e1dd2E0812d7790e3f,0.0,2.000000009,confirmed
2025-10-24T17:56:42.075961,ethereum_tx,0xb26beb75b21647b742241d8a6146bb01c5aa7bd6cedc8d30c0473882017196d4,9481651,0xCAe48CC52Cb22Fea40077434DBDd3BbA56eE1A03,0x000D51c298a9B0AcbDa440e1dd2E0812d7790e3f,0.0,2.000000009,confirmed
2025-10-24T17:56:42.075961,ethereum_tx,0x3ebd527eddea49e3330de2699c048c82b920938bff9ce1956770682af0c3ae67,9481651,0xCAe48CC52Cb22Fea40077434DBDd3BbA56eE1A03,0x000D51c298a9B0AcbDa440e1dd2E0812d7790e3f,0.0,2.000000009,confirmed
2025-10-24T17:56:42.075961,ethereum_tx,0xc4f48652623be801d16c8fa24b6b5bbbaa43db3e87b99ce2a748b624a57e823d,9481651,0xCAe48CC52Cb22Fea40077434DBDd3BbA56eE1A03,0x000D51c298a9B0AcbDa440e1dd2E0812d7790e3f,0.0,2.000000009,confirmed
2025-10-24T17:56:42.075961,ethereum_tx,0x5193a43f983b0a6e9b71db60cede8d459894e8db732a26b3c7b4a81da6852fb1,9481651,0xCAe48CC52Cb22Fea40077434DBDd3BbA56eE1A03,0x000D51c298a9B0AcbDa440e1dd2E0812d7790e3f,0.0,2.000000009,confirmed
2025-10-24T17:56:42.075961,ethereum_tx,0xaf2ea18fb1a927cb1ec8c627fc55b4305e2eeb5e2ed82b453ec0e0fb7cc3bfb8,9481651,0xCAe48CC52Cb22Fea40077434DBDd3BbA56eE1A03,0x000D51c298a9B0AcbDa440e1dd2E0812d7790e3f,0.0,2.000000009,confirmed
2025-10-24T17:56:42.075961,ethereum_tx,0x37c76917ac4f756a6314e1b028b2a47c35807ce2c3a6dc8ba978f20b521346e1,9481651,0xCAe48CC52Cb22Fea40077434DBDd3BbA56eE1A03,0x000D51c298a9B0AcbDa440e1dd2E0812d7790e3f,0.0,2.000000009,confirmed
2025-10-24T17:56:42.075961,ethereum_tx,0x3c682806f6863078b39099b19c161f75d53edf5a629678245ade8bc707545f20,9481651,0x3DC49e460fBB7d936a1BfAD05d7cF9Ccc86e698b,0x956962C34687A954e611A83619ABaA37Ce6bC78A,0.001,1.500000009,confirmed
2025-10-24T17:56:42.075961,ethereum_tx,0xf4f66a5e4203c5539d951d987a94133fca73572fe0b624bc89a0af030e2f7256,9481651,0x53646D2A54dF1dcA4Ea2Ac66A6279f91C976dF56,0x0b27Ca7e1DE0c405a2AD9aE12190BF113eB96838,0.0,1.500000009,confirmed
2025-10-24T17:56:42.075961,ethereum_tx,0x8cfe752fb566a8859075ed57df3f1c5346788f3a27b7192429e012dabb1e5315,9481651,0x9F89028846333e81AeB5755DbB06b3AA1177fd06,0x2A4496bbC344414e3bDbE6a8E7c40EF007DAeEd1,0.0,1.5,confirmed
2025-10-24T17:56:42.075961,ethereum_tx,0x44f279ccf545dada7ed70b3874f6c684bae6bff69d35c530d9008999f3b7f48b,9481651,0x6a95C6B532bedC6ffA9402e664Cb933f60511413,0x2A4496bbC344414e3bDbE6a8E7c40EF007DAeEd1,0.0,1.5,confirmed
2025-10-24T17:56:42.075961,ethereum_tx,0xa738a0b29e5a022ddb2e117ce57caed6bb80730a8e21c33ce997ef46e23bce42,9481651,0x524Bc7C6237C9fDE722AB688fD581C3f14005EA1,0x57c5dC670eB6f571bDD8Fc1CF178c46c9A917A74,0.0,1.5,confirmed
2025-10-24T17:56:42.075961,ethereum_tx,0x492b1be5c0a6368a875690006e60a073e23d5a51e46c1b7045659e9653511a07,9481651,0xC87412c0d7767Ee287D2e4B6F4a580c1087ECe1A,0x57c5dC670eB6f571bDD8Fc1CF178c46c9A917A74,0.0,1.5,confirmed
2025-10-24T17:56:42.075961,ethereum_tx,0xc75d12e5661ebe99940e1fc975bd64614e3ecb0b46b16f43bd412a9d1b214a5c,9481651,0xC86A380bc8f19c380745DB73c4bA45a07e6B4581,0x2A4496bbC344414e3bDbE6a8E7c40EF007DAeEd1,0.0,1.5,confirmed
2025-10-24T17:56:42.075961,ethereum_tx,0x0c4c7288118f922ecbbdc02459ad005f7a39d5e265ae26a6e0edcdb62b54c6f2,9481651,0xc39Ab29406cf7F5e6eD12320B667F5A26ce9127b,0x11DE97a4899Eb364ce339D6Ce27e58257D5ab54B,1.06e-05,1.5,confirmed
2025-10-24T17:56:42.075961,ethereum_tx,0x1decb2c13ceaf034940e905311a7243811e12929868b1c1845e6943503785e30,9481651,0x43CCB72DCC242bD3f5990b1683E79Fc89a41efA6,0x2A4496bbC344414e3bDbE6a8E7c40EF007DAeEd1,0.0,1.5,confirmed
2025-10-24T17:56:42.075961,ethereum_tx,0x439d154036dddc6bac8a670d340ce1f70818eb7bb93c7d54fb120489e3276ae9,9481651,0xb2248390842d3C4aCF1D8A893954Afc0EAc586e5,0x6c97864CE4bEf387dE0b3310A44230f7E3F1be0D,0.0,1.000000009,confirmed
2025-10-24T17:56:42.075961,ethereum_tx,0xaf16039ae55378be7304a4c0b726475c97335fe1e9726cf9c801b3e051bdd67d,9481651,0x2D1fEcD426061329b2e7ad8100dCB7f31618bD0b,0x638800D631f68Dbc949f7C5a5bae241B011BB6A1,0.0,1.000000009,confirmed
2025-10-24T17:56:42.075961,ethereum_tx,0xc9d619be03d9e2ef1a495081166594d89af2e3f051c0417e6198d45ee6c52ad2,9481651,0x0C8cDd3d1Bb733CC5874576E96C632187F21DC89,0xd342fB29cB72eaDa5c71A61Ac4205f4fA5e423ea,0.0,1.000000009,confirmed
2025-10-24T17:56:42.075961,ethereum_tx,0x2c8aae1693a7c21ea6d01a0d1d5ffa39e4c5698c633d362040adef3b2bfa7080,9481651,0xDCEd352a472aC0a2554099785ABFBA8B043ab46D,0x742A42Fa3F8dD252b3B60F21Fef04C213830b4Ca,0.0,1.000000009,confirmed
2025-10-24T17:56:42.075961,ethereum_tx,0x336ab4738074e649857d1b7777deda12ce7fa6d45fd9199d1393374a02453351,9481651,0x4D72B8fa89697c7480F4465697fb4b3d67cb1a52,0x008D555470D9560B7095993D89781550345D1Bf1,0.0,1.000000009,confirmed
2025-10-24T17:56:42.075961,ethereum_tx,0xc35b5aa21e12cd6514c486810031e16398a7cf74a936353b9ec95725fa44cd69,9481651,0xAa03CfA18154822f8Ad92D48c42210a890E01Dc9,0xB88FeAA1a0c5B57D82B50C937A7ad647E6D59223,0.0,1.000000009,confirmed
2025-10-24T17:56:42.075961,ethereum_tx,0xa7557bb652d99c8581afe74392c5df077574b78eadc039a6c60203f32ca25aa7,9481651,0xF0FEd0C0192539a1076d8BDa1233f414704d98Be,0x00D22efF04CF7d0f5A355A6D9A06E43120398dA6,0.0,1.000000009,confirmed
2025-10-24T17:56:42.075961,ethereum_tx,0x398adcbe3d1f527194f0733dc0b7b24c2d32ef7555c1155dafcc4518385a57a3,9481651,0x7E0f32d2Ea8AfE3eDD67E33dccaf1A01BdEcCE6f,0xd82F42477B6A1D8521866Cbf394e75eC3136CE7e,0.0,1.000000009,confirmed
2025-10-24T17:56:42.075961,ethereum_tx,0x68f8d518196ef8e4881c5c49070cad622385bddd3e5de92fda3bcda7557d593d,9481651,0x27700b0aB537D8bB692cb67EB8403BbF003AB9e5,0x0000000071727De22E5E9d8BAf0edAc6f37da032,0.0,0.100000009,confirmed
2025-10-24T17:56:42.075961,ethereum_tx,0x19e69760858397eec1f44cc41eca830f048c266eab3474333f6d41d7d140104f,9481651,0x59267d60B4D9B1305075C5Ce24c0a0B7a867f808,0x5FF137D4b0FDCD49DcA30c7CF57E578a026d2789,0.0,0.100000009,confirmed
2025-10-24T17:56:42.075961,ethereum_tx,0x438e14426456f9a825c77e3aa6a0278f32142c2e8cc2602704bc8b72703608fc,9481651,0xeE9461CA3Ab9352a2d23959C12b00C2dcF79f351,0xf993E10C83Fe26DddFc6cb5E82444C44201e8a9C,1e-06,0.020000009,confirmed
2025-10-24T17:56:42.075961,ethereum_tx,0xd80491b109eb48baf4d876a0c2f842be2d5547dba0d3c03b133e9a3aa568ddda,9481651,0x905E1Aec5192179f82999eF72DfBB1fc295D90BA,0xf993E10C83Fe26DddFc6cb5E82444C44201e8a9C,1e-06,0.020000009,confirmed
2025-10-24T17:56:42.075961,ethereum_tx,0x8016797995f93cfcfc747cb6294243455691f5dc8782d8907d1cbeb36a92f2e6,9481651,0xe0442Dc6Add61553A70CeE9eFF55E8918dad3F3F,0xf993E10C83Fe26DddFc6cb5E82444C44201e8a9C,1e-06,0.020000009,confirmed
2025-10-24T17:56:42.075961,ethereum_tx,0x5f7a45629dd3655e5bc9a7716dda84c93222518ad6cf599700281e1ead2659d4,9481651,0x721A7D6921798255d4120694E0771CeC2BFE2994,0xf993E10C83Fe26DddFc6cb5E82444C44201e8a9C,1e-06,0.020000009,confirmed
2025-10-24T17:56:42.075961,ethereum_tx,0xf9ad3cd0ed05e6160f554758907cc8a53298a271f34f3d5204fa49cc5f53175e,9481651,0x5c432b6De15010C0207f4A1113fF960107EbBFD4,0x5b718E36F5Ce2F2F7e25A397040436Ce6af3e89e,0.0,0.001500009,confirmed
2025-10-24T17:56:42.075961,ethereum_tx,0x2a3300a7d394cec1626f93d93d39975749ff2094d4cf7923af692c9cd929033a,9481651,0x3D873B89763B62D6E3F1DdBE703e48d953B57d68,0x956962C34687A954e611A83619ABaA37Ce6bC78A,2.5740682045164e-05,0.0015,confirmed
2025-10-24T17:56:42.075961,ethereum_tx,0x8a1be91a89a8790385c088e77adaeb98217f281aadbd8d43760f23b046d23c2a,9481651,0x03A1883294E1465e637B6cAc52B7d9633D0eaB6c,0x956962C34687A954e611A83619ABaA37Ce6bC78A,2.941690879463e-06,0.0015,confirmed
2025-10-24T17:56:42.075961,ethereum_tx,0xdc2faa434f2d1930b2b4e70430e97961b42d54968e98ecb5045a62d8ff36ebe2,9481651,0x7e62c5e7Eba41fC8c25e605749C476C0236e0604,0xBdCC405C59ED6075088E600f25DF922d76bCcB64,0.0,0.0013,confirmed
2025-10-24T17:56:42.075961,ethereum_tx,0x5b2f4166b9e9227d8d4b76f76c4adc08c17375ab6d167a2c861cc752466f9ff6,9481651,0x59d131C030a1B5CfDE1b55200984a80c2866558C,0x3eDF60dd017aCe33A0220F78741b5581C385A1BA,0.0,0.001052631,confirmed
2025-10-24T17:56:42.075961,ethereum_tx,0x2a9242153971a3ee10eff7e2ee2a0a3253cd42e9958180297d1934fc2212d05b,9481651,0xDf67049962a46DD31c2DA2C23932B20Fdb9D495d,0x7215691F60C4fA7Bb82c5Ac44c7d57dc32bB0493,0.0,0.001052631,confirmed
2025-10-24T17:56:42.075961,ethereum_tx,0xad693c2eceab9a17f0df3a3d957f2f18864b4ca9c69162b8773a898600b3292c,9481651,0xb3a1956Cff1ecc8054B81b0C83b9847CB71384b8,0xCf8EDB3333Fae73b23f689229F4De6Ac95d1f707,0.0,0.001025003,confirmed
2025-10-24T17:56:42.075961,ethereum_tx,0x8230431cb16fc09a9af2e7c96f767a8125b0f6d158b3cf1333f5279b1b0835fd,9481651,0xb3a1956Cff1ecc8054B81b0C83b9847CB71384b8,0xCf8EDB3333Fae73b23f689229F4De6Ac95d1f707,0.0,0.001025003,confirmed
2025-10-24T17:56:42.075961,ethereum_tx,0x0825298d201d8548bf43eed9f7305ba0154431b2c4a3105eed9231fd6f84df02,9481651,0x1E084f001Aabf562b37C1606604d39E586b8f7cd,0x0000000000000000000000000000000000000000,1e-05,0.001000009,confirmed
2025-10-24T17:56:42.075961,ethereum_tx,0x9059e7c9efa8d007311ee46a3f81cb24b62d23b36ffb22eae58f9d23c285a497,9481651,0x2c2ff804eD59BBE2533e0a8210D5a120414D4c93,0xA73aFb610aC79A729A393D679029fCf9618854AD,0.0,0.001000009,confirmed
2025-10-24T17:56:42.075961,ethereum_tx,0x1843cc11207621df0b237bf1d57f4731b473ebeb188d61a7e479139bbb80249b,9481651,0x9905E8C3A4f82037170a8c411CD8b11D4894066f,0xd0dbB2486e3Fbf371D1B2e35Fa330bef6529d2f4,0.0,0.001000009,confirmed
2025-10-24T17:56:42.075961,ethereum_tx,0x9cc735aab56e69cb6e44b1e76ac0461ec12c4291cc4fb5b222852acf0cdadbe2,9481651,0xf286c79b4a613a1fE480C8e4fB17B837E7D8ba03,0xd0dbB2486e3Fbf371D1B2e35Fa330bef6529d2f4,0.0,0.001000009,confirmed
2025-10-24T17:56:42.075961,ethereum_tx,0xe7b88e803eec349076eb487f3f72f56a2ddc0fd1c475bdc83e6fd5d1c170c773,9481651,0xDc9d3015A4a391607A835B87a292BcF030AF24E2,0x9E841C03218E36A785C1c50f2f74fAc5D54656Da,0.0,0.001000009,confirmed
2025-10-24T17:56:42.075961,ethereum_tx,0xaaebb0464c57c3d87b4e1a75fff45a37e9c541e6688c13ab5af455ff271420ea,9481651,0x04362652b6b1069b4Fa80a81275D57964f970854,0x5a04F6B808e909aD88e479F801dc77e5C38F5412,0.0,0.001000009,confirmed
2025-10-24T17:56:42.075961,ethereum_tx,0x095f7baf0d7ec428ac58f2a5a8d3b38f27aaf3e80c0f0d18f6ae595d2c6b3b3f,9481651,0x3C352eA32DFBb757CCdf4b457E52daF6eCC21917,0x7E5F4552091A69125d5DfCb7b8C2659029395Bdf,0.1,0.001,confirmed
2025-10-24T17:56:42.075961,ethereum_tx,0xcc04b04b2fbfb8065a78e3e773ecfff359133d9bea9a984c14a05bc7cbd39b4a,9481651,0x6d95AbF89c16Bb1682DEa4b31C85e311D569567e,0xEa1499503adDDC74Fc284a5707D29bCAc8cd48ca,0.0,0.001,confirmed
2025-10-24T17:56:42.075961,ethereum_tx,0xab020aac6a89c4e1c1d878c447c47d832f6fb77619b4ed42147aa010a1d34347,9481651,0xeB00E7801Ccb6bE195e3fc496DEF1Ba02B242912,0x15B0E3766B144fbB190AeA6F01d8676af20C5aef,0.0,0.001,confirmed
2025-10-24T17:56:42.075961,ethereum_tx,0x4e0daeeb3891ea92447eafc78cd0b36ac9e4adc44d2fd33fcba8b40e08bbd2a8,9481651,0x6Ac62127988e20768DE5c95B3D9444B76FeEF889,0x9548bd698127aa9Fa321Da5314907a9FC6ee3812,0.0,0.001,confirmed
2025-10-24T17:56:42.075961,ethereum_tx,0x3f3d8117bb555783f06a05f4969468b7cfaae0c3b6b06e02124c9902dc5b269d,9481651,0x397BFEaB00198bae56C1b52bc2F25273a16De0ee,0xd0EAfa347cf60a6D31046dA91CA10F890EdC0b72,2.15e-06,0.001,confirmed
2025-10-24T17:56:42.075961,ethereum_tx,0x9564ea393df4c7b699e9cefdaef956483635e99d7a89e7d5a5198a12087683fb,9481651,0xf734908501a0B8d8d57C291ea1849490ccEdc16D,0x4deeCe61A2B7E80102229a67D627424c0677333a,0.0,0.001,confirmed
2025-10-24T17:56:42.075961,ethereum_tx,0x0fd1a1ccce8d8b544ffeacaebdcfd44476e91b2a00d6a3307734e9bcf874de25,9481651,0x480C988E60e2c2B25D5bd62E526a395eC79784A5,0x03C66CB1826BDB0395BF31E68Bf7E873e9564fFB,0.0,0.001,confirmed
2025-10-24T17:56:42.075961,ethereum_tx,0x3dd62187e50c845e9416121748777458cd603ccaa0380d2f324adab44d916500,9481651,0x439A8016B53f4436eB59806dB8547eD9154c89c9,0x03C66CB1826BDB0395BF31E68Bf7E873e9564fFB,0.0,0.001,confirmed
2025-10-24T17:56:42.075961,ethereum_tx,0xdb70c5679faacc40c28bd2e5d63fc997510dcc5a95c7408a50d14d94f63b6c1b,9481651,0x64FcA2c4F6536d52E7b733eEaC921264817EECdB,0x03C66CB1826BDB0395BF31E68Bf7E873e9564fFB,0.0,0.001,confirmed
2025-10-24T17:56:42.075961,ethereum_tx,0x565eaabe198d340bc05a5b0e73451be017431354d0e8902d860570192955272d,9481651,0x163f2e73c170FDce319960DB8BF8b6272e8fC099,0x03C66CB1826BDB0395BF31E68Bf7E873e9564fFB,0.0,0.001,confirmed
2025-10-24T17:56:42.075961,ethereum_tx,0x51923aaf2c544d61da9c7d6533691c3ae351c1d26d23d7c6fa580cf8e9222b1f,9481651,0x0B9428f89c91875E39c1951e68Ab38593B870Cf2,0x8bfE61eEDF24094F6832BD2E01FD3b8846b96B7c,1e-08,0.001,confirmed
2025-10-24T17:56:42.075961,ethereum_tx,0x12938152aac54556ea46feb7b4cde6e0d4935886423df0a32d118b353ba1e072,9481651,0x50d6D8caE0c8F48fd067cb032e1681708e052e73,0x03C66CB1826BDB0395BF31E68Bf7E873e9564fFB,0.0,0.001,confirmed
2025-10-24T17:56:42.075961,ethereum_tx,0x257e7bfec66afadb81d4f604de3df9393080f25598dc629075ed3843f2f8e07e,9481651,0xEE5C0c29fB478a94D9a1c626c524122060Eeb860,0xF0111EdE031a4377C34A4AD900f1E633E41055Dc,0.0,0.001,confirmed
2025-10-24T17:56:42.075961,ethereum_tx,0xcfa38b0e956c9aafc5a08c9b0bbdad4466847b6637d7f5ee67e484a15dfe341f,9481651,0x1F8b8F2FBf993e839941FC606D9510ce7D169a39,0x03C66CB1826BDB0395BF31E68Bf7E873e9564fFB,0.0,0.001,confirmed
2025-10-24T17:56:42.075961,ethereum_tx,0x4e34c08131c14d85b06d2879fc294b33aa6199de7178f31643d550c507442509,9481651,0x3ee62fE016A7169AAc0B0Ff15B4D5A0c7B242d58,0x03C66CB1826BDB0395BF31E68Bf7E873e9564fFB,0.0,0.001,confirmed
2025-10-24T17:56:42.075961,ethereum_tx,0x7d9c74b43fc8a53c3f94a6dd88d327094df9137ef12a15b6fda4bf2c81d1314d,9481651,0x52dee96980b72357bAba5972Bf4bD62646298ec9,0x054fd961708D8E2B9c10a63F6157c74458889F0a,0.0,0.001,confirmed
2025-10-24T17:56:42.075961,ethereum_tx,0xaf86ea2561d858532be4924e64404e8ac9e8fbd335ba17e00d621d535828780c,9481651,0xB22833D458F0AC2576067Dd7dAEfd6c85CCc50FE,0x4B044D492C5cc6eFa8135F6a8558672BF56aF178,1.97e-06,0.001,confirmed
2025-10-24T17:56:42.075961,ethereum_tx,0x12c88920983633ffe52b579057de890082dcd3ac8a6c6c431ee33795091debfa,9481651,0x6Ec7f5d7095787864ff18Ff65dbD7aDA6A3d6c75,0x03C66CB1826BDB0395BF31E68Bf7E873e9564fFB,0.0,0.001,confirmed
2025-10-24T17:56:42.075961,ethereum_tx,0xf4650bdafb94a256cc205c484a302079f4560a8bc292061d818a6d0aad129119,9481651,0x2BFaadCa3865BEf692e68B16A3A655bB3167e004,0x358e500d87F6d4630a8bF2fBDA09298C0873DA18,0.0,0.001,confirmed
2025-10-24T17:56:42.075961,ethereum_tx,0x2c97ebfe8ed61f395269f14ebd1152d9d450bc26564b9200ef13e0dc301e7a09,9481651,0xC128e8fb95E5856E84C99010CA7568B7CBEfaa54,0x03C66CB1826BDB0395BF31E68Bf7E873e9564fFB,0.0,0.001,confirmed
2025-10-24T17:56:42.075961,ethereum_tx,0x5821e4193d7cc61d82dae588232746cc4967cff5aadba3a58680a76fa3f2c1fc,9481651,0x2Fa8c28356D1c21FB51366240e339Fe788b67832,0x03C66CB1826BDB0395BF31E68Bf7E873e9564fFB,0.0,0.001,confirmed
2025-10-24T17:56:42.075961,ethereum_tx,0x53bae7cf85dc69fe695fcd12bc9ef792501eacd248cfe03b63313a1b2bb33f54,9481651,0x3708aA2a8Be863Dab344Fc35b3a6cb341E677a20,0x03C66CB1826BDB0395BF31E68Bf7E873e9564fFB,0.0,0.001,confirmed
2025-10-24T17:56:42.075961,ethereum_tx,0xbac968671adbee145cda61b92de6739555d9ac2269cb789d7c898c0a25c0aa1a,9481651,0xA4e1bf7881A55b6cd813E8B17f715A8DFdD4Bb5D,0x03C66CB1826BDB0395BF31E68Bf7E873e9564fFB,0.0,0.001,confirmed
2025-10-24T17:56:42.075961,ethereum_tx,0x7ca58add1754a69689a5e1b087009e9826c7e28d8dfedf1d751a91588bb39231,9481651,0xdEB78271b71216F5711Da5d4BC8864DABA24FD0A,0x03C66CB1826BDB0395BF31E68Bf7E873e9564fFB,0.0,0.001,confirmed
2025-10-24T17:56:42.075961,ethereum_tx,0xd3287a6a8d004ca32f9e9d84060d7634becb7a14a08378919599a12d51900586,9481651,0x953DE817EC97E060D81F25b33B20Ed6635D660fE,0x03C66CB1826BDB0395BF31E68Bf7E873e9564fFB,0.0,0.001,confirmed
2025-10-24T17:56:42.075961,ethereum_tx,0xcd2d08d7126d70dde42e6653b1287f8a55f34b335c3628861d6fec2e98bd3841,9481651,0xCc83D877d0FCeCDbd481c9CBA5d754e3297a7b68,0x03C66CB1826BDB0395BF31E68Bf7E873e9564fFB,0.0,0.001,confirmed
2025-10-24T17:56:42.075961,ethereum_tx,0x4e9453ddd0890404e68dbee5cae56fd0dc5637e8be27b0c78c0223dcf198b4c9,9481651,0x4DD11da5802f10353fab6Ac3905f5CdbAb036f86,0x03C66CB1826BDB0395BF31E68Bf7E873e9564fFB,0.0,0.001,confirmed
2025-10-24T17:56:42.075961,ethereum_tx,0x29deafdcca6fd13a5c7e3c3523fd458bded8cfb207181c4dcf89d3adb1e73473,9481651,0xA2f788903cA1AfcF0b275774dbc4Db3BB5Cf6114,0x03C66CB1826BDB0395BF31E68Bf7E873e9564fFB,0.0,0.001,confirmed
2025-10-24T17:56:42.075961,ethereum_tx,0xea77a69f56878a6a1a37f6604d9318bca27be829b1d758c91bfc4ddbf255c493,9481651,0x8864eA9ee1004FaF5922Da4994EB51A8568Ef1CF,0x03C66CB1826BDB0395BF31E68Bf7E873e9564fFB,0.0,0.001,confirmed
2025-10-24T17:56:42.075961,ethereum_tx,0x254236dee514c84777acdea80857d4300050198cc524fe28aebdc0f51d9ea194,9481651,0x7fA2EeD0566498049a81E93402C306bc4268D982,0xe8Dd26D2eC505ac7E51740DA84ba2Ce9f01a2431,0.0,0.001,confirmed
2025-10-24T17:56:42.075961,ethereum_tx,0xd870c3f5c1b83b1274b11ad95925ecf6ea666fd11738ced307acf4bb3ac4454e,9481651,0xeb4Cc837957f18Cb6eB7689e8cd535e3fefC8b87,0xe8Dd26D2eC505ac7E51740DA84ba2Ce9f01a2431,0.0,0.001,confirmed
2025-10-24T17:56:42.075961,ethereum_tx,0xf7e797142afc559a9f3ddb71011fff5840286de3922e4a2e8f5f3c855c4ebd8c,9481651,0xcD12Ed9b63603bc9685Cda552c0156d9b297b41F,0x87A3effB84CBE1E4caB6Ab430139eC41d156D55A,0.0,0.001,confirmed
2025-10-24T17:56:42.075961,ethereum_tx,0xf792bc68f6d40f48e3967dba4d123c1dbdf4a8461437f55c36ce69955ea5ae10,9481651,0xBf389beCd498E1a07bd011489F6982DbC7E31897,0xFb13dE1C5aC28fc8335Ec5721b06eB4eA6e3897b,0.0,0.001,confirmed
2025-10-24T17:56:42.075961,ethereum_tx,0x17e7f9d56af2b4a911121b24ec96750c604958afd40d197ca86c06316cf2370b,9481651,0x3Da763C42E438eB17880fB6A83040d6cf13eF03b,0xFf00000000000000000000000000000000042069,0.0,0.001,confirmed
2025-10-24T17:56:42.075961,ethereum_tx,0xd57b5bedada4d42e00794816d68e5e6594f05f0ddb2bfd16b481b02511d8aaad,9481651,0x66d61a0c135DC738173C922Aa0a4Bf321a54a22C,0xc6255a594299F1776de376d0509aB5ab875A6E3E,0.0,0.001,confirmed
2025-10-24T17:56:42.075961,ethereum_tx,0xa4f5cf504180f06acfff52f01e3cdc596db7ba3e4cf791fc4530b8c5d6bb6420,9481651,0x4ba432b19b3eF4E7BA7369c024380076Ed3562ff,0x2421392ba8Bc25Af25180cDA801B25Fd6fadb029,0.0,0.001,confirmed
2025-10-24T17:56:42.075961,ethereum_tx,0x088d7f9d079abcb2a099246d6ba0e8fc017aaac6b158c02d3f381a8f6e87a9b0,9481651,0x23531187C2A399b59eC3F4a32a37527b790B4598,0x08d2b0a37F869FF76BACB5Bab3278E26ab7067B7,5.18e-05,0.001,confirmed
2025-10-24T17:56:42.075961,ethereum_tx,0x98ee900c03e1be594309cec519f8558d9c5be4e4dabfb9b7d149a40b0bfdbcd7,9481651,0x3142BA993060E0da0eD39BC077653cd4Bca0Ca56,0x08d2b0a37F869FF76BACB5Bab3278E26ab7067B7,5.24e-05,0.001,confirmed
2025-10-24T17:56:42.075961,ethereum_tx,0x27688dadd0abddeda673474df0378cfe6d90023b8f715b25e34756e4404c16db,9481651,0x0B0e2673A1CE96a115c2c53e1304eD4640294856,0x08d2b0a37F869FF76BACB5Bab3278E26ab7067B7,3e-05,0.001,confirmed
2025-10-24T17:56:42.075961,ethereum_tx,0x6cc42d11789ba4caf6e4c37c53b209bc3b5f39f6df7525e62cac85eb5d19ea3b,9481651,0x0B0e2673A1CE96a115c2c53e1304eD4640294856,0x08d2b0a37F869FF76BACB5Bab3278E26ab7067B7,3e-06,0.001,confirmed
2025-10-24T17:56:42.075961,ethereum_tx,0x69b52d2b34f10bc5d82ab78c4cb4d2e5e44595e1216d631b18d75789af17f8aa,9481651,0xE6e5dA74624884FBa5D34b1304c1B7a501a94b45,0x08d2b0a37F869FF76BACB5Bab3278E26ab7067B7,0.00515,0.001,confirmed
2025-10-24T17:56:42.075961,ethereum_tx,0xd8b5c1bf966d49838f1663bb1df2741446db5a6c80e11d8f60fc09b86f6a9953,9481651,0xE6e5dA74624884FBa5D34b1304c1B7a501a94b45,0x08d2b0a37F869FF76BACB5Bab3278E26ab7067B7,0.00515,0.001,confirmed
2025-10-24T17:56:42.075961,ethereum_tx,0x4f718745e866f05f7b1f1c5648a706066758c202782a4490278d26704089ad77,9481651,0x8cc245F321394DcEE68556170e2A81F5001443D8,0x956962C34687A954e611A83619ABaA37Ce6bC78A,0.0002598,0.001,confirmed
2025-10-24T17:56:42.075961,ethereum_tx,0xf5c50f37fce79c87edc2e7b0979451ac069ae82d3fe7c8a25ca82fd0f7552f71,9481651,0xAA2cc60591207b1ddf1d9520c9d38e71180fF7B7,0x956962C34687A954e611A83619ABaA37Ce6bC78A,1e-06,0.001,confirmed
2025-10-24T17:56:42.075961,ethereum_tx,0xc3d5ba8d188927eec8c2211a6ee1a1215f9ea2d6dfcc7b7976c2e9e420bda240,9481651,0xF40b7dd2Fe99Ea1Ca5A1595dbD0e2Af82B278e66,0x2c02c4F3DB094788bdb60C093D96F834F0FB4bcE,0.09998398678890479,0.001,confirmed
2025-10-24T17:56:42.075961,ethereum_tx,0x8e7679b44388aeb873459c1084cd9c0ce857bea0311a35cc33117289a8091387,9481651,0x45714270eE486133A0652C7e10e31de7AE90fC45,0x956962C34687A954e611A83619ABaA37Ce6bC78A,3e-06,0.001,confirmed
2025-10-24T17:56:42.075961,ethereum_tx,0x46ba79d23fe2d8fc405760b49ac519980f00479b38795d6ac02cb399c3f84c01,9481651,0x1F010c3fcDfd6BEF054DC4750449EF44C970e6f2,0x956962C34687A954e611A83619ABaA37Ce6bC78A,1e-05,0.001,confirmed
2025-10-24T17:56:42.075961,ethereum_tx,0xc4723ef7a9bf0d1875742f5366701c8c5f1dd89a2b533a412669de3a9c1aef3f,9481651,0xEE92cDab926518E946287B15Cca5f83e90480eea,0x956962C34687A954e611A83619ABaA37Ce6bC78A,1e-06,0.001,confirmed
2025-10-24T17:56:42.075961,ethereum_tx,0x5ca672edcdaa7edbc6799fb88af0b90a835167199f283eb2a9c3f38ca349bf1e,9481651,0x29e6A11e6a3cf938725cA2E903359A462ab06D9E,0x956962C34687A954e611A83619ABaA37Ce6bC78A,1e-07,0.001,confirmed
2025-10-24T17:56:42.075961,ethereum_tx,0x2ba03e7c5bcf0ab0d4e0efb16fd9193fc178c43ba282072861e292436981621a,9481651,0x0D5BDAd21E8C439033e705F8907947f730D1ce84,0x956962C34687A954e611A83619ABaA37Ce6bC78A,1e-07,0.001,confirmed
2025-10-24T17:56:42.075961,ethereum_tx,0x57f00756dcd0c96112c062587846d1e78c3232ac43f539372bf2dedba6403f00,9481651,0xAB3070DDa030ed0115b23AB74B7Af9B73b2781F2,0x956962C34687A954e611A83619ABaA37Ce6bC78A,1e-07,0.001,confirmed
2025-10-24T17:56:42.075961,ethereum_tx,0x3833b54de1bedc9969993eb567322edb8adba8df4fcd0185928a9ca94b1facc8,9481651,0x65367E1A2584abCA637E4bB4B3EaCc307d81a9A8,0x956962C34687A954e611A83619ABaA37Ce6bC78A,1e-07,0.001,confirmed
2025-10-24T17:56:42.075961,ethereum_tx,0xa9c8f421b59b50b078638c4f78f18a6096d5ed79bb1a1c04555f63e3156d3719,9481651,0xa0Be15C8AeaBD5aBC01Dc0fd1A4aa3481737A41C,0x956962C34687A954e611A83619ABaA37Ce6bC78A,1e-07,0.001,confirmed
2025-10-24T17:56:42.075961,ethereum_tx,0x0fd5427f55ecdbcb64cc3e239cc148503c3a91ae8b75bd4b20a85e3bd51b7120,9481651,0x5CD3C4Da12935e3162EE390B2d7660A23D6a12C0,0x956962C34687A954e611A83619ABaA37Ce6bC78A,1e-07,0.001,confirmed
2025-10-24T17:56:42.075961,ethereum_tx,0xf78dd583def277b07a34abc9cdbca819fcadd03da2453e9b6a0889ddeca9adaf,9481651,0x828D8964D97564075c76d681A001C1336a2397aD,0x956962C34687A954e611A83619ABaA37Ce6bC78A,1e-07,0.001,confirmed
2025-10-24T17:56:42.075961,ethereum_tx,0xf7660f00e0839ba1a30ca39a52def9652c46266412c6fbdb98cfb828a0d431d5,9481651,0x05a53cD91a4946DE2a615d129bE71823F0Bbd6E8,0x956962C34687A954e611A83619ABaA37Ce6bC78A,1e-06,0.001,confirmed
2025-10-24T17:56:42.075961,ethereum_tx,0x2281dffa9ae03f07e776cec888300c5a565a14679d685ca0e7cdb982728c287b,9481651,0x874EceDe87C63D40FE64fe1115BD0EFCFcDe91FC,0x956962C34687A954e611A83619ABaA37Ce6bC78A,1e-06,0.001,confirmed
2025-10-24T17:56:42.075961,ethereum_tx,0xdee62fa0dbea0a0d594c6fcf7cc246d945b81e67bee61fed498490b3ca479b86,9481651,0x15D64a430Bb317Cab19B9E4b427a019Ebc1e7Fa1,0x956962C34687A954e611A83619ABaA37Ce6bC78A,1e-06,0.001,confirmed
2025-10-24T17:56:42.075961,ethereum_tx,0x672c66b91953fba5e2509ef93db37995030d2e147146fb31f629b0152896aeb0,9481651,0x4E8BbCC7398Ce527a5cfF321af4bA5dF3802B589,0x7f822B9919D02ec93A3D8FC38D8611Ba38206cfB,7.84e-06,0.001,confirmed
2025-10-24T17:56:42.075961,ethereum_tx,0xf0b2248ee669b0f63182c848c32f2d21f491b3688578acd95e56f6c4282b9130,9481651,0xfdEB572BACbFB20Fe009aB7319C8A26bB1dC41e2,0x956962C34687A954e611A83619ABaA37Ce6bC78A,1e-06,0.001,confirmed
2025-10-24T17:56:42.075961,ethereum_tx,0x7a80498276ef04f655b3060543ac29b5b18efc4e9e1ef06fa2603e011dfc035f,9481651,0xCB2154Ea2C2470361442F69EC57E8df772ad4521,0x956962C34687A954e611A83619ABaA37Ce6bC78A,1e-07,0.001,confirmed
2025-10-24T17:56:42.075961,ethereum_tx,0x19358b79b85f877704e10cdd260790efa642e20ba77dca588c51a8d2fe099d73,9481651,0xE21aDCe4bba62b94242aC7b510C1b2FABBD9c3C4,0x853758425e953739F5438fd6fd0Efe04A477b039,0.0001,0.001,confirmed
2025-10-24T17:56:42.075961,ethereum_tx,0xb511c978749b844612284d2b91fdb9d1fccc2a98309c4f4e13c78e84f819999c,9481651,0x04fF039849da6f1854aFd626507c5Aa21D773aC1,0x853758425e953739F5438fd6fd0Efe04A477b039,0.0001,0.001,confirmed
2025-10-24T17:56:42.075961,ethereum_tx,0x5ca56d223d26dd0cbbf1a95988ce7ee991fbd8060d3efa650605a7fcb2bbd89a,9481651,0xcb5f93894646D1859a86e479cf9a2ee8Ce12D401,0x853758425e953739F5438fd6fd0Efe04A477b039,0.0001,0.001,confirmed
2025-10-24T17:56:42.075961,ethereum_tx,0x5f201c35e4c5ff7e9174cac1223c3b8f291f91171aad06106e75b794a22f4d8a,9481651,0x8C20837EB6e0cAE5EDFb8600B81c684102C0c92E,0x853758425e953739F5438fd6fd0Efe04A477b039,0.0001,0.001,confirmed
2025-10-24T17:56:42.075961,ethereum_tx,0xf08602c8a5e4e045e4f8bc73c93d8eac1a98929a2de0eafb6abdc653938cabe6,9481651,0x32FafD34a522107b67DEe1Ef0755d1C13951129a,0x853758425e953739F5438fd6fd0Efe04A477b039,0.0001,0.001,confirmed
2025-10-24T17:56:42.075961,ethereum_tx,0x069c88f5cadf21c31e30c599ad5abcde468502c0964340fbe346a9922f849c54,9481651,0x1a6047521d85f46916DbbAdeff230057C3486eaB,0x956962C34687A954e611A83619ABaA37Ce6bC78A,1e-05,0.001,confirmed
2025-10-24T17:56:42.075961,ethereum_tx,0xeb0ed83cd5c81a6416c5c0e381ba394c7b80882a2cffe70d29e0372e7f96f4c5,9481651,0xD64016b01257a9E1a67Cc42C40f01088e2Ce1071,0x956962C34687A954e611A83619ABaA37Ce6bC78A,1e-06,0.001,confirmed
2025-10-24T17:56:42.075961,ethereum_tx,0x7e018ed0fc37927f8fa97c8c8a4d55c99081d877ebf5aa4c7085ee1b4b91acd1,9481651,0x5c77fEb6a923EC8b056cC7D2e61365a24795945D,0xB88Ca91Fef0874828e5ea830402e9089aaE0bB7F,0.0,0.001,confirmed
2025-10-24T17:56:42.075961,ethereum_tx,0x973d6874bd2e0388ff79dc547c412f552695aeb2058df45d2531809edd6be5e1,9481651,0x26cDc7A5B7b2411e1fE3fe1b486210E2227Bf7Ca,0x956962C34687A954e611A83619ABaA37Ce6bC78A,0.0001,0.001,confirmed
2025-10-24T17:56:42.075961,ethereum_tx,0x1e04e26246d699c4c3302aac50d2e23a98155de3db8a9f918837e2ac7a2ecb05,9481651,0x48a54C8650Fb438Fbf6DbEFB591E5BB262963478,0x87A3effB84CBE1E4caB6Ab430139eC41d156D55A,0.0,0.001,confirmed
2025-10-24T17:56:42.075961,ethereum_tx,0xdbb5abb05abbec3f268ddd9a50cb934b2ee91f68bc3325ef2b4d53776c230ceb,9481651,0x83DB597afF7c6a8A43b7672a37Bc355450f4cC6c,0x956962C34687A954e611A83619ABaA37Ce6bC78A,0.0001,0.001,confirmed
2025-10-24T17:56:42.075961,ethereum_tx,0x4c1568675bcbc707d8a1caff2fa59056c945c4f89301802e30426ff17897e3d4,9481651,0xD72cd1a43923b4Ad362B7a6BcD5AfEd7C92AC2Fc,0x956962C34687A954e611A83619ABaA37Ce6bC78A,1e-06,0.001,confirmed
2025-10-24T17:56:42.075961,ethereum_tx,0x4726bcda30059f05b1f566f1d9612467c24e49707fa5129099478d9002c169f1,9481651,0xCDe41469a914F5Df52C601Df6fDc493E1dB3EeB4,0x956962C34687A954e611A83619ABaA37Ce6bC78A,0.0001,0.001,confirmed
2025-10-24T17:56:42.075961,ethereum_tx,0xee0db2b2dc3f1c28cedf2e3a265212218da30e8636a28033378ce474fef82108,9481651,0x0835a809F7353D260FFeacC68AD31B60F006849d,0x956962C34687A954e611A83619ABaA37Ce6bC78A,0.00012,0.001,confirmed
2025-10-24T17:56:42.075961,ethereum_tx,0xb81c19c28073cd860323a102db25d0a9672e47983e358e58bb99ddce58d61743,9481651,0x9C8FaA60ac71ad698FA1E9ba77C7F409eF4834cf,0x956962C34687A954e611A83619ABaA37Ce6bC78A,0.000132,0.001,confirmed
2025-10-24T17:56:42.075961,ethereum_tx,0xff811e4729fa22176367e03317345bc65549495136d29a2ad72583c876c75e51,9481651,0x7afEc1252f5C7b317505aB379Bb888CbD07e6659,0x956962C34687A954e611A83619ABaA37Ce6bC78A,0.0002,0.001,confirmed
2025-10-24T17:56:42.075961,ethereum_tx,0xb536b060b3ca97bc867bf56c621e529cce40b2829458de050eaaae5ab5e36acb,9481651,0x2a55c0FC41bE09faAAB94700d9e8b7b1A21885f6,0x853758425e953739F5438fd6fd0Efe04A477b039,0.0001,0.001,confirmed
2025-10-24T17:56:42.075961,ethereum_tx,0x6ba40ac4eecb60dba629d78df43440b808753c4e9ee330f37c77ea32a54159c5,9481651,0x099BA97a37FA019c064a2517026e3c2Ea8DB9964,0xF6e7F84d9cee738ec59c08B7a7260152C236813a,0.0,0.001,confirmed
2025-10-24T17:56:42.075961,ethereum_tx,0x35bb1345cf792d5f45a102c3ca367382cd959532450a2fb730327701113e323e,9481651,0x2bF78d2268Ed1776E41323D6A5aE694d8c8F7968,0x956962C34687A954e611A83619ABaA37Ce6bC78A,0.0001,0.001,confirmed
2025-10-24T17:56:42.075961,ethereum_tx,0xd509b6a72024b54dfd3a12ad7ad67ae7884e5edadfc79bfe288f142df5e35256,9481651,0x6d50EDC485a5c5C8E57e45994de1C8f8A11A7cee,0xB440907E5f80C931d3ada7d392AfEa4C2828c5e7,7.3e-05,0.001,confirmed
2025-10-24T17:56:42.075961,ethereum_tx,0x69444d96484633cd0abea94e83fd1e93cc94a5ee3b21668e66752c435eb6cbc8,9481651,0x13e6009357AF52E7D564b5914aa97719C8304A28,0x956962C34687A954e611A83619ABaA37Ce6bC78A,1e-05,0.001,confirmed
2025-10-24T17:56:42.075961,ethereum_tx,0xb8ffc4a2576265dbedfe9e4df5807ada19a89f213f839f3602f43986b914da09,9481651,0xF7067502F610fBcFA7158416af7550c0Bb24C020,0x956962C34687A954e611A83619ABaA37Ce6bC78A,1e-07,0.001,confirmed
2025-10-24T17:56:42.075961,ethereum_tx,0x6fbed5ab4c6788ed45bb8015354b7f86dccb866a112ef116d9f6045ef877b654,9481651,0xF8AB8193475Ee88eAA793F9974F913339a07b6c2,0x956962C34687A954e611A83619ABaA37Ce6bC78A,1e-07,0.001,confirmed
2025-10-24T17:56:42.075961,ethereum_tx,0xa64e3bfa1525be4d231cdd1b874bc3a43382f32051cb3dcb18ad8bd0e74f7707,9481651,0xff8e386D89249068195c8B8f19d53DA032Cc767B,0x956962C34687A954e611A83619ABaA37Ce6bC78A,0.0001,0.001,confirmed
2025-10-24T17:56:42.075961,ethereum_tx,0xaca82f08bbf8061f8e0070e7505cd3bd7c6c1e2f42b01f12d5d34b8dcd08af84,9481651,0xE4072D84A3f761C300eF6d7dFB7E9e87e3296eec,0xFeD59209D941e99DF011F43a3e463Ed6C1DE5688,0.0,0.001,confirmed
2025-10-24T17:56:42.075961,ethereum_tx,0xf72602938c714c37cdbfcf73f9d30fa34f6f4bc670da2b95a1d2101c21909903,9481651,0x3E2aEB729b82Edb5ce1Af01c02746625C71C79f5,0x956962C34687A954e611A83619ABaA37Ce6bC78A,1e-07,0.001,confirmed
2025-10-24T17:56:42.075961,ethereum_tx,0x2a32cbd914124ca18e2cf6df579368189c3d3aed318ef038326a881738179266,9481651,0xB0752cCA8b78aAB13eA9bE15f9C2b88Fd8B6F043,0x956962C34687A954e611A83619ABaA37Ce6bC78A,1e-07,0.001,confirmed
2025-10-24T17:56:42.075961,ethereum_tx,0xe5e922d740e504a5ed66bb6b4f6c44be3ce3e1129c7a1a72856bbf38cbd57210,9481652,0x3C95c2633296B264d051498C4b2e982EbB526A53,0x3C95c2633296B264d051498C4b2e982EbB526A53,0.0,4.1,confirmed
2025-10-24T17:56:42.075961,ethereum_tx,0x357fd77dd82c183b8b7c1a9e10cc575e8885e3b8e366c651eaf210abca94fcdb,9481652,0x55A07F9f7eD7F110c2Ddd8f2f5d8677Dc94aF4E2,0xeA30c4B8b44078Bbf8a6ef5b9f1eC1626C7848D9,0.0,2.20000001,confirmed
2025-10-24T17:56:42.075961,ethereum_tx,0x5060e01e4af28646d92e410ef76fb6eedbdefda4f8555e107c4ea02518dda836,9481652,0x8F23BB38F531600e5d8FDDaAEC41F13FaB46E98c,0xff00000000000000000000000000000011155420,0.0,2.00000001,confirmed
2025-10-24T17:56:42.075961,ethereum_tx,0xc9948e2b7d23a993dabf128bb9b1a7532c9c64edf62a6dc960a5b5467a292e9f,9481652,0xe7F38E2D57a0eA80240B5E65A69AF66812CbCd0C,0x0DA5a1d3195f89675Cd247b00B3385ce8Cb1458B,0.01,2.0,confirmed
2025-10-24T17:56:42.075961,ethereum_tx,0xa2c88c15d45aca4404fca57fbf4535355501f706a684e0db3b1d807d69efe96d,9481652,0x07FCa994844a5cA666C54482c706b4976CfD04c0,0xABc9Bc259db256D6d18DfF14d7578FeD0Af38B97,0.0,1.50000001,confirmed
2025-10-24T17:56:42.075961,ethereum_tx,0x83f05f59f7b6af873c84fd23188b147433b369fe7116abfd101f421e073907ef,9481652,0xe5eCa9Ae4a877a93474f1225077906fBaB20C561,0x1c7D4B196Cb0C7B01d743Fbc6116a902379C7238,0.0,1.50000001,confirmed
2025-10-24T17:56:42.075961,ethereum_tx,0x3a0fef517c175ddc10aad677f29a2ed68534c4a0c4b9904e3d2a9a4e9ac342da,9481652,0xd45E9963E97a68C6d2E10D8972C1dB13733234a7,0x2A4496bbC344414e3bDbE6a8E7c40EF007DAeEd1,0.0,1.5,confirmed
2025-10-24T17:56:42.075961,ethereum_tx,0x794399b3828d048c6911570d97008ac77084b51b4b1267dd752ab8fb90a594cd,9481652,0x26Ddf4DddeCfac97B3359d24D426dCe006B0c58f,0x2A4496bbC344414e3bDbE6a8E7c40EF007DAeEd1,0.0,1.5,confirmed
2025-10-24T17:56:42.075961,ethereum_tx,0x1aa8d9af083d1951d853b3be052305f8bc575f2a11b1fc15ab2838dd790451ec,9481652,0xc2BABA1704748f0cC39df50e21454fBF362AB43e,0x2A4496bbC344414e3bDbE6a8E7c40EF007DAeEd1,0.0,1.5,confirmed
2025-10-24T17:56:42.075961,ethereum_tx,0xef81d4720bb1071b7846ea2faea74a72783a6c0407c0953fc8bc5e4af5617777,9481652,0x22d8abc3003bf41B0eB9E9181A2545b8e2438bC1,0x2A4496bbC344414e3bDbE6a8E7c40EF007DAeEd1,0.0,1.5,confirmed
2025-10-24T17:56:42.075961,ethereum_tx,0xa1be308e207a6b502351d4b4095710c9139a6e3950bedbc23dc081cfe20f6b3e,9481652,0x9186A66C6EBF3fEf7C3D1FD7EaDF560f6a14Ca26,0x153B952488b27B1e3FD4617876411b1C5c35c01b,0.0,1.00000001,confirmed
2025-10-24T17:56:42.075961,ethereum_tx,0x48a400e395be6a03de551a142226b5fa83d2e8eae2f2ebdbadc3ef0211cf0754,9481652,0xA47d60a46e1d67844cc92cD20fE6Cd844C2e8a28,0x498A2784635E9f81E260B7B844dEB15Cfbcd51f9,0.0,1.00000001,confirmed
2025-10-24T17:56:42.075961,ethereum_tx,0x4c877d5f5d3115ce2d874b17ea40b472088761349bd5cfb1071ae618001e6000,9481652,0x3D036BCE51b3E7715D55bF8B46dAa73d5001d720,0x1683980c6cD3d7e091BEB45c57b0058e43D9173B,0.0,1.00000001,confirmed
2025-10-24T17:56:42.075961,ethereum_tx,0x6668be36b9cc4e19ade51230079d10c7f199d78288d13cc690b01a2f156cfff5,9481652,0xE53E1EdC0f1C8bAac0fd0CBc0B408fef33402ab4,0x32787CDa7eB44a561470afB3134465e4d386b301,0.0,1.00000001,confirmed
2025-10-24T17:56:42.075961,ethereum_tx,0x6ebe5b8536fe5aae911a44aa35a31c3c5e60b38d1673d309569943f73707809e,9481652,0x238E8679931e20d95f6CC06544381fA335eF0C61,0xD4291066e3C4e512ca0819DD98836748f3B65Ed7,0.0,1.00000001,confirmed
2025-10-24T17:56:42.075961,ethereum_tx,0xd291da6526ec16a2d0ea3e3db5685839d315663f7a5d8dc64cec47332adb6200,9481652,0xF0FEd0C0192539a1076d8BDa1233f414704d98Be,0x00D22efF04CF7d0f5A355A6D9A06E43120398dA6,0.0,1.00000001,confirmed
2025-10-24T17:56:42.075961,ethereum_tx,0xff466f40914bc50dce9b15d5e3319fe9623c924cf5be7d12b7fcd4c0447516ee,9481652,0xf90432b76A23bC7bB50b868dC4257C5F5B401742,0xe97E79BC56861f0B730B3C0f06329b882E4677E6,0.0,1.00000001,confirmed
2025-10-24T17:56:42.075961,ethereum_tx,0xb36953adb04919a3244c1b1fd4140d96e52e88c2eaf8321ffcc4e038e6e10ac0,9481652,0xe2F2a71095A1fC3dAee1D1fF1cE1747828b21663,0x7b79995e5f793A07Bc00c21412e50Ecae098E7f9,1e-07,1.0,confirmed
2025-10-24T17:56:42.075961,ethereum_tx,0xc7f77a9fd73706fe4e9b51d456c16b4b9b5be382490194da1800659604f6b5e5,9481652,0xf279f67ceC3dEb671dc1690e1Be375f00Feac03E,0x9713bAC624CEa4E99a01E55d0de7519F4F953420,0.0,1.0,confirmed
2025-10-24T17:56:42.075961,ethereum_tx,0x84a793ed85131b16583ebfff3584b89754deb50bd46962549a351a86168ccc4f,9481652,0x600819761171d7ba8784182DbF63D2A51A0D067D,0x55414C542b7AD44C56741205757Ec0b7007c64C7,0.0,1.0,confirmed
2025-10-24T17:56:42.075961,ethereum_tx,0xbb3996a12114c8434ce80ec6dc36c6ec29febe0126e28d918610c0c278d86145,9481652,0x3c18E4F9786276B6Ee8F248F222F69A99bF35787,0x7b79995e5f793A07Bc00c21412e50Ecae098E7f9,0.0001,1.0,confirmed
2025-10-24T17:56:42.075961,ethereum_tx,0x88ee742f60e8dfd8f51819c9d296817add67b5dbd229ed475018fbde99dca7e0,9481652,0x2567fF4BE9f21B1239c93aa3507DD2AC3d54B4f1,0xd9de332c023Dc4372fAE306C3779e0659f0f8F6B,0.0,0.05,confirmed
2025-10-24T17:56:42.075961,ethereum_tx,0x7011cbea34f6c4195aa58e271cb2ec7f0fd3790e2bd09e3376f9cbb3e4faa3b4,9481652,0xad6E0C007B84ca30DbE85dECA16A7486F41ADCA2,0xf993E10C83Fe26DddFc6cb5E82444C44201e8a9C,1e-06,0.02000001,confirmed
2025-10-24T17:56:42.075961,ethereum_tx,0xae8f3ec3555b4434f4966ff5373a250c0b9e6de2f403e3121982bd3f07aed70c,9481652,0x58aab589d01AfB666ac3655C8Cdc690a6c466DCA,0xf993E10C83Fe26DddFc6cb5E82444C44201e8a9C,1e-06,0.02000001,confirmed
2025-10-24T17:56:42.075961,ethereum_tx,0x09210a08ff9ad98cb7d91ac8fba856003475e1b6860c2777ecabcd1eaea03f6e,9481652,0xB2253a5417D8b0d5A08A1A9Dc789E4dD62702d41,0xf993E10C83Fe26DddFc6cb5E82444C44201e8a9C,1e-06,0.02000001,confirmed
2025-10-24T17:56:42.075961,ethereum_tx,0xf3139cf162214ecdf2c04fcb35f359e2a7ca9b900e22ffaad9eb386ed313f8d6,9481652,0xCA29dc9dA479Da50350c4720CD0765417FeBf05f,0xf993E10C83Fe26DddFc6cb5E82444C44201e8a9C,1e-06,0.02000001,confirmed
2025-10-24T17:56:42.075961,ethereum_tx,0x73cdcd2602d7502f261d242701ca903fdf500b144053a6b985f56a8a3ff618c7,9481652,0x393F4cc69F91A5610D4190e62388B2492b93C6eE,0x4a1b1AD467F3E63eb97215f1272f443f384C31bC,0.0,0.00155,confirmed
2025-10-24T17:56:42.075961,ethereum_tx,0x3b667898e64387c2b210b04d7ca3c267b5d2053a0f2a74961d36277850f76dd5,9481652,0x924A98E199Dda2B06849BF98C5ac1A0cA9A181b8,0x5b718E36F5Ce2F2F7e25A397040436Ce6af3e89e,0.0,0.00150001,confirmed
2025-10-24T17:56:42.075961,ethereum_tx,0x9e89fc8cc5de023ddbf4696b5632c0541a06ef959173b3533fd4f60659b86b84,9481652,0x98eC9218a6Ee0d118Ce2258E726b5533F0E0eDB5,0x4Cec3461DD63F22554B7fA2AbBA5bBfE9e86DdFD,0.000909427190851779,0.001499996,confirmed
2025-10-24T17:56:42.075961,ethereum_tx,0x384d249619eb4808f0e02408732f6778169cc65c0c881e3651cf4f0d15704c0d,9481652,0x65141CA3329DA9A83458017474b5Bc62097Cf24f,0x69C6b28Fdc74618817fa380De29a653060e14009,1e-18,0.001199999,confirmed
2025-10-24T17:56:42.075961,ethereum_tx,0xbecd05afdc1d82f893831920e756bdc6f85f64c2b98ba0b0fb57180c180afc2c,9481652,0x61d8838f9A00250C9AF13D622DA7c08c372ee587,0xCf8EDB3333Fae73b23f689229F4De6Ac95d1f707,0.0,0.001125002,confirmed
2025-10-24T17:56:42.075961,ethereum_tx,0xe9e01a34b9a2f9371d0a3ca1d3185c137fc513451b47d9650b670daddcb47bcd,9481652,0x10C8521D9FfB48cEA979EAC53D1634073032AA95,0xE99C54fF96Ae65cd3eE322f368b9f3C2bf20c210,0.0,0.001060369,confirmed
2025-10-24T17:56:42.075961,ethereum_tx,0x112b81881f2678d1c03f99153d9ae94d3db4325a337ab1ad71923217bd9683e8,9481652,0x715d1084b1237Ba6a61447890F282E2505471EEC,0xb5A49949C49dEDD852F9f0f419b17aD2785032db,0.0,0.001060369,confirmed
2025-10-24T17:56:42.075961,ethereum_tx,0x30e5627cf96f3edb4afebcfdb0e5ba510a3c27d5592403148e72f7b271ff1e89,9481652,0xd8E7B61406d7E17F662800D7536D484440a1d594,0x7215691F60C4fA7Bb82c5Ac44c7d57dc32bB0493,0.0,0.001052631,confirmed
2025-10-24T17:56:42.075961,ethereum_tx,0x9ee0f50532e2ed2cb1c6273200274fb6900b782cdfb0968fed2717f19f60e019,9481652,0x1E084f001Aabf562b37C1606604d39E586b8f7cd,0x0000000000000000000000000000000000000000,1e-05,0.00100001,confirmed
2025-10-24T17:56:42.075961,ethereum_tx,0x02fbc9ab647b8a8468f940a79d52c9b86a44c89b36d89f6ad02fd5272817fb8e,9481652,0x27A88B8846882507bab868974805339d4c438667,0xA73aFb610aC79A729A393D679029fCf9618854AD,0.0,0.00100001,confirmed
2025-10-24T17:56:42.075961,ethereum_tx,0xa1f9223f29ad26e848841110fa09ac1d42e4d91b890c357d8ff27f30e9913d85,9481652,0xFF1218066b4b5Cd9dE2A73639862082bcC98bf0D,0xd0dbB2486e3Fbf371D1B2e35Fa330bef6529d2f4,0.0,0.00100001,confirmed
2025-10-24T17:56:42.075961,ethereum_tx,0x24552f54f36bc415e61d438e9d111e3a1cfbf588f74b2ea9b702cec729449abf,9481652,0x49c36b3BEc6b6e0e77305273FAFC68f479630535,0xd0dbB2486e3Fbf371D1B2e35Fa330bef6529d2f4,0.0,0.00100001,confirmed
2025-10-24T17:56:42.075961,ethereum_tx,0xb98210e24074d5549d75d876d85492b1733582c3a1f5178f5169c5da9aaaf9ab,9481653,0x1f66d50DF0837c7584B6d0f9DD542ff77948A331,0xcA11bde05977b3631167028862bE2a173976CA11,0.0,3.000000009,confirmed
2025-10-24T17:56:42.075961,ethereum_tx,0xb6baa9ae740b968163c9366b602c71ce67fda4486459d55f732a357132c7698b,9481653,0xa0a3Fa72c6D6dc0682fA8d4480A09FC1c6ba0887,0x73B668d8374DDB42c9e2f46fd5B754Ac215495bc,0.0,2.000000009,confirmed
2025-10-24T17:56:42.075961,ethereum_tx,0x2c663898f2f9cd4e8cb64cc24d6d4cda8de77d74730253a8d302f7d027913802,9481653,0x6Cc9397c3B38739daCbfaA68EaD5F5D77Ba5F455,0xc27Ad166B9A57fD21B32f98Cb886d6Bb7a34206b,0.17213542,2.000000009,confirmed
2025-10-24T17:56:42.075961,ethereum_tx,0xa84f7f2c15a5dc9a6c8e1a7019cbb2b66a71b84d473b0211994abacf7cfd81b9,9481653,0x0C4F4cBc1731bB21F8BEf7f416718E34d79792b6,0x00dcF7e7EFfe00aD577B457Fac07E7386B722758,0.0,2.000000009,confirmed
2025-10-24T17:56:42.075961,ethereum_tx,0x1252291a61362db041d0400e469ce7c64b8854beac121149946c5cd6e37af96a,9481653,0xe7F38E2D57a0eA80240B5E65A69AF66812CbCd0C,0x08fea0Bf70Eb2878994CeD8E058bA1514A652bCc,0.01,2.0,confirmed
2025-10-24T17:56:42.075961,ethereum_tx,0x044c9530801a2bfe74e270b331858687c6960bbb91deb329f9ff5bf145c74352,9481653,0xAed17De0d83C814d4cDF03B41F744aa6222B0820,0x2A4496bbC344414e3bDbE6a8E7c40EF007DAeEd1,0.0,1.5,confirmed
2025-10-24T17:56:42.075961,ethereum_tx,0xb489ba43c58fc897648e5a73dcb87ac8e8836d1a88345648e693327c59195963,9481653,0x505EE5a07168886407B4E0230A2daBa4Fa1c1483,0xA0c0599d04dd3d71893Ea01eD5AD3EeB204DB83f,1e-05,1.5,confirmed
2025-10-24T17:56:42.075961,ethereum_tx,0xf8f01a16b9715491b02805cf2264f2fd3a05e28dc2c49c2ba17432eb1fb9dbbe,9481653,0x8f4F1FA674dE65573A713546f9E77adE9660F69A,,0.0,1.5,confirmed
2025-10-24T17:56:42.075961,ethereum_tx,0xc4987430d6a535ce33a160c85fd127c8f15b132cd5522e5f47cfb99610cdd3a8,9481653,0xC5fD2d2b4a035735F03ddD06B0500bD8e2480715,0x2A4496bbC344414e3bDbE6a8E7c40EF007DAeEd1,0.0,1.5,confirmed
2025-10-24T17:56:42.075961,ethereum_tx,0x09bb3d85390fc5d595a0d1ddcfc985f6a0651ef639bb0bb66d1b60ebfabce806,9481653,0xe5f4B0f77d3AD97267Fe39ce9e61c94Cd9341c8e,0x2A4496bbC344414e3bDbE6a8E7c40EF007DAeEd1,0.0,1.5,confirmed
2025-10-24T17:56:42.075961,ethereum_tx,0xb535c7850f2df252b7ea2e004af16c92a4781d40b589d9a2f00d8649706bb8a8,9481653,0x49180059AF02dB7660A3d09d7796459b0F181a69,0xFF3108624ddFd2f18F41Fb62ccbBcdC3b1d6e39f,0.0,1.000000009,confirmed
2025-10-24T17:56:42.075961,ethereum_tx,0xf40c8297929b7b24430a73ee41f1f1a49284cb28b38dfe664cb221f3ace2c445,9481653,0x83eC0F849c33cF9D7d8650907f35043C270c7893,0x000C27D9F7e0f4C8Df959fC395B84A5a1359d570,0.0,1.000000009,confirmed
2025-10-24T17:56:42.075961,ethereum_tx,0x6d955fc9908b1c065cced66ad9c0283a594d2469c984122fc21d0e0818179c56,9481653,0x45Bd8Bc15FfC21315F8a1e3cdF67c73b487768e8,0xfF00000000000000000000000000002511155931,0.0,1.000000009,confirmed
2025-10-24T17:56:42.075961,ethereum_tx,0x77aa99b42e3ff7f368e68fd3867cec7f7951e0ff66d47d7b648ab3b0dd59bc5b,9481653,0xF37aaC44E118e33E9f29dA1f970BCF5D28074F14,0x00e9f3641E16dFaB7864f339F4FC2bC75DCC92C6,0.0,1.000000009,confirmed
2025-10-24T17:56:42.075961,ethereum_tx,0x161ed4734ae6058c42df863cc9a1a632f92ea550b07311ffb41bc5fa824ba80d,9481653,0x2a1716C0731439656cC1E39a43FD1Efdf5e4491D,0x597Aa4ba4840074cC4024CD61788F2d0aF6C1978,0.0,1.000000009,confirmed
2025-10-24T17:56:42.075961,ethereum_tx,0xe9f222ec3dccd6c7a5532555ec4ae0cc15f750537c0ae49d18089e2fa74dcea9,9481653,0xebFc2C4F56FC90864877eB4Fa6468397D2dEcF02,0xDbd9A72316eC93b4f29a70bD4dFbF58280CA6D38,0.0,1.000000009,confirmed
2025-10-24T17:56:42.075961,ethereum_tx,0x2de64041acad61de6ee6cd4eb37a524f6798bea33f7324bc34a3c9ca427d42af,9481653,0xe9e08A478e3a773c1B5D59014A0FDb901e6d1d69,0x7Bb634B42373A87712Da14064deD13Db8b8b14f4,0.0,1.000000009,confirmed
2025-10-24T17:56:42.075961,ethereum_tx,0x9cc94083482632f350626c2f63d113f1499efd39bcdeef09490e0e6b61f7e8f4,9481653,0xBb04BFa600969359840265010884b1dc6987Bb69,0xcC1168E9Fe74e21baeD83799dF012f56aDF93697,0.0,1.000000009,confirmed
2025-10-24T17:56:42.075961,ethereum_tx,0x3157e31794d30e40e9f497d05918f9dd84464225fd801a933f7c05fabf39918c,9481653,0xF0FEd0C0192539a1076d8BDa1233f414704d98Be,0x00D22efF04CF7d0f5A355A6D9A06E43120398dA6,0.0,1.000000009,confirmed
2025-10-24T17:56:42.075961,ethereum_tx,0x4237c69e59ee1c7d4431f112ab9661b9b9b5a8488f4f0737a2a7a359098b7104,9481653,0xc5D26E7E5379d6948fe9269E1667ec3768467237,0x0090dCEBa2Dd72049Ce825E99a6e58839979761A,0.0,1.000000009,confirmed
2025-10-24T17:56:42.075961,ethereum_tx,0xe27fed6959f5998c931fd0c93fe37508d3c26348e0c394b932b4c9f37d45151f,9481653,0xA585307640E0b3cb1a72F6ad8E1Cf28fC427936e,0x00B70ea669AAf6803f8FbC064C347B2dc60dc6c6,0.0,1.000000009,confirmed
2025-10-24T17:56:42.075961,ethereum_tx,0xd42f42018feaa42ef7eeb8c260d91217671e1fbf2f61c7056039dbae8dfd3720,9481653,0x331F8071c58E6db2F286597A44EbcDAC75532f7c,0x42eBf272Ce569dc324E7f72a9E98A59CD3a06136,0.0,1.000000009,confirmed
2025-10-24T17:56:42.075961,ethereum_tx,0xbd94ce79220fdb4f301cdcb48c4d60eb947ab4b51bfa90a3483f0e1253f0f137,9481653,0xb1a072d8452879E19870BA0eab2CB7d11401162D,0x6788045Cb2658dd7B6F8A54Ab12BA8cF7De8B8e7,0.0,1.000000009,confirmed
2025-10-24T17:56:42.075961,ethereum_tx,0x7879e42308d441f3ae3a1dcb28a3f8202212bdd41da100e83fbd13b0e80a5b97,9481653,0x22baAe8586683884e9e171A78edc190eC524827d,0xe3a6ABBef123483fc90678f0df4C39347599674D,0.0,1.000000009,confirmed
2025-10-24T17:56:42.075961,ethereum_tx,0xb819fe1a9ef9d8b32bd4acdc2b151ab66c8417e67b1c18b53f687730d9243fdc,9481653,0xf279f67ceC3dEb671dc1690e1Be375f00Feac03E,0x55414C542b7AD44C56741205757Ec0b7007c64C7,0.0,1.0,confirmed
2025-10-24T17:56:42.075961,ethereum_tx,0xa82a09775bf10141b63669200a91cf45b460a57a935312e71ec7b873ee85bb42,9481653,0x180121bb0fcA7B1BdF6793352bDd6B6c045D82b9,0x2A419230ACA266F4BCddE349936871C6e622529d,0.0,0.050000009,confirmed
2025-10-24T17:56:42.075961,ethereum_tx,0x27104d6c16ff8319e8ce41b59c70f771f40d1e6e569f2359c5d10082b7a2ba20,9481653,0x2567fF4BE9f21B1239c93aa3507DD2AC3d54B4f1,0xd9de332c023Dc4372fAE306C3779e0659f0f8F6B,0.0,0.05,confirmed
2025-10-24T17:56:42.075961,ethereum_tx,0xf5f8e999c135fd59b57d69ecd592fe9ab30e7499e0ecf2386d0c08dc1a242418,9481653,0xca81935718537DCB8A34870d2cef7806Fa6AD59D,0xf993E10C83Fe26DddFc6cb5E82444C44201e8a9C,1e-06,0.020000009,confirmed
2025-10-24T17:56:42.075961,ethereum_tx,0x7b4642e4e87bc567075e00f08a84789ab2cb11d2005807fa3f9f9cf83c389092,9481653,0xF51E37422c7982cA6611b03842168E2adBC144ef,0xf993E10C83Fe26DddFc6cb5E82444C44201e8a9C,1e-06,0.020000009,confirmed
2025-10-24T17:56:42.075961,ethereum_tx,0xbeb565d21233c7af2e29213c9ef8d21b63eba0f1084ceed25c68d915cb6bc10e,9481653,0xF8b9e0340e01fA7F5Dd42030D34e1CDf939fc306,0xf993E10C83Fe26DddFc6cb5E82444C44201e8a9C,1e-06,0.020000009,confirmed
2025-10-24T17:56:42.075961,ethereum_tx,0x5d3b62b8970bf62d49eb8dcdbf93f2c0b73db226760322d75f654fbe65d7e368,9481653,0x6f6FCA8B10fD8391D68d8E0dBa5053c44B5D7136,0xf993E10C83Fe26DddFc6cb5E82444C44201e8a9C,1e-06,0.020000009,confirmed
2025-10-24T17:56:42.075961,ethereum_tx,0x55a5b7b3097260504c36be627db61600d972ac3c09cfc3812f7e91b23eb7e46f,9481653,0xCB0c6BdA178a28e34C1132c53dDeBA24A4DDD5df,0xb2e06e59765DaAe340C11437F3715fe15760b39F,0.0,0.020000009,confirmed
2025-10-24T17:56:42.075961,ethereum_tx,0x571c85317a29be91937f7497ec8326e57603d9d3d80c70feebb2c0a3bbbb2f35,9481653,0x109a3979A5d7Ff77529055f59b735F21d4Fc9545,0x956962C34687A954e611A83619ABaA37Ce6bC78A,2.4950031315615e-05,0.001500001,confirmed
2025-10-24T17:56:42.075961,ethereum_tx,0x8b7ea9f33668a58b73f8dfb40be0505f8c5fdab1cb2b4dc50dac8a60d2eb42bb,9481653,0x80b7855C10A49cebF539dfF169C1355c56007d3d,0x956962C34687A954e611A83619ABaA37Ce6bC78A,2.239693164137e-06,0.001500001,confirmed
2025-10-24T17:56:42.075961,ethereum_tx,0xf7ffbf64e2af1090994997e489e1dc3f67a1c7afbbc218dc4c69180b793f32ed,9481653,0x4BA56bDa2009816e260921970041d6Eb005D7272,0xC764A997C86dC22B50Eb637626e3f46bfd82534A,0.0,0.0015,confirmed
2025-10-24T17:56:42.075961,ethereum_tx,0x0b920bbdd37d0171c76db7c4652c21683c8994b1c0e021dbdea89dff8c099cb5,9481653,0x6d7927C0D236388319864007681BC0C6b844Def8,0x12e1181a741b70BE6A9D81f85af3E92B6ba41897,0.0,0.0013,confirmed
2025-10-24T17:56:42.075961,ethereum_tx,0xc5bb8deb13b5b16673736f25933a6ef09ef0e1823f876ca0a3b334e21f8515c0,9481653,0x22e30b21477C4aCf6e37743e7A347C273cD107A8,0xF8c614A483A0427A13512F52ac72A576678bE317,0.0,0.001200001,confirmed
2025-10-24T17:56:42.075961,ethereum_tx,0xac09a052fec5a0f36a08dfea45a740663f3d9bf9f5cbffbacd8c5c6a6ef0caae,9481653,0x22e30b21477C4aCf6e37743e7A347C273cD107A8,0xF8c614A483A0427A13512F52ac72A576678bE317,0.0,0.001200001,confirmed
2025-10-24T17:56:42.075961,ethereum_tx,0x5ca39a2f3a07a6d718175d00503651089086d151e5ebc57edc41fc8cbe1329ee,9481653,0xb3a1956Cff1ecc8054B81b0C83b9847CB71384b8,0xCf8EDB3333Fae73b23f689229F4De6Ac95d1f707,0.0,0.001125,confirmed
2025-10-24T17:56:42.075961,ethereum_tx,0xd60e3b6cde32140b43f49b37736f21fc606628b770a21232b898024b666a7e46,9481653,0x7a6A0C23F953B706D2DE65937727Ee3e8e993464,0x3eDF60dd017aCe33A0220F78741b5581C385A1BA,0.0,0.001052631,confirmed
2025-10-24T17:56:42.075961,ethereum_tx,0x8466c3a47e4054173a18ac8c70fb9242a35d60767ac9e3ed300c0fcf7e078895,9481653,0x7Ec852687A954c7e6E8B59c6393c26De46571f75,0x0000000000000000000000000000000000000000,1.44e-05,0.001000009,confirmed
2025-10-24T17:56:42.075961,ethereum_tx,0x175a3efe3ee01f2f7c89f1264a1edc1f0c54643c1d55593b8283f413269e6e9e,9481653,0x1E084f001Aabf562b37C1606604d39E586b8f7cd,0x0000000000000000000000000000000000000000,1e-05,0.001000009,confirmed
2025-10-24T17:56:42.075961,ethereum_tx,0x5500b660ecac7dd0e616ed5322b6ac44f27bcf73f03965ec1c326a0359bc926c,9481654,0x3C95c2633296B264d051498C4b2e982EbB526A53,0x3C95c2633296B264d051498C4b2e982EbB526A53,0.0,4.1,confirmed
2025-10-24T17:56:42.075961,ethereum_tx,0x0aec1450cfc4cd849b2dbc4b602050bd51792682c69bff4400ed99dbb515fa93,9481654,0xE12ba45f8352f009D6300f680CB23207378c2613,0xcA11bde05977b3631167028862bE2a173976CA11,0.0,3.000000009,confirmed
2025-10-24T17:56:42.075961,ethereum_tx,0x6f7788b397a51ec79fa8f521b758d2d3e24757d25facfb819bcefbd0be0432a7,9481654,0xa257E029D89846C878D05aDaA3C33EA54b505f86,0x73B668d8374DDB42c9e2f46fd5B754Ac215495bc,0.0,2.000000009,confirmed
2025-10-24T17:56:42.075961,ethereum_tx,0xf08e51447c3f6ac8d591ddd925ea56eafde9d22923a16ae9cc4db56425f464fc,9481654,0xe7F38E2D57a0eA80240B5E65A69AF66812CbCd0C,0x07D87F11a7cAf9085f5Ef4d018CBa1B70915bfD4,0.01,2.0,confirmed
2025-10-24T17:56:42.075961,ethereum_tx,0x201c9ca51556b05db89e0dacf856a8168b2486601aab079f428a34bc766f3220,9481654,0x53646D2A54dF1dcA4Ea2Ac66A6279f91C976dF56,0x0b27Ca7e1DE0c405a2AD9aE12190BF113eB96838,0.0,1.500000009,confirmed
2025-10-24T17:56:42.075961,ethereum_tx,0x5df6b3c8934c6966b2771ba5c677103078323eff4e3647a587074524bd8d63e0,9481654,0x17cFDEfD3244c292654f0D423734dADdbd3CDC68,0xAeD454fd6e7167eC1AF28e5C90351EA00a2d450d,0.0,1.500000009,confirmed
2025-10-24T17:56:42.075961,ethereum_tx,0x4296949b0f59dcc623d7073a00c119034b06fa560439aa433a906bc3a622ba1f,9481654,0xcd7438bC41BaF698d2a4c4b2F280f6ab64eC808B,0xBC04d69Ecd7890699b2BE7924eA86474e15098E6,0.599968499999895,1.500000009,confirmed
2025-10-24T17:56:42.075961,ethereum_tx,0xdbbeadd7c0421f9fdaaec5cfafdbeac58075d5cc2a2cc4720fba3aa2e4fd00da,9481654,0x776EB0520cfF23334BE2F1764cA7081c50712bB1,0xeCB4f672Da95ae4cd065FE2f40C9c28Cf1585F7d,0.0,1.500000009,confirmed
2025-10-24T17:56:42.075961,ethereum_tx,0x75c3eea8d7dd1e8fb3528251e45bc8536e6f44615cd9cc626b0ccd235e7ed305,9481654,0x58420F9d81A27DA54886221967a9327F6589c0E4,0x57c5dC670eB6f571bDD8Fc1CF178c46c9A917A74,0.0,1.5,confirmed
2025-10-24T17:56:42.075961,ethereum_tx,0x8cfe7062a92c8c6c886a78d6a8e8e47bc7cb498b6b6dd37cbe45680bd030f3c1,9481654,0xbFA1bA181a07bc4889e20280400D645189d80277,0x2A4496bbC344414e3bDbE6a8E7c40EF007DAeEd1,0.0,1.5,confirmed
2025-10-24T17:56:42.075961,ethereum_tx,0xe749600aeed7f588671f8b29f44bc7df081549cadff8f94a3432cfe58a32f576,9481654,0xc39Ab29406cf7F5e6eD12320B667F5A26ce9127b,0x7CC24d52166e521b349bd6E7F29015792E2E8Def,1e-05,1.5,confirmed
2025-10-24T17:56:42.075961,ethereum_tx,0xe57ff6a82ec21e1aa38682baa2e412894225361c38fa0ce300993de0eee7ac25,9481654,0x962D73a362de46c14Ca604a42236D0Df009fe45D,0x57c5dC670eB6f571bDD8Fc1CF178c46c9A917A74,0.0,1.5,confirmed
2025-10-24T17:56:42.075961,ethereum_tx,0xe2f54680594078f84b760d1dab34837eaaf13123128a829ffc1bf742faeaa40d,9481654,0xF7176593E3B1A1Ed40dCCea9933Ee6DC4C063BCb,0xB64E85e8f18Fa67Dd8823Aee5fEe404Cb72d42f4,0.0,1.5,confirmed
2025-10-24T17:56:42.075961,ethereum_tx,0xf39aa49b9de5add7e5f18944b238686280a2a63d1ee3838a3c2c29ecadc92cd0,9481654,0x43CCB72DCC242bD3f5990b1683E79Fc89a41efA6,0x2A4496bbC344414e3bDbE6a8E7c40EF007DAeEd1,0.0,1.5,confirmed
2025-10-24T17:56:42.075961,ethereum_tx,0xa99f4847fade71269e7858fccc95fae094ef99505098e22d160873c07031d322,9481654,0xF6b87F0B1c1c22BDEEa68CADA830B8525A66B56a,0x57c5dC670eB6f571bDD8Fc1CF178c46c9A917A74,0.0,1.5,confirmed
2025-10-24T17:56:42.075961,ethereum_tx,0x609aa39be49e475414c0d7ec48ad3eeefd2efdea79d88622903d313c416373f3,9481654,0xF6B4F351d5C4AaE6Bd8eca60d25Ee527e501494C,0x2A4496bbC344414e3bDbE6a8E7c40EF007DAeEd1,0.0,1.5,confirmed
2025-10-24T17:56:42.075961,ethereum_tx,0x5123c48bda27b57d245a42a568fb3c1d9d94a2095d6c571760b3a595f62ea235,9481654,0x22d8abc3003bf41B0eB9E9181A2545b8e2438bC1,0x2A4496bbC344414e3bDbE6a8E7c40EF007DAeEd1,0.0,1.5,confirmed
2025-10-24T17:56:42.075961,ethereum_tx,0xb7b0666f00df9a9f678a3c9c7649a18e43ff20330075b09030640f1324a7eb3d,9481654,0xD107ce1B6462c16bF813fD10805E22Fe86270ACE,0x2A4496bbC344414e3bDbE6a8E7c40EF007DAeEd1,0.0,1.5,confirmed
2025-10-24T17:56:42.075961,ethereum_tx,0xc7790d197d196b992ed114ddf4c8ed3303f15a28f88bd1a1e4908b74fc363783,9481654,0xa69bC221064dc565eFAff7baC4FD6c1D78ed2272,0x2A4496bbC344414e3bDbE6a8E7c40EF007DAeEd1,0.0,1.5,confirmed
2025-10-24T17:56:42.075961,ethereum_tx,0x7dcdfb5840299ffeb2b89c5cc4399e1c33e5aa7b88751a086c8e4d4af713d59b,9481654,0xe357ebF24f744B81DA0b11e0EcAfd9e7dA5987e2,0x57c5dC670eB6f571bDD8Fc1CF178c46c9A917A74,0.0,1.5,confirmed
2025-10-24T17:56:42.075961,ethereum_tx,0x79184c7e2bcca70fb1390d8bd05e506db3d8198ac2dd6252745ce2a2b20d5956,9481654,0xECf8Cc85e0c9DeA4B109eDB538A38f74BDB723Cc,0xB599E820B7bA37e6363f9b4f49Fbd31991B4B71A,0.0,1.100000009,confirmed
2025-10-24T17:56:42.075961,ethereum_tx,0x075674624c4ed47480b96d028b924b1deb6e0d0f15a9229308471da572070cfc,9481654,0x62c4Ef860f80117Fa1804C73F0C8E1144D1847E7,0x21eBe3bf32485d7827af3F5AD3EB3bC1f9507d64,0.0,1.000000009,confirmed
2025-10-24T17:56:42.075961,ethereum_tx,0x96adfa11fc3aed5145e55f4291582df51c0c0c10ce0e87ff7738e2b01234f078,9481654,0x6a2E1C4B0fb05314bBcaDbf8d2F3D7FAa7040374,0xbA9B48AF2EAEee759bE9a8c5d74d0eec2b84a6F1,0.0,1.000000009,confirmed
2025-10-24T17:56:42.075961,ethereum_tx,0xefb262f75a030d39d87fc448d81cb3f780c5f96d90b20da820bdd3bc16d6742e,9481654,0x04FbDCcD98E3A7c7CC40B15E2E1E13d2842D7Bf9,0x75499Fc469f8d224C7bF619Ada37ea8f3cD8c36E,0.0,1.000000009,confirmed
2025-10-24T17:56:42.075961,ethereum_tx,0x35ae6f71e1638e874bd9d6c0e24ee9e7295733c53d595342f39914f35121a7a3,9481654,0x568921948c5Cb18D7ffbD4b31422Ab22197880A4,0x297F9E629fEBCB455aaC2208d36BD85a6eD5fa87,0.0,1.000000009,confirmed
2025-10-24T17:56:42.075961,ethereum_tx,0x9f380a25ca6c2e7c7f233e953d8ba2fe9077ab4d62d02bc127a1bda35fee86e6,9481654,0x1a9DCE6479De4561d50B8E051493a121feA5fA91,0xFb24e526bb05Fd59350739e70592e68Ca278B093,0.0,1.000000009,confirmed
2025-10-24T17:56:42.075961,ethereum_tx,0xdfc95510d59811aa1effa864059d740c26fadcd6fb080063528378ae897e00d0,9481654,0x919934826c7DE1B30ff94Afe772898B09D502cdF,0xFF00000000000000000000000000000000695569,0.0,1.000000009,confirmed
2025-10-24T17:56:42.075961,ethereum_tx,0xcad738442f1c6ea1da2532f200455af93f4e3faada37241e5ffb69c19eb0d59c,9481654,0x3599A7C50bDcC061E65F92556ae65d0656445906,0xCF8f8b34f10e8CBb2F42bA60205caED1a85d0d0D,0.0,1.000000009,confirmed
2025-10-24T17:56:42.075961,ethereum_tx,0x772a8e06596b7e282d298da0d0a9660c58b98a957d0ca7c57410f0689d22fd61,9481654,0x52136be58Fa3dc50A0D5A3dfe4Cb84aC610a79bc,0x9695cfaD83b058C6D38Df1F6b6752D7e11ad196C,0.0,1.000000009,confirmed
2025-10-24T17:56:42.075961,ethereum_tx,0xa86d1ef8a79963f1266aacd0f14dcfa8cc6d4f1b1ac884774a13ffebd345bd52,9481654,0x0b7118EFBC92aB8779fa43D219364ac8E6f8C5AC,0x79c159B51Fd1b948E980f08CaafBf31B6E317C7c,0.0,1.000000009,confirmed
2025-10-24T17:56:42.075961,ethereum_tx,0xf2fa4f647900e516df2654c15cf0ab6eb0b18eee81587591c68667a024d0d257,9481654,0x7F09a9800753B15950780654Fd0cBDC0Ede41F37,0xC0E88bA2b7B494A5c9CD2E887d2F44A005E890a1,0.0,1.000000009,confirmed
2025-10-24T17:56:42.075961,ethereum_tx,0xc02a313ce16a458f9dc0e6b64f48523ac8b79f610520603a2e9dfe80f2447b82,9481654,0x180F0804cfa06448523d62B6794Dfe0fAc90Aff5,0xC31B45AFf3FaBa0aF9BBB5A61B3d078a47518934,0.0,1.000000009,confirmed
2025-10-24T17:56:42.075961,ethereum_tx,0x653484eeaa3444b9a8a8083dbf7cac56e336c5a879e455fa4beae3e5fee93187,9481654,0xefB3de33104C0E65B457037C4b69BdAfdADe99E1,0xeF653c3baa4dbd7b4ba96AaB8bb7eD867C8bEB08,0.0,1.000000009,confirmed
2025-10-24T17:56:42.075961,ethereum_tx,0xf0a08fb2f98cd9b840ceb83688be43cecc36bc41c5d627f3088732a386b17811,9481654,0x5433Edc9F6490408a2D01DA6292c18Ead2AaeA6f,0x7976dFd7fB1293F61aD32c4396B89fCB65D07246,0.0,1.000000009,confirmed
2025-10-24T17:56:42.075961,ethereum_tx,0x40a0436acc90eb806eb3899bb483b6f1d4f1a38cf80c75cf777780c643583900,9481654,0x2D1fEcD426061329b2e7ad8100dCB7f31618bD0b,0x638800D631f68Dbc949f7C5a5bae241B011BB6A1,0.0,1.000000009,confirmed
2025-10-24T17:56:42.075961,ethereum_tx,0xc26a0307c455f9211573cd06a87760dce9334d82e2ca5e9cee24eaee4952d9c0,9481654,0xF0FEd0C0192539a1076d8BDa1233f414704d98Be,0x00D22efF04CF7d0f5A355A6D9A06E43120398dA6,0.0,1.000000009,confirmed
2025-10-24T17:56:42.075961,ethereum_tx,0x255632a852a1eb62639c4d8aeb1c9db0d8bb9555b1661862062283c357c4d1a1,9481654,0x0408C06e552408Ad0A30cbAd65F52d3876051c52,0x4F6b2E8DC0476d8e1fd88f6330B1f3909Dc9E914,0.0,1.000000009,confirmed
2025-10-24T17:56:42.075961,ethereum_tx,0x1b8add15e08738cce1569741e2488b7598b9dc3ace9394cf72e9d7e3193b1757,9481654,0x970BA663477ab48025727E29c79ca971daF213f2,0xDE3552D7ECC1707ecfEDe0e84026D761f2f0F9D4,0.04845799999958,1.000000009,confirmed
2025-10-24T17:56:42.075961,ethereum_tx,0xad90f1841e368c375fdfaccdd40983f6a71b554d77ca34b8ae422d44bf0605dc,9481654,0x0632215e32658508fC985BB80f22eE71377F7aAE,0xFF00000000000000000000000000000000743111,0.0,1.000000009,confirmed
2025-10-24T17:56:42.075961,ethereum_tx,0xfa283c869766247abe0e24f5ac12f8271d32127271a087208a4feab8a422acbe,9481654,0xB0721e112845425A90CA8A88ce58E28169995D81,0x00b471B2e3f929f22cA9124599678B1a34E60DF8,0.0,1.000000009,confirmed
2025-10-24T17:56:42.075961,ethereum_tx,0xf1ca637e37f14164916ea0625ebc3ee5cd86ea281a7c767d4815bbd306e37e26,9481654,0xFcC86E3d8eC051bD0BdcF3D492C3dEF0B9D325fe,0xDFe1f6a4F26aDd4CB688027b2e86d8cBF7CCA1a7,0.0,0.050000009,confirmed
2025-10-24T17:56:42.075961,ethereum_tx,0x3d1b57b04857ff5ad5f0bc16f58785c7b0d9f6b5b155e637ec8ca04bb2175369,9481654,0x180121bb0fcA7B1BdF6793352bDd6B6c045D82b9,0x4D451aee51A9b0431a84b362e3b7Cf517b947511,0.0,0.050000009,confirmed
2025-10-24T17:56:42.075961,ethereum_tx,0xe19eeed43e0a53297ea1586c07370f258429f5c199a3c47dbe03e1af64634a11,9481654,0x3f96b854043cDF86c0733431b503693dB3f12cF5,0xf993E10C83Fe26DddFc6cb5E82444C44201e8a9C,1e-06,0.020000009,confirmed
2025-10-24T17:56:42.075961,ethereum_tx,0x7542f5c8723d4dab48e291cf37105d68e6c31ef5a6bc8b7ce59615d5df47c6e9,9481654,0x8f8c0E92beA84576C21010bFD7F55d8e154711F8,0xf993E10C83Fe26DddFc6cb5E82444C44201e8a9C,1e-06,0.020000009,confirmed
2025-10-24T17:56:42.075961,ethereum_tx,0x5a16e26a6171a772f487cc7b8b7101d57f8fc62d8e3bef0b2f138f8b0584d26a,9481654,0xE6B5D12396E473ACe30a8D967dadB692FBDa3bD4,0xf993E10C83Fe26DddFc6cb5E82444C44201e8a9C,1e-06,0.020000009,confirmed
2025-10-24T17:56:42.075961,ethereum_tx,0x9064e88e91d9b8caf72bd1c6bf830d6414c6ccde93f535cf482ef1f973fc42cd,9481654,0xD7310172907D57e8d9B992e07Cb2eD94d7bf4fF3,0xf993E10C83Fe26DddFc6cb5E82444C44201e8a9C,1e-06,0.020000009,confirmed
2025-10-24T17:56:42.075961,ethereum_tx,0xc5313bd046cce94cbeca8ddb9be09d32e5acb152b3b68247bbd2defb4ddc14ec,9481654,0x9532A8CBF53619BF5E4df9620663E24ADC8a8eF3,0x87A3effB84CBE1E4caB6Ab430139eC41d156D55A,0.0001,0.001500015,confirmed
2025-10-24T17:56:42.075961,ethereum_tx,0x82626746beacbb32a967f940f725f31785a8c914d4dc8a17992c0a8e609c262f,9481654,0x83fdEEFdDc2bb45ABE2f5285E87a44f26541d426,0xC3015Df6330FEb10f9127e43dA818711bFf309fb,0.0,0.001499995,confirmed
2025-10-24T17:56:42.075961,ethereum_tx,0xee6ab240bb08c382466081bcc24d77acbae68b4550bac210bb2b775cdb5a85db,9481654,0x2774201Dc99af7Ec8fc914093eAD8Da4d2448B6D,0x1c7D4B196Cb0C7B01d743Fbc6116a902379C7238,0.0,0.001200001,confirmed
2025-10-24T17:56:42.075961,ethereum_tx,0x896b8b3df3174a3c94ce468e6f2ab222973c7981933310062cf614772ac77abb,9481654,0xE4765a5D7335DAd51b3058d0b8eDeE540D149a21,0x83458E8Bf8206131Fe5c05127007FA164c0948A2,1e-18,0.001199998,confirmed
2025-10-24T17:56:42.075961,ethereum_tx,0xbaae53bb29d2ed168f9ca3ce4cf324cf187377e021ad7ae17ca8769aaeb99091,9481654,0xb3a1956Cff1ecc8054B81b0C83b9847CB71384b8,0xCf8EDB3333Fae73b23f689229F4De6Ac95d1f707,0.0,0.00118,confirmed
2025-10-24T17:56:42.075961,ethereum_tx,0xf03948e627540eab87b0ea16afbca5f25104ebe25a2aceff6155f0566e58ef34,9481654,0xb3a1956Cff1ecc8054B81b0C83b9847CB71384b8,0xCf8EDB3333Fae73b23f689229F4De6Ac95d1f707,0.0,0.001199999,confirmed
2025-10-24T17:56:42.075961,ethereum_tx,0x74d63321c4166f7a7efa66f49b6abb9615d043c9127fd101816f05c1de45eb0d,9481654,0x61d8838f9A00250C9AF13D622DA7c08c372ee587,0xCf8EDB3333Fae73b23f689229F4De6Ac95d1f707,0.0,0.001125,confirmed
2025-10-24T17:56:42.075961,ethereum_tx,0xe3cd37b976db38594e59457e8b68ca42fa940de28e5814ace9722eb3b25445c8,9481654,0x61d8838f9A00250C9AF13D622DA7c08c372ee587,0xCf8EDB3333Fae73b23f689229F4De6Ac95d1f707,0.0,0.00118,confirmed
2025-10-24T17:56:42.075961,ethereum_tx,0x0b45035b407de4b9f9eda910a79b7ac4162145c73465ae5913c20b21484852e5,9481654,0x61d8838f9A00250C9AF13D622DA7c08c372ee587,0xCf8EDB3333Fae73b23f689229F4De6Ac95d1f707,0.0,0.00118,confirmed
2025-10-24T17:56:42.075961,ethereum_tx,0x4f932c2039aa0c735a12001afc40fbb5f4409fa5159823198eef6e6bdcbb771a,9481654,0x6EFB29CEe3b414272EB7A8F3Ebabf873D36bC033,0x85ED04b6Ce125Fb4b4bF0b351Cd3b18953e40b71,0.05,0.0011,confirmed
2025-10-24T17:56:42.075961,ethereum_tx,0x88a11b4073612900147bffc3381954ea1f1d9b09ed3987b49792d535ddf5d9b3,9481654,0xB8A934dcdb82D35fc5000122DB57B0cEF9178189,0xE99C54fF96Ae65cd3eE322f368b9f3C2bf20c210,0.0,0.001060008,confirmed
2025-10-24T17:56:42.075961,ethereum_tx,0xeb88d2ac5fdfe742ce653e1390ecd5bf50802eca7cd19461e47b2847e0a18473,9481654,0x2fBA001a5976642B7D7B2Ef82d5f4990c6110C36,0x3eDF60dd017aCe33A0220F78741b5581C385A1BA,0.0,0.001052632,confirmed
2025-10-24T17:56:42.075961,ethereum_tx,0x61586c6dc01a6aa27650d9539e967e1d7e27ef9ab39ce53c7f939f004626d570,9481654,0x59d131C030a1B5CfDE1b55200984a80c2866558C,0x7215691F60C4fA7Bb82c5Ac44c7d57dc32bB0493,0.0,0.001052632,confirmed
2025-10-24T17:56:42.075961,ethereum_tx,0xee4ef465dae2311e7a89355289c6fecf6e27ab068f8a84c362561b7667b1dfaa,9481654,0xB4fC80AEc34911C5d761259E74aE8a24c2C5D995,0x72de35dC43acfC49B6B21e559F8cA586e0E12011,0.0,0.001000009,confirmed
2025-10-24T17:56:42.075961,ethereum_tx,0xfc7d03d90b9d57e89e0974786e9c901022486102a3b6553fd4476b7f41aa28d8,9481654,0xB5988d5d9ADd3d98CF45211bE37cf9b3372054C9,0xd0dbB2486e3Fbf371D1B2e35Fa330bef6529d2f4,0.0,0.001000009,confirmed
2025-10-24T17:56:42.075961,ethereum_tx,0xc143bd6e3ba1bbe439f7e6effc0e853cda3e2a7ea9bc62832c76f26e7909cb24,9481654,0xB5988d5d9ADd3d98CF45211bE37cf9b3372054C9,0xd0dbB2486e3Fbf371D1B2e35Fa330bef6529d2f4,0.0,0.001000009,confirmed
2025-10-24T17:56:42.075961,ethereum_tx,0x6967020aacbb4293e3c682b10792fc1d6e6d176f3860df73974c63e1c9cb14ed,9481654,0x1E084f001Aabf562b37C1606604d39E586b8f7cd,0x0000000000000000000000000000000000000000,1e-05,0.001000009,confirmed
2025-10-24T17:56:42.075961,ethereum_tx,0x31d712222c43cc8e73784eaab3c33004ab696b8378d683bd60938e778e7c3f39,9481654,0x2E7e358f76cDee4570908c6693a623ae750AeED4,0xfd0Bf71F60660E2f608ed56e1659C450eB113120,0.02,0.001000009,confirmed
2025-10-24T17:56:42.075961,ethereum_tx,0x81d0b45cf4f94d7e77eb1cfca965bd4c719a6c3562799659311257fe63704e95,9481654,0x2746D54DF3335F52205fbB0A322F12Fd96d0b58c,0x762420d851318c47F256E22AF95E861DB9A77b94,0.059976354,0.001000009,confirmed
2025-10-24T17:56:42.075961,ethereum_tx,0x4f23d1b967605a30e7f002973d1fc4f0d05a98c858213e5f64608b5f8502fa5a,9481655,0x4EA09D8f3fb494a11072ff05b1BE2241adCeEd09,0x006B2223248D0e45296d7d4F3cffF325579954C4,0.0,5.010000009,confirmed
2025-10-24T17:56:42.075961,ethereum_tx,0xfdf878ca345d0e46eacd00f588212771d51398b7c7fd0e63c67422b32f1b1728,9481655,0x09431279f5d85128DA4a75246926679575912184,0xcA11bde05977b3631167028862bE2a173976CA11,0.0,3.000000009,confirmed
2025-10-24T17:56:42.075961,ethereum_tx,0xf54a8c0b3016faa09d5ae32714a842f40795a2357fa0d2f7f9055e3e85b2ae28,9481655,0x6Cc9397c3B38739daCbfaA68EaD5F5D77Ba5F455,0x59C107f02410936Cd012a25380339648EC8D42bD,0.45776144,2.000000009,confirmed
2025-10-24T17:56:42.075961,ethereum_tx,0x188ecf61224cb01843c9f1b49e832fa8863af58bffeaafa7cca72199f545c5ba,9481655,0xc56784B8B6E95b7092D9765dc5C5F0EC04649b53,0x0056B22eC8E1fd83Fbf8458a8a517cc06614D0B1,0.0,2.000000009,confirmed
2025-10-24T17:56:42.075961,ethereum_tx,0xfa89fb091312b4c62eaa9fda88270cd047c11fc0cd3a1bdc50df4083b7ee0a19,9481655,0xe7F38E2D57a0eA80240B5E65A69AF66812CbCd0C,0x073664cF0FD6b015c6FA02D69c08DBE739E85eA3,0.01,2.0,confirmed
2025-10-24T17:56:42.075961,ethereum_tx,0xa91f6e3c8bf452eae652160656fb639558f3c05824f333ef0eb6e05b75b6105c,9481655,0x018Ecd0cC400C083a74E44a69056D82Adb089F41,0x5e60a4e290DF0439384D9Fdb506DE601F9D4B038,0.0,1.500000009,confirmed
2025-10-24T17:56:42.075961,ethereum_tx,0x0db816e5d03e5747f44cd3f3fb8f801fe320759f10ba2390c90262f123c8048a,9481655,0x15c95415881FDa9823E1D8d7e5804f8783C5116B,0xc6255a594299F1776de376d0509aB5ab875A6E3E,0.0,1.500000009,confirmed
2025-10-24T17:56:42.075961,ethereum_tx,0x0255c971995569fe344d07d3deede1c70603010c45fc55989e776b23a73aa68b,9481655,0x5E415aD9F91ba2fFE78c053eD90Dc3CE0A171C91,,0.0,1.5,confirmed
2025-10-24T17:56:42.075961,ethereum_tx,0x2682e7dbc7a42ca324b2bc21f3e8a9891026f6759fdf1fe9853b89d54cd6e431,9481655,0xd45E9963E97a68C6d2E10D8972C1dB13733234a7,0x2A4496bbC344414e3bDbE6a8E7c40EF007DAeEd1,0.0,1.5,confirmed
2025-10-24T17:56:42.075961,ethereum_tx,0x1105954c4bf4968180b7dc155bf905bc8ac7fab22b73ca86763c1c16f2772774,9481655,0xc2BABA1704748f0cC39df50e21454fBF362AB43e,0x2A4496bbC344414e3bDbE6a8E7c40EF007DAeEd1,0.0,1.5,confirmed
2025-10-24T17:56:42.075961,ethereum_tx,0x04a0d63d01c2ef30fe78807cc9848d1b7b18bd5125e62dd7123e9ba4606360af,9481655,0x8f4F1FA674dE65573A713546f9E77adE9660F69A,0x63f9bE682596932Ab76dcDEb1b26143Ce58CAf36,0.0,1.5,confirmed
2025-10-24T17:56:42.075961,ethereum_tx,0x7e54292cb02125cd7c29650d3ac1c5f7f87b12aeb1d295ce54ca7e1639b77b23,9481655,0x4C86bB55922f904CbFbC99BB9EE08fbfA99355D9,0x57c5dC670eB6f571bDD8Fc1CF178c46c9A917A74,0.0,1.5,confirmed
2025-10-24T17:56:42.075961,ethereum_tx,0x8048eaa6381635d7b75387cc0e23d560a24ee30a0e0c5ea70786ac5dd71d2b9b,9481655,0x26Ddf4DddeCfac97B3359d24D426dCe006B0c58f,0x2A4496bbC344414e3bDbE6a8E7c40EF007DAeEd1,0.0,1.5,confirmed
2025-10-24T17:56:42.075961,ethereum_tx,0x49f8e3b02357f94b6bfe54abb2f346bc9845dd5cd3cf06134373b0ef1e23cd49,9481655,0x35AFbA56fAcbdCDD764daa91945B1b115Dae7253,0x2A4496bbC344414e3bDbE6a8E7c40EF007DAeEd1,0.0,1.5,confirmed
2025-10-24T17:56:42.075961,ethereum_tx,0xcafd9d641f98f078aa2f68401b621cff072652646b99128fbd3f6c30b403fb83,9481655,0x8CFC2644e690D45709B9B8FC87B055c1771dD8FD,0x2A4496bbC344414e3bDbE6a8E7c40EF007DAeEd1,0.0,1.5,confirmed
2025-10-24T17:56:42.075961,ethereum_tx,0x8a8dc0601cb6e28e1d6206601b40e9b60ea80b7741e42d20d03538f1688bcef0,9481655,0x6a95C6B532bedC6ffA9402e664Cb933f60511413,0x2A4496bbC344414e3bDbE6a8E7c40EF007DAeEd1,0.0,1.5,confirmed
2025-10-24T17:56:42.075961,ethereum_tx,0xa879029b6df589e4a1772958b5a97e3937e53120944dde32654e99858bc37de2,9481655,0xC87412c0d7767Ee287D2e4B6F4a580c1087ECe1A,0x2A4496bbC344414e3bDbE6a8E7c40EF007DAeEd1,0.0,1.5,confirmed
2025-10-24T17:56:42.075961,ethereum_tx,0x0e34ce9653c2e764542d2c2ce26d21d6beaddcf4537248721233547e34f6f9c0,9481655,0x1361234CdD2598D5C49Be7b460936Ed1A718b841,0xCC3dFC09788Da51FCEDA716fdC56343abD7098B0,0.0,1.000000009,confirmed
2025-10-24T17:56:42.075961,ethereum_tx,0xcf36dd9be3f2e940e8d056f1e49ee6246a97f4c7a639053e7c20960137cc00b5,9481655,0x8E0838fb6f4DF31A8AE02dD4d5B66bAC9d0dd133,0xB6CBEc5abec592bB56D68d4898cA1788c8dfb959,0.0,1.000000009,confirmed
2025-10-24T17:56:42.075961,ethereum_tx,0x5c834848b4a19e229cb3c4f8aaf2eb4eca8d569b6326183026ae0dfd07ca9b69,9481655,0x9F37C931347665e7dbD863faDb2602E69351F201,0x9E4EE87554c89Eb079873d3773E63Ca4cBD7817A,0.0,1.000000009,confirmed
2025-10-24T17:56:42.075961,ethereum_tx,0x6976d3b9af8ba818d9318b34bc57a51965ebdf0edf2dc2e97e3232d23bb4233e,9481655,0x32136151194F4730518C6F1e47dBcBA1d67932C8,0x3f823C45716233Ad3140E5475f6Bd38ea27afbc6,0.0,1.000000009,confirmed
2025-10-24T17:56:42.075961,ethereum_tx,0x491ff8c52ddd186c792e45a4710ec53adeac7dac7f0022664a0a30c7c4f14944,9481655,0xA126C38D0AD59c18689AF4e43c62dBFb93a9e1C7,0x9Eb73D5f88a7f18e61E79A32908f7C38302f8d55,0.0,1.000000009,confirmed
2025-10-24T17:56:42.075961,ethereum_tx,0xe018343dd1ac44ee1a13159a63e6c20385194b83c3263c406b12ec56610d4e5e,9481655,0xA3e4785E9D4bDF3EE641D4ae405DDceCAAec59e6,0xE3944cBe137973b33AC2C0Cae6F5EfF0932E3f9c,0.0,1.000000009,confirmed
2025-10-24T17:56:42.075961,ethereum_tx,0x8c5bb7e106ca239231c199e795dde82e53d57495c02417fccbcac1556d7883de,9481655,0x81D8061076ba0A19c110b5BFf2b9Dd03F8446aa1,0x9d2D950Ff3EE1B75875b8C0FA318644f437924C8,0.0,1.000000009,confirmed
2025-10-24T17:56:42.075961,ethereum_tx,0xd26a2aa61bfdaab9fec076f8d7866c72ea265f1f20532d5f7f10439edf953462,9481655,0xf84DF026Ae2ADDE85d24149093493973238b652f,0x006284df251c84Cb0F667d360Edee62f2D155680,0.0,1.000000009,confirmed
2025-10-24T17:56:42.075961,ethereum_tx,0x181bcd9674baf7c2580a78ebd1c595ab35b424cb36515dc43b2225520d1b84d8,9481655,0x640763cc5f3866fA400fb207ADe0DBa6160e0e1F,0x00278D34E5dF377eA2f20cF0854d8FCC02c77268,0.0,1.000000009,confirmed
2025-10-24T17:56:42.075961,ethereum_tx,0xbbd38eac1c454ba66641e99815e7f321ec211c7148513b1f67bde173e1894c01,9481655,0x04FbDCcD98E3A7c7CC40B15E2E1E13d2842D7Bf9,0x9F057E253D69f6d362C63A3DB0bdff66eE8013dd,0.0,1.000000009,confirmed
2025-10-24T17:56:42.075961,ethereum_tx,0xc011104042d04ad1c72f6651f9e13fdc2284fe71727a0196bc291fb6a80051ec,9481655,0xF0FEd0C0192539a1076d8BDa1233f414704d98Be,0x00D22efF04CF7d0f5A355A6D9A06E43120398dA6,0.0,1.000000009,confirmed
2025-10-24T17:56:42.075961,ethereum_tx,0xf6bd14d10896369b65f3f0f3fd4ae637a1c77c676c0840e14a18750246d3060c,9481655,0xC1E8c91f521d312aCe2A07a0f2F6771EcB087319,0xd257FdA8806Eb5A61c9008cef86c660475C1F35b,0.0,1.000000009,confirmed
2025-10-24T17:56:42.075961,ethereum_tx,0xaff74bf6e32f850a227323fbf47a4205e1a9d2c7c245cb46932a4ddf37ad6385,9481655,0x180121bb0fcA7B1BdF6793352bDd6B6c045D82b9,0x4D451aee51A9b0431a84b362e3b7Cf517b947511,0.0,0.050000009,confirmed
2025-10-24T17:56:42.075961,ethereum_tx,0x809524c271bb1705a11132166a5c3c95022a2afcf0f7cead842938ed2820181e,9481655,0x2567fF4BE9f21B1239c93aa3507DD2AC3d54B4f1,0xd9de332c023Dc4372fAE306C3779e0659f0f8F6B,0.0,0.05,confirmed
2025-10-24T17:56:42.075961,ethereum_tx,0x839e48ceb0b9fd1ebf37c4a79c8c1102e99bceaa68deb3e7a847612f18728db3,9481655,0xc8978A6BED277FAe50FEFBA97a2343e4E0fe1922,0xf993E10C83Fe26DddFc6cb5E82444C44201e8a9C,1e-06,0.020000009,confirmed
2025-10-24T17:56:42.075961,ethereum_tx,0x72b7c104f422597f6e8beb135dc6b5eb2dd4ec53fd21e038373f477f47bb136b,9481655,0xF52b039BA9Bb094F5DFf63774199811da7F5eD22,0xf993E10C83Fe26DddFc6cb5E82444C44201e8a9C,1e-06,0.020000009,confirmed
2025-10-24T17:56:42.075961,ethereum_tx,0xb33933e4967b87da9233f220b335047214bb4bf5e4ad63edbbb7e874454598e7,9481655,0x990520B8B1d95aeaF721AcC505DF8c023f6721c2,0xf993E10C83Fe26DddFc6cb5E82444C44201e8a9C,1e-06,0.020000009,confirmed
2025-10-24T17:56:42.075961,ethereum_tx,0xdbde2ed38a562a16236c9a0ff49131ce865bc1c3c7cce69811319ba64df89237,9481655,0x4D8Ef264f4615f5775113828D0aE4c39cA619D8C,0xf993E10C83Fe26DddFc6cb5E82444C44201e8a9C,1e-06,0.020000009,confirmed
2025-10-24T17:56:42.075961,ethereum_tx,0xa0d060551d4d77702654c8f119271c5e74a74956f3c9bfe80e4b14f8cf23b785,9481655,0x640f7065C87c907C201B04d22f281D0586d4a85f,0x57C45d82D1a995F1e135B8D7EDc0a6BB5211cfAA,0.0,0.020000009,confirmed
2025-10-24T17:56:42.075961,ethereum_tx,0x151121e5094d67096e77bc56ef541197724eb76cc66ddd57a555edb32fe0fd93,9481655,0x0ea879CdfB7dD062e4bA235F74F4E36b265D59e1,0x5583FaF294c57cD7117a4468Cf0f76e421963F52,0.0,0.001582035,confirmed
2025-10-24T17:56:42.075961,ethereum_tx,0x180150ab924ff856cd547664de03fe3455b2d18a3b74c9a4d70a42f026617999,9481655,0x4BA56bDa2009816e260921970041d6Eb005D7272,0xC764A997C86dC22B50Eb637626e3f46bfd82534A,0.0,0.0015,confirmed
2025-10-24T17:56:42.075961,ethereum_tx,0xc722ace41676c2ab262371013b90942f7a022ba7d55f585a7a18d0c4eaf709fd,9481655,0x5D33Ac92e3e3EF7E171769F422a2c9A25c2d2a81,0x956962C34687A954e611A83619ABaA37Ce6bC78A,2.811685167268e-05,0.0015,confirmed
2025-10-24T17:56:42.075961,ethereum_tx,0xcc6f479e9867f28ae9c4691cb8da5be742f7f92e78b5d31aebea61526e8547b9,9481655,0x1a8dc3Bc0869Fd2c2C24CbB26e98ACa50A8d9070,0x956962C34687A954e611A83619ABaA37Ce6bC78A,2.743977265541e-06,0.0015,confirmed
2025-10-24T17:56:42.075961,ethereum_tx,0x8fac41323f7cf027cfa249f4cb366a0b208bdc0d3ed739fe6903854dbd5fbf04,9481655,0x860235D5Db42eF568665900BBD6bA3DB2fA4f33f,0xd0dbB2486e3Fbf371D1B2e35Fa330bef6529d2f4,0.0,0.001499995,confirmed
2025-10-24T17:56:42.075961,ethereum_tx,0x79572ce9fd53b9c68600a76f9ae1a2efe4089dcc077f130dcf7f746a0120b0bd,9481655,0x6d7927C0D236388319864007681BC0C6b844Def8,0x12e1181a741b70BE6A9D81f85af3E92B6ba41897,0.0,0.0013,confirmed
2025-10-24T17:56:42.075961,ethereum_tx,0x721840a471e8cdfa92387483eb628b4b9f6d89ac865cf61f14541b16e8925d90,9481655,0xb3a1956Cff1ecc8054B81b0C83b9847CB71384b8,0xCf8EDB3333Fae73b23f689229F4De6Ac95d1f707,0.0,0.001224999,confirmed
2025-10-24T17:56:42.075961,ethereum_tx,0x1cc62fe9f31b54f185660b7fb3377e05df72ea1bfcc2536575efa5b82e8b9015,9481655,0x61d8838f9A00250C9AF13D622DA7c08c372ee587,0xCf8EDB3333Fae73b23f689229F4De6Ac95d1f707,0.0,0.001224999,confirmed
2025-10-24T17:56:42.075961,ethereum_tx,0x8f88ef6853d76976936514a85c11954c5d386bca856c6d816430197f3c09c539,9481655,0xb3a1956Cff1ecc8054B81b0C83b9847CB71384b8,0xCf8EDB3333Fae73b23f689229F4De6Ac95d1f707,0.0,0.001199999,confirmed
2025-10-24T17:56:42.075961,ethereum_tx,0x39383b8729c35962d330693815f3d44159eefc637253d261eb31dc03e879bc9c,9481655,0x7a6A0C23F953B706D2DE65937727Ee3e8e993464,0x7215691F60C4fA7Bb82c5Ac44c7d57dc32bB0493,0.0,0.001052631,confirmed
2025-10-24T17:56:42.075961,ethereum_tx,0xebf9146415e3013e1bb96322fe67be7c2671895c2cf2ddae292049e1a8fe494c,9481655,0x3c01bd03D9B28dA28aA27c7a376D1876508759a6,0x3eDF60dd017aCe33A0220F78741b5581C385A1BA,0.0,0.001052631,confirmed
2025-10-24T17:56:42.075961,ethereum_tx,0xd912cd36283565a37fa43221d40933ecfe19ec99e4ed0cceba712edb279be82c,9481655,0x7afDdcF824E319Fa1dA5099dB1c7C8f4eFfC146c,0x83458E8Bf8206131Fe5c05127007FA164c0948A2,0.0,0.001012506,confirmed
2025-10-24T17:56:42.075961,ethereum_tx,0xfc340327f20e072a5d592c2ab89d408c559716e4f96027171de6eca2d259f636,9481655,0x3053c70212FA80903cA98B72CDE30333896c559A,0xE2EF6215aDc132Df6913C8DD16487aBF118d1764,0.0,0.001012506,confirmed
2025-10-24T17:56:42.075961,ethereum_tx,0xaa63d98556e6ae7c0d64d0b97699788c610312e67acbb258a87b5683a626febe,9481655,0x02eE9cdaFa7037aa58cBA48c757F88d5eDa73980,0xc6255a594299F1776de376d0509aB5ab875A6E3E,0.0,0.001000009,confirmed
2025-10-24T17:56:42.075961,ethereum_tx,0x392a9e2eb39307c7c1621d8eb00c81dd0980ed99b60c6f917a80489dc9286a9d,9481655,0x1E084f001Aabf562b37C1606604d39E586b8f7cd,0x0000000000000000000000000000000000000000,1e-05,0.001000009,confirmed
2025-10-24T17:56:42.075961,ethereum_tx,0xfd9d488c60ad6128d0bd74c58698a2684700a4fd7aec9d6b2a9c7c8bbd716149,9481656,0xfc56E7272EEBBBA5bC6c544e159483C4a38f8bA3,0xfF00000000000000000000000000000000084532,0.0,16.000000009,confirmed
2025-10-24T17:56:42.075961,ethereum_tx,0xedc36c145ff451ee9369a316d2df5380454e8248a50e229d7ba5689f9315b980,9481656,0x3C95c2633296B264d051498C4b2e982EbB526A53,0x3C95c2633296B264d051498C4b2e982EbB526A53,0.0,4.1,confirmed
2025-10-24T17:56:42.075961,ethereum_tx,0x665a95ebcee1a87da0c6c2ed325f81728ad5ba99f7c0d170c23e88fcbac374a8,9481656,0x75a50388fC22Ba768e067ce673749E5c95eFbbac,0xcA11bde05977b3631167028862bE2a173976CA11,0.0,3.000000009,confirmed
2025-10-24T17:56:42.075961,ethereum_tx,0x05f7d26f333b7e6501068954e6db85683fd584734e8932aff4803abb3a5bc459,9481656,0x6Cc9397c3B38739daCbfaA68EaD5F5D77Ba5F455,0x6b6D543E1B3eE6FF0Bc273D0290781E8fBf82D9c,0.05489587,2.000000009,confirmed
2025-10-24T17:56:42.075961,ethereum_tx,0xba9a6139baf0ad4c074aedf5dea4d6a851d8ba7864f93681dde2bfa7f707d971,9481656,0xb001aEB47bDb31EBE36C74518ee7B42E0926C697,0x73B668d8374DDB42c9e2f46fd5B754Ac215495bc,0.0,2.000000009,confirmed
2025-10-24T17:56:42.075961,ethereum_tx,0x9e603d90bb4383ce4c5db9e0c9e2230732f451c3a0d818de87f28f3be31400b2,9481656,0x7457452FAe4d30Bdc079Fc9eecAa85d8DEA37bba,0x2421392ba8Bc25Af25180cDA801B25Fd6fadb029,0.0,2.000000009,confirmed
2025-10-24T17:56:42.075961,ethereum_tx,0x6a7992686468eab1044ccd99318d6c67c60ca37068e5d7bddb5d4b535d8ff417,9481656,0xe7F38E2D57a0eA80240B5E65A69AF66812CbCd0C,0x0513Bd02aDb9B74583A77BAAf581701D36e9c5DA,0.01,2.0,confirmed
2025-10-24T17:56:42.075961,ethereum_tx,0x4ab92b1b6ea78cc0bbd834b9c2b56d23591cb20de1947906ed43a78851f5ad70,9481656,0xD649F8D2436f2268318A71232AA4807763281aEa,,0.0,1.500000009,confirmed
2025-10-24T17:56:42.075961,ethereum_tx,0x8320e5e6bd25a22bd6667f2e375fe70ae8afb4adfda1f9cc7a93208d86149986,9481656,0x53646D2A54dF1dcA4Ea2Ac66A6279f91C976dF56,0x0b27Ca7e1DE0c405a2AD9aE12190BF113eB96838,0.0,1.500000009,confirmed
2025-10-24T17:56:42.075961,ethereum_tx,0x943b6decc02540c5f23e553002c60162b1ccce6c6a0b84adcd0fab4fc673e722,9481656,0x5a7439cD04f06Fc586B8Fea048bE4380550eb685,0xffD8e69183221c2363b0ae9166742f220fBFF844,0.0,1.500000009,confirmed
2025-10-24T17:56:42.075961,ethereum_tx,0x39cc6ce99b9d7a6f9db3740e6349b074de56e907ce7bb7c2543979264842cc6e,9481656,0x5E415aD9F91ba2fFE78c053eD90Dc3CE0A171C91,0x9a9F94DDF3305434Ed3f9Fc6aa12bC8dD67C42c3,0.0,1.5,confirmed
2025-10-24T17:56:42.075961,ethereum_tx,0xb04613ce75793995f548526e27583abb2dbcd8d93beb7b9eb2d90d02e6e48759,9481656,0xC5fD2d2b4a035735F03ddD06B0500bD8e2480715,0x2A4496bbC344414e3bDbE6a8E7c40EF007DAeEd1,0.0,1.5,confirmed
2025-10-24T17:56:42.075961,ethereum_tx,0x1b13ff329e82b984053a98cc5a9b2b76ce7370533b6d247829ac0f485e87b30f,9481656,0xe5f4B0f77d3AD97267Fe39ce9e61c94Cd9341c8e,0x2A4496bbC344414e3bDbE6a8E7c40EF007DAeEd1,0.0,1.5,confirmed
2025-10-24T17:56:42.075961,ethereum_tx,0x2268965052bc11506dc2819697d72910123adf95f79cea6db2fe95d51425f1f3,9481656,0xFBa2583898Ae86A13dA4F46c4Fa12C0851e731F1,0x2A4496bbC344414e3bDbE6a8E7c40EF007DAeEd1,0.0,1.5,confirmed
2025-10-24T17:56:42.075961,ethereum_tx,0x05f8aab8009bb916664005da7fb92d3976088cae3d97a889833eb8615e207842,9481656,0x524Bc7C6237C9fDE722AB688fD581C3f14005EA1,0x2A4496bbC344414e3bDbE6a8E7c40EF007DAeEd1,0.0,1.5,confirmed
2025-10-24T17:56:42.075961,ethereum_tx,0x0498bbc3fdab2fc2f9a127adc80275411c15b40a45d6d354aaeab4e016bf8607,9481656,0x7A6b0aee3FAF2a2b464C5309FDD94783094Da2f9,0x2A4496bbC344414e3bDbE6a8E7c40EF007DAeEd1,0.0,1.5,confirmed
2025-10-24T17:56:42.075961,ethereum_tx,0x05da0a2332431daa0b9b9f76e33929c08a298e8a71d2e71e369050e6c4b1acf4,9481656,0x22d8abc3003bf41B0eB9E9181A2545b8e2438bC1,0x2A4496bbC344414e3bDbE6a8E7c40EF007DAeEd1,0.0,1.5,confirmed
2025-10-24T17:56:42.075961,ethereum_tx,0x1d83d597923c0bec757200fbe16fac53ad8c0186066c6e6336804103718d6074,9481656,0x63B3c43DC73936F6D43dFb61Cb736aDfbe8f0541,0x8a6F2dDa0E37342db61dBa03c7e9768b1dE4EBD5,1e-05,1.5,confirmed
2025-10-24T17:56:42.075961,ethereum_tx,0xfd21522e4f9389056be8870047a8de727aeac7c8119b9d29f468be30fc5a6ac2,9481656,0x2909931cb6AB1fBd24cA1743dF69cC9b2f2aA703,0x9f1a599CBc65b8FF76C0591C4EdE83a4717D4752,0.0,1.000000009,confirmed
2025-10-24T17:56:42.075961,ethereum_tx,0x3c22cb35028ba49f49433b1debd560bbc937483e21024fb134f797476d316a16,9481656,0x3e55D94A8553CF879E94e5650C6bD752a9400DC6,0x5690D4BB60dFdC45c0f80a95644357d0655887DD,0.0,1.000000009,confirmed
2025-10-24T17:56:42.075961,ethereum_tx,0x7536afb0a20525ac58970d155f4ac597e262903936fa4b0574be0c5cc9d86666,9481656,0xDd482832c5c8452B8d47ffD4CD9d084B8C914906,0xbE1049b03d8753Af0E5fe514a8F3Ed687deDe9f7,0.0,1.000000009,confirmed
2025-10-24T17:56:42.075961,ethereum_tx,0xbdd1d58bc05fbaf339e073498ef37b4c9237ca3352a2895bc4185c1ecfb4c38f,9481656,0x251B0Dc2f8dE5017423674Ba9A15dEfe0ba07F04,0xF24ad7ebbe408558e5CD84Fc15bA8E3430D202e3,0.0,1.000000009,confirmed
2025-10-24T17:56:42.075961,ethereum_tx,0xf57380f5707e8ffa7d472792e5369085c93019754f35d993e33022d2747a6e90,9481656,0x7876adF8a936347A543d1C41859e23034C021f2C,0xAd440Db2B4f8c67E1181E050D509812fBf1C59bf,0.0,1.000000009,confirmed
2025-10-24T17:56:42.075961,ethereum_tx,0xf3d9413d95506a5409fc0233e8cb4e6dc9a86d64356a77df6536418c72f0ac62,9481656,0x3D036BCE51b3E7715D55bF8B46dAa73d5001d720,0xc025C380dE36C6b033B2DeEeF8d0CB8F4e096933,0.0,1.000000009,confirmed
2025-10-24T17:56:42.075961,ethereum_tx,0x1468fc275ac5ee2628179729df069c6efd5b691d7af95539373cc86563a2917b,9481656,0xBb04BFa600969359840265010884b1dc6987Bb69,0xcC1168E9Fe74e21baeD83799dF012f56aDF93697,0.0,1.000000009,confirmed
2025-10-24T17:56:42.075961,ethereum_tx,0xa58c2fea89018acd832a1432387af7ced82ea9ff6f4a2a63d43f1ef3b472bbb1,9481656,0x2d99F20f83931E94ddf99E83B94631B05e4523E4,0x0886A6e29E9F958d671A281f6947bFe5Cdb560bf,0.0,1.000000009,confirmed
2025-10-24T17:56:42.075961,ethereum_tx,0xbd034fd7deb8c922d74b08498d5009022635020de7e2e8fa217c5a57136c6fa1,9481656,0xb1a072d8452879E19870BA0eab2CB7d11401162D,0x6788045Cb2658dd7B6F8A54Ab12BA8cF7De8B8e7,0.0,1.000000009,confirmed
2025-10-24T17:56:42.075961,ethereum_tx,0x79d9a5fe2dfd45619094f094245792600f0381237a791a7d520e971f35f173ff,9481656,0xB5EFD9EFa5a1C552cf5688DB5C6780aaB81DfD66,0x844B15e9E45cA772bD71E165917b7FBFDB526b88,0.0,1.000000009,confirmed
2025-10-24T17:56:42.075961,ethereum_tx,0xafb393c100acadfae521a6d0901a428d3a3e0cb9efbcec59bb011b8d8ae30533,9481656,0xECf8Cc85e0c9DeA4B109eDB538A38f74BDB723Cc,0x0526528F91628E10D9D3B3358eEeD5DFB07a688B,0.0,1.000000009,confirmed
2025-10-24T17:56:42.075961,ethereum_tx,0xe7c72bdf64f6a2f1d5ccda82de07d1e3bb968641fc20adb60d5a504105043249,9481656,0x8e0247E3CbE8c9e4ECE06a2eCd27E7CE2B16f4A9,0xbad10A59460170902eB56E0a95bd363048983aCF,0.0,1.000000009,confirmed
2025-10-24T17:56:42.075961,ethereum_tx,0xf93c547b71b8f8e14f587d2190163871ec36b618cfd370d39c854ff044cd562f,9481656,0xAD0654aB10B809f5b1e52cF6F0148Fb8e2A1aB45,0x48D5Afd20213caabE3257f05dfb2083cE2DffA15,0.0,1.000000009,confirmed
2025-10-24T17:56:42.075961,ethereum_tx,0x65bc0c004569f8a78019656f5f67593ad3016431a425e322895d34aec60282d7,9481656,0x9186A66C6EBF3fEf7C3D1FD7EaDF560f6a14Ca26,0x153B952488b27B1e3FD4617876411b1C5c35c01b,0.0,1.000000009,confirmed
2025-10-24T17:56:42.075961,ethereum_tx,0x24e2838cb92ef549e2b724ed2e4d2322d1ed6512a80aa1aaca08af365b511924,9481656,0xF0FEd0C0192539a1076d8BDa1233f414704d98Be,0x00D22efF04CF7d0f5A355A6D9A06E43120398dA6,0.0,1.000000009,confirmed
2025-10-24T17:56:42.075961,ethereum_tx,0x9c7af82b3fd7dc04b4cc61ef0c3c346ba27b3e5f52bd3e06ae8a8916287a21ca,9481656,0xc4B70799e45eBe99A350C6aB12c983b933853494,0x04EF01ce20d0b1B55B583dA0518Adefe28D9EE59,0.0,1.000000009,confirmed
2025-10-24T17:56:42.075961,ethereum_tx,0x31ef6191edd76a4ef89f634ff1136015d7458f3de2b64dcbddfd6e1f1c0a4f15,9481656,0x412494320555FcFF33F27c03312C98B5e3731CcD,0xA9Fa3510fE452CFD8b21439c09c5D884d7B98c0C,0.0,1.000000009,confirmed
2025-10-24T17:56:42.075961,ethereum_tx,0xc47b8f7ebd57fa3aa0d774494a5f92f7c90d5155a4ad674ebdab369e7dcc0288,9481656,0x51B0b2E3C41aAcecd38F445eCD08ddfd6350523b,0xf5a162777d9F0D2f61A543A6b3C758307473281B,0.0,1.000000009,confirmed
2025-10-24T17:56:42.075961,ethereum_tx,0xad4e6df617c8d0fb5496322ed1e61ab9155eceb23b9e3fbf444a305fe30f2ddf,9481656,0xAD6B87B8729df7C3b833F0aEad8E60D5Adf9aE52,0xc5BE9e58D5Dd66081Ed340f698e5545b58529660,0.0,1.000000009,confirmed
2025-10-24T17:56:42.075961,ethereum_tx,0x9094171f58119a6e117915556131d6e268c9227c9f1515a78956ddb636fb0815,9481656,0xAd98B51e90a7481334B2d980f4c5b5935CF169E0,0x627E5adAA60F15Ed29e16F4e18e481F878d76376,0.0,0.050000009,confirmed
2025-10-24T17:56:42.075961,ethereum_tx,0xcdf96c60ed85a07794b144988277bafdf0d08a5bf2aa446a9942b33194cb3c9f,9481656,0xE6B18AEA191603B496753D114cFed4e81191a319,0xf993E10C83Fe26DddFc6cb5E82444C44201e8a9C,1e-06,0.020000009,confirmed
2025-10-24T17:56:42.075961,ethereum_tx,0x0861702d77e8c3dc30a05a34fb470d45dd849611b695ef722a207280c11f8c56,9481656,0x637b2E3ac7a313F1E83f42E316230dB5215393aa,0xf993E10C83Fe26DddFc6cb5E82444C44201e8a9C,1e-06,0.020000009,confirmed
2025-10-24T17:56:42.075961,ethereum_tx,0x03b34937f0d2ca38f4730316c77c7577e91e8d863861bb12eed5b5c6ab01673a,9481656,0xa6a79D89965Eb46F5197ff7F81fa98c54a33FbAb,0xf993E10C83Fe26DddFc6cb5E82444C44201e8a9C,1e-06,0.020000009,confirmed
2025-10-24T17:56:42.075961,ethereum_tx,0x3360df6ade1e2908e52931c2a556e435a97648c4d1905e43e5113a555650a185,9481656,0x85f4F757805f40f289482027aAa016b9Cf049ba0,0xf993E10C83Fe26DddFc6cb5E82444C44201e8a9C,1e-06,0.020000009,confirmed
2025-10-24T17:56:42.075961,ethereum_tx,0xd9a2d09b04b80afa4367b130dd0324b7a2fed540fd3fb177d2c660169e7216cc,9481656,0xD733eFD5fcD34b7191E529da2aFF2e033722e316,0xb99B03DE77146403B131BA23220a8d0C59C0B327,0.0,0.001999991,confirmed
2025-10-24T17:56:42.075961,ethereum_tx,0x07bd35b3835ef6e4507004cc09802ff42e6e3942ea2cc14e7a5fe78f3bd61291,9481656,0xB4fC80AEc34911C5d761259E74aE8a24c2C5D995,0x72de35dC43acfC49B6B21e559F8cA586e0E12011,0.0,0.001500009,confirmed
2025-10-24T17:56:42.075961,ethereum_tx,0x6e57e3f8df542b5eb441723e6a1cad743b1e07f67e0730c0c9c57dd6cc3fac3a,9481656,0x4BA56bDa2009816e260921970041d6Eb005D7272,0xC764A997C86dC22B50Eb637626e3f46bfd82534A,0.0,0.0015,confirmed
2025-10-24T17:56:42.075961,ethereum_tx,0xb3ed00a2fc2838cd84b3ec9a732efc6aa97ae4b3a2c4383f4ebc668fb0aaa1ba,9481656,0x2D1A477e22F93b66F70a781D1f6aB73C3a62f09b,0xA73aFb610aC79A729A393D679029fCf9618854AD,0.0,0.001499995,confirmed
2025-10-24T17:56:42.075961,ethereum_tx,0x9bb21e233d83ed028f70b2397ab3ca376d3be90457ee8e6b914b32277b78418f,9481656,0x207D430716d4F12e7e6d9acB39BbC73fD4cB4E1C,0xA73aFb610aC79A729A393D679029fCf9618854AD,0.0,0.001499995,confirmed
2025-10-24T17:56:42.075961,ethereum_tx,0x7fbb4fea09f3043835306bfd2fc41668e3f1c4c3b4b1e553c1a27a9ae67dfd69,9481656,0x7cE347ce7dbf3FC95e1abaa6E9994f4217b03764,0xA73aFb610aC79A729A393D679029fCf9618854AD,0.0,0.001499995,confirmed
2025-10-24T17:56:42.075961,ethereum_tx,0x0b4482727b8e353229641df1617a556d75fd559a2cd2b421bc8863afd94c325e,9481656,0xb3a1956Cff1ecc8054B81b0C83b9847CB71384b8,0xCf8EDB3333Fae73b23f689229F4De6Ac95d1f707,0.0,0.001199999,confirmed
2025-10-24T17:56:42.075961,ethereum_tx,0xcfcc64d58aa5ebe9b0171cb9f983e72f9b17d158748b909614149b178ebb124c,9481656,0xb3a1956Cff1ecc8054B81b0C83b9847CB71384b8,0xCf8EDB3333Fae73b23f689229F4De6Ac95d1f707,0.0,0.001224999,confirmed
2025-10-24T17:56:42.075961,ethereum_tx,0x7c7d21bf5ca931b73e934fc12bb1bdaf45eb091277d16dc6fa8720dcf49f4b0f,9481656,0x715d1084b1237Ba6a61447890F282E2505471EEC,0xb5A49949C49dEDD852F9f0f419b17aD2785032db,0.0,0.001060369,confirmed
2025-10-24T17:56:42.075961,ethereum_tx,0x973db92ef7450a1004796d46b13d2fb0e3b359fcfb6d037358bb1b54a6affb84,9481656,0x2fBA001a5976642B7D7B2Ef82d5f4990c6110C36,0x7215691F60C4fA7Bb82c5Ac44c7d57dc32bB0493,0.0,0.001052631,confirmed
2025-10-24T17:56:42.075961,ethereum_tx,0xe9666c0a4e41a62e733f9f6b707bc3c656e22024fdcf80b79e775fbcfd1375cb,9481656,0xF6636520E0773d380C2E82589eADe80Cd9503037,0x3eDF60dd017aCe33A0220F78741b5581C385A1BA,0.0,0.001052631,confirmed
2025-10-24T17:56:42.075961,ethereum_tx,0xbeded9e6476436991732058b0415529f3be0ded7636a65c61f213aaffc10dc38,9481656,0x7Ec852687A954c7e6E8B59c6393c26De46571f75,0x0000000000000000000000000000000000000000,2.72e-05,0.001000009,confirmed
2025-10-24T17:56:42.075961,ethereum_tx,0xe39de40f0e9b8c83a1d9e9acf0fe4a2f1ca33a06d48106f0c5d11a3bdc84d289,9481656,0x1E084f001Aabf562b37C1606604d39E586b8f7cd,0x0000000000000000000000000000000000000000,1e-05,0.001000009,confirmed
2025-10-24T17:56:42.075961,ethereum_tx,0x2af54374c72980b3792e54f52a64e85708c1edf441a97385756452967f2f1523,9481656,0xE639249289150569C14B6C438a6e382840A3bf63,0xE3e52c9A4820F278A5EdadeD49A4e220616A70e1,2.499999978999979,0.001000001,confirmed
2025-10-24T17:56:42.075961,ethereum_tx,0xc3fa1c295f719c670909093ba8087015e387ce2de7fdd5757c46f7d69fb2e0db,9481656,0x4c4Ad5ffbB2b64e14Ea47A080a3779633853447F,0x87A3effB84CBE1E4caB6Ab430139eC41d156D55A,0.0,0.001000001,confirmed
2025-10-24T17:56:42.075961,ethereum_tx,0x7d0ebe0d5719293a3518299aee5bbddb63101cc01facbcd9d8d05db6f92e3fb7,9481656,0x95DeBD421419966cbfF6F81215d041Ac12731C05,0x853758425e953739F5438fd6fd0Efe04A477b039,0.0001,0.001000001,confirmed
2025-10-24T17:56:42.075961,ethereum_tx,0x87aa4db5db8c074f0346ad81f32cbf4354d8b7ec544bac6c83f341742f1124e4,9481656,0x631E9B031b16b18172a2B9D66C3668A68a668d20,0xDc1ef3182E5226eB179306519f717Dd064FbF7aE,0.1,0.001,confirmed
2025-10-24T17:56:42.075961,ethereum_tx,0x25eb73097b29edcd3e396363a2c8d7a9e1a5f0120a6c115f4f30e6b044b5c227,9481656,0x073998CA8D89ff6f0a6294e651041E8ba33d9E0b,0x18e75dAbeD7aea55DA355ACB6165F38fd9FC6111,0.0,0.001,confirmed
2025-10-24T17:56:42.075961,ethereum_tx,0x0167656276e76f47fcb61f7683850434439d6657a9be8f0cbb60f90fdc2bfc88,9481656,0x0B9428f89c91875E39c1951e68Ab38593B870Cf2,0x8bfE61eEDF24094F6832BD2E01FD3b8846b96B7c,1e-08,0.001,confirmed
2025-10-24T17:56:42.075961,ethereum_tx,0x859f6f368d8aa76d9d0115c7040786c06c2cc488ed00b152079abb2ec2cf3db6,9481656,0x0B9428f89c91875E39c1951e68Ab38593B870Cf2,0x8bfE61eEDF24094F6832BD2E01FD3b8846b96B7c,1e-08,0.001,confirmed
2025-10-24T17:56:42.075961,ethereum_tx,0x55cf3b7729d6e29cac89ee998fa30d3ead89dc7e75e5056f75d4dd1cc3182778,9481656,0x380273DE3979c034cdCABe119e316F8AA8A4C93A,0x7215691F60C4fA7Bb82c5Ac44c7d57dc32bB0493,0.0,0.001,confirmed
2025-10-24T17:56:42.075961,ethereum_tx,0x0275df7b14965cc1e6e0d07ba31553d1acb55e83c35f2f2d9a7c01980c09226b,9481656,0xEcf9ca4e5dA06626176B459088265565A679C7CD,0x7215691F60C4fA7Bb82c5Ac44c7d57dc32bB0493,0.0,0.001,confirmed
2025-10-24T17:56:42.075961,ethereum_tx,0xbee17a21aa06aa9511e3939abc23d347e697da52ec4a42af8dd2b9677a43d96a,9481656,0xC71A404f781aE059236e6A38cE4E9a2fe92Efa31,0x03C66CB1826BDB0395BF31E68Bf7E873e9564fFB,0.0,0.001,confirmed
2025-10-24T17:56:42.075961,ethereum_tx,0xf0e6631f4ad7940e20125448040f0d4075dc4c53afe5d91539ce64f1d30e91e1,9481656,0x433819279eF1D1ad45e85240069feDe8D42C38F8,0x03C66CB1826BDB0395BF31E68Bf7E873e9564fFB,0.0,0.001,confirmed
2025-10-24T17:56:42.075961,ethereum_tx,0xbad5a2ec8e9928354b0663880b3100a5d0dd2a92498a060444b45747c4714ea4,9481656,0xD2F496561534b20C8a6A6cD4C743e8aa18eFA77f,0x03C66CB1826BDB0395BF31E68Bf7E873e9564fFB,0.0,0.001,confirmed
2025-10-24T17:56:42.075961,ethereum_tx,0x96dbfeb0c28ea9c98ec2c21a434426dce4a04aba90cc849512c834c818fe09ee,9481656,0xFEb2EDEDc947e6409e9d49c27d25B10985186F59,0x03C66CB1826BDB0395BF31E68Bf7E873e9564fFB,0.0,0.001,confirmed
2025-10-24T17:56:42.075961,ethereum_tx,0x158815c9017910497cdbc1f5a172e9db27a3d7d20bef4222c5836e9181941ef6,9481656,0x15474cB67f81Fbb2C62D4bFf6001dB0D804f23c1,0x03C66CB1826BDB0395BF31E68Bf7E873e9564fFB,0.0,0.001,confirmed
2025-10-24T17:56:42.075961,ethereum_tx,0x5e09256f35581c0584820efd2a925d9f346f7bcbb690b67ac302176d953b3ead,9481656,0x650F70Ee7e894a0D8B38A7F415c3141e41A34dED,0x03C66CB1826BDB0395BF31E68Bf7E873e9564fFB,0.0,0.001,confirmed
2025-10-24T17:56:42.075961,ethereum_tx,0x84f64134516030c54f42beaf0b6b3712dd33359672902671fe0fe6c9c278a96b,9481656,0xBB6A6C5AD77b88a6175f27c3E35d004faC0FBa0c,0x03C66CB1826BDB0395BF31E68Bf7E873e9564fFB,0.0,0.001,confirmed
2025-10-24T17:56:42.075961,ethereum_tx,0xfc5bf024b784f3dcd3b55f957b68c108e9da172820ca6f9d24c23b20241feb06,9481656,0x4efF08bD91dE9BfB5ea39F348a8d621f3267496C,0x03C66CB1826BDB0395BF31E68Bf7E873e9564fFB,0.0,0.001,confirmed
2025-10-24T17:56:42.075961,ethereum_tx,0x2da70aafc83f1f7ab7666a70a1497247d9b72cb7cd47c482c1502ba2ef9f25f9,9481656,0xEbb572059363FA4FfF24781b24650Dc8ea74d33F,0xcdD16080FEB6479F92D07099488E910f1cC2FCD3,0.0,0.001,confirmed
2025-10-24T17:56:42.075961,ethereum_tx,0x5699242e7311fc6c5b7d09c8bdf7a4a17a23656acc124e65edc3419df550fec2,9481656,0x43956a6D22C407253A7bCC47aE13572dB9487bb3,0x03C66CB1826BDB0395BF31E68Bf7E873e9564fFB,0.0,0.001,confirmed
2025-10-24T17:56:42.075961,ethereum_tx,0xbabd497115f46a16127c3f801d699f8aa162afd0d24b1515de010ffa52774e84,9481656,0xe77Eeeffb90406A1c563605E6D4A0aDF259D1641,0x03C66CB1826BDB0395BF31E68Bf7E873e9564fFB,0.0,0.001,confirmed
2025-10-24T17:56:42.075961,ethereum_tx,0x2caeae591cfe7278a28651251c2375ae193bfc18a5d5cb6299c0f625d760a1d1,9481656,0x4BBF6e848D5BDd021A6CB68Ca8296955Bc09EEB9,0x03C66CB1826BDB0395BF31E68Bf7E873e9564fFB,0.0,0.001,confirmed
2025-10-24T17:56:42.075961,ethereum_tx,0x0d4e0597fc201e162211a2cab18edb5871fb7ad82d96b7415579d02e21222c00,9481656,0x25b4eDB57e493014D45127662E9d07955f402aA2,0x03C66CB1826BDB0395BF31E68Bf7E873e9564fFB,0.0,0.001,confirmed
2025-10-24T17:56:42.075961,ethereum_tx,0x49cd931e495cb7f52c3fac7aa29644c56b9d279b3d88ae7aafb039c1a265ede7,9481656,0x602375CbF21EB375D1A28f48c2826eC807e6e742,0x03C66CB1826BDB0395BF31E68Bf7E873e9564fFB,0.0,0.001,confirmed
2025-10-24T17:56:42.075961,ethereum_tx,0x978b2f7c84565e0cd939b98d2d095e74a778fdec60ae65e0e85b8e1f73fc1672,9481656,0x8568BdCd3A49bd4edfAc34dD20942ab8F52401e1,0x03C66CB1826BDB0395BF31E68Bf7E873e9564fFB,0.0,0.001,confirmed
2025-10-24T17:56:42.075961,ethereum_tx,0xa790a42eddbb1f7dec331f9857c9da2c81601e4eede5052d75ce5ecb431ef3b4,9481656,0xd3D119096b96C1e4CA791Cd89A52FdE93E25155F,0x69C6b28Fdc74618817fa380De29a653060e14009,0.0,0.001,confirmed
2025-10-24T17:56:42.075961,ethereum_tx,0xe3203ccd02401005e0e6e2fc26d6a4ed5cb089945a01ded8df6aae77b3196e9d,9481656,0xF9b540ab0BEAe02d0a956F325E65545F0E467Cbe,0x83458E8Bf8206131Fe5c05127007FA164c0948A2,0.0,0.001,confirmed
2025-10-24T17:56:42.075961,ethereum_tx,0x72bb7723da30a65179ee8264d4582354ead22561ee6a68c22b719e5ae6800bab,9481656,0x065bb664C4Bf610558297150b4EDF18c8Ba494e8,,3e-15,0.001,confirmed
2025-10-24T17:56:42.075961,ethereum_tx,0x1f0bca6c70f6630cc82fd0350235d761e14de1180af4dc4e5b23375072a3236b,9481656,0x3Da763C42E438eB17880fB6A83040d6cf13eF03b,0xFf00000000000000000000000000000000042069,0.0,0.001,confirmed
2025-10-24T17:56:42.075961,ethereum_tx,0xff8f9c5b6ca5264ade1c208f22f0fdea807d3a639f942d8c81b9b31822c3991f,9481656,0x3Da763C42E438eB17880fB6A83040d6cf13eF03b,0xFf00000000000000000000000000000000042069,0.0,0.001,confirmed
2025-10-24T17:56:42.075961,ethereum_tx,0xb628af65ae07cd5eb22164a0234d17b1f23c6eb91ad42a58ca7f17554826f9dd,9481656,0x3Da763C42E438eB17880fB6A83040d6cf13eF03b,0xFf00000000000000000000000000000000042069,0.0,0.001,confirmed
2025-10-24T17:56:42.075961,ethereum_tx,0x68b41c6bc5882cdc4fc11d47dcd725be2adb4dd459a9d91982c4add6195c55e4,9481656,0x870e884fcD7571D89c79AF26563fC4f1a1309630,0x7215691F60C4fA7Bb82c5Ac44c7d57dc32bB0493,0.0,0.001,confirmed
2025-10-24T17:56:42.075961,ethereum_tx,0x5ccabb7c61914715bc659847e1b448812e3c79b65f9227f5cc3a03a3cdb5ab13,9481656,0x75464f762bc50d0A0B127ab5a085504BF102Bb88,,0.0,0.001,confirmed
2025-10-24T17:56:42.075961,ethereum_tx,0xbc872991ef8e05144b3dea166f68ace692517b424ec693d55aa63349943a56a8,9481656,0xEC79e928b05608eBB285CA7FFe0AcAA9Ca9E61ab,0x7215691F60C4fA7Bb82c5Ac44c7d57dc32bB0493,0.0,0.001,confirmed
2025-10-24T17:56:42.075961,ethereum_tx,0x53883ade9f4634fab72455b541149585fe89ca99e6ce4ddfc32ef56b7d631949,9481656,0x1C98C81eD2f54B01eDada639e0D5d44E62a22fBc,0x3eDF60dd017aCe33A0220F78741b5581C385A1BA,0.0,0.001,confirmed
2025-10-24T17:56:42.075961,ethereum_tx,0x650ee5797a6b7631994ed19bafef012b182564cf78dbc7988de6a9cf17281bfd,9481656,0xBA0A2D88931D09e4D233c6e87918CD5f12Fe709F,0x7f3191EaF73429177bAB3bAc5c36Ed2D5E39985f,0.0,0.001,confirmed
2025-10-24T17:56:42.075961,ethereum_tx,0x499006ee9b6d4e70c65e6b3d3190bddd0a3c8923655b245f8f13c7cc09090c25,9481656,0x53052765c271e672A6E62303D388BC0d9024e7BD,0x03C66CB1826BDB0395BF31E68Bf7E873e9564fFB,0.0,0.001,confirmed
2025-10-24T17:56:42.075961,ethereum_tx,0xff35425fc9993e8783a6fc810e98cdd64b44539660a0a0ebce090928cda0a6c1,9481656,0x033C2ad02c60cB3faf1536486fA10524335a4186,0x03C66CB1826BDB0395BF31E68Bf7E873e9564fFB,0.0,0.001,confirmed
2025-10-24T17:56:42.075961,ethereum_tx,0x20328b6778fd7eb59c5a8a0ae34f0d716a8fad907b4ca784723381ef81084149,9481656,0x5f74BB11e5a9D3E96219791791d3445AA3BF26a6,0x03C66CB1826BDB0395BF31E68Bf7E873e9564fFB,0.0,0.001,confirmed
2025-10-24T17:56:42.075961,ethereum_tx,0xa6321c17f61eca800d0975a196728a06ae0bfcbecbdfd53c9f39ef97f861e9cf,9481656,0x8171c969666c084883b8852BC31dC918A8E06310,0x03C66CB1826BDB0395BF31E68Bf7E873e9564fFB,0.0,0.001,confirmed
2025-10-24T17:56:42.075961,ethereum_tx,0xe78600c1bf645d99488410b955e45c2118ff113d61ee23100143fd85bfb77c9e,9481656,0x4B602b279c9715ED981C73774A49194E5C4c3968,0xe66266D75a13A41FD1836372E9B6209E6c77b4cb,2.19e-06,0.001,confirmed
2025-10-24T17:56:42.075961,ethereum_tx,0x416e22a22c666bf8d2db04943806ede6c27dc744282107c639721cb6a39f1823,9481656,0x5E99aFc38048c43136924ad103a315f454D507C2,0x03C66CB1826BDB0395BF31E68Bf7E873e9564fFB,0.0,0.001,confirmed
2025-10-24T17:56:42.075961,ethereum_tx,0xb213da9c638b2aa1a91c894ed775561a251cbfa953f94cc88a9d725175856f90,9481656,0x348307c814D5d0e2dc8eABba3511695E7F237fb8,0x03C66CB1826BDB0395BF31E68Bf7E873e9564fFB,0.0,0.001,confirmed
2025-10-24T17:56:42.075961,ethereum_tx,0x0daf91a3e1c9ad6bf92eebd88d284a20eb9560127fcf15f9796389f1d8a52200,9481656,0xd7d3B554a89797BF2A6967694B65c0e50B14d4AE,0x03C66CB1826BDB0395BF31E68Bf7E873e9564fFB,0.0,0.001,confirmed
2025-10-24T17:56:42.075961,ethereum_tx,0xa991429782de97c6e5067d38c85d38d90362ce7a7dd27dfc1bf509c886e9a485,9481656,0x97396eAC5Fe7E7A78955fE817e4Ed5462eFfCB9d,0x03C66CB1826BDB0395BF31E68Bf7E873e9564fFB,0.0,0.001,confirmed
2025-10-24T17:56:42.075961,ethereum_tx,0xd81189d39133822703352c2a45da4714cf21f7c53fcc4ef9bdc886987a45c706,9481656,0xE0C8451805dC5b288D8e290aD586fF7e3C9F1995,0x03C66CB1826BDB0395BF31E68Bf7E873e9564fFB,0.0,0.001,confirmed
2025-10-24T17:56:42.075961,ethereum_tx,0x1f73004aaec96e2eadf8033c93936b52b19a163eef24322ca5c3b85397c4f1a3,9481656,0xc3E7cC9471f5291feEB02db2Dc91a614F59412eB,0x03C66CB1826BDB0395BF31E68Bf7E873e9564fFB,0.0,0.001,confirmed
2025-10-24T17:56:42.075961,ethereum_tx,0x4b7bb93d818565d6f3643b016f72be61fe41b59e0031bbfca436a5aa457609e3,9481656,0x94163A160352a827c166D1B04B23C733b66Ae605,0x03C66CB1826BDB0395BF31E68Bf7E873e9564fFB,0.0,0.001,confirmed
2025-10-24T17:56:42.075961,ethereum_tx,0xed5b87b8fe89322a0fcfb77f8a482e00394d7ba9ac2a134386717d0d37aec462,9481656,0x16859fD58AF678EB962E88C7019bA58A1109fA2A,0x03C66CB1826BDB0395BF31E68Bf7E873e9564fFB,0.0,0.001,confirmed
2025-10-24T17:56:42.075961,ethereum_tx,0xe32a29c2ef1973b5ef8b2aff88affc762fd6b450df3f382e5b30bb4cd02e2f3d,9481656,0xF01b89B04A84C91F5D00D54ED7042271cB8c354b,0x03C66CB1826BDB0395BF31E68Bf7E873e9564fFB,0.0,0.001,confirmed
2025-10-24T17:56:42.075961,ethereum_tx,0x986ec39326d189b21296931d23b668dda935f72aff98431890e7e64db7396a76,9481656,0x7e528424A4806956723F5A1a40048EaE77f50984,0x03C66CB1826BDB0395BF31E68Bf7E873e9564fFB,0.0,0.001,confirmed
2025-10-24T17:56:42.075961,ethereum_tx,0x95c0cdc8fe24abf7ec25d37b8e1b88edf025f6c2a4794d30115a610de948b835,9481656,0x31158359d1D829137D4929D590b823474eA090BD,0x03C66CB1826BDB0395BF31E68Bf7E873e9564fFB,0.0,0.001,confirmed
2025-10-24T17:56:42.075961,ethereum_tx,0x849d23d7292f3df244a28f53791a2eeae9d0f08a4fc30343dc5583fdbe30bd14,9481656,0x7A0587d78C920e0d71d188534cA6DB78A6e43027,0x03C66CB1826BDB0395BF31E68Bf7E873e9564fFB,0.0,0.001,confirmed
2025-10-24T17:56:42.075961,ethereum_tx,0x571ff4f3b63e2a00fbcd98862926dbaaa7d8e48b921c643cd9aab65a57eb6d3b,9481656,0xF0e1e63a78F91A9e3d94A1d94E03956f25B6d77D,0x03C66CB1826BDB0395BF31E68Bf7E873e9564fFB,0.0,0.001,confirmed
2025-10-24T17:56:42.075961,ethereum_tx,0xd111186d6d385117ca3fdbf5fa0735e99c04a3a6e2a9822773c00b57a6717b95,9481656,0x2aE6b3F1d36264cA25d807d1C1E26BdD56FC3191,0x03C66CB1826BDB0395BF31E68Bf7E873e9564fFB,0.0,0.001,confirmed
2025-10-24T17:56:42.075961,ethereum_tx,0xfd92805af97fee50cdebb6206c0de3e2e7d74c681cf57cdc29c3a15bc90bd148,9481656,0x891e1805413e0954A69B66D538Ed03Eb3E17C070,0x03C66CB1826BDB0395BF31E68Bf7E873e9564fFB,0.0,0.001,confirmed
2025-10-24T17:56:42.075961,ethereum_tx,0xdc0d6994228037fa55e0bf6b0af6199d23f91b0c8474de48489aa6f5a116b196,9481656,0x0b049eb75565D87a21633EaaDc4767Fa7C310e7B,0x03C66CB1826BDB0395BF31E68Bf7E873e9564fFB,0.0,0.001,confirmed
2025-10-24T17:56:42.075961,ethereum_tx,0x81ea45a489b17cd4e41d42f16629f520327b28fa2b71fc74cf1ac852689ac493,9481656,0x2Af4b6CA592a098B8d31f2D00DF8394Fc0898d4e,0x03C66CB1826BDB0395BF31E68Bf7E873e9564fFB,0.0,0.001,confirmed
2025-10-24T17:56:42.075961,ethereum_tx,0x9648b8514365b2e5fafc742d52f0ed8a05b888d06766c241cea1901d342cf05b,9481656,0xE40383967DaB2C85eb8f32A01691990BB218a3c2,0x03C66CB1826BDB0395BF31E68Bf7E873e9564fFB,0.0,0.001,confirmed
2025-10-24T17:56:42.075961,ethereum_tx,0x0efb2d75f3a6ab1f3b80cd810ff37766acdd6ef991272afbe82224daf4a2ee01,9481656,0x204eF690fF376fe6ea168fB614015D3DA2240Fb0,0x03C66CB1826BDB0395BF31E68Bf7E873e9564fFB,0.0,0.001,confirmed
2025-10-24T17:56:42.075961,ethereum_tx,0xedbb002f0a221505bd4dee755cf248a20afe5708ecbd3659edcce6a47d179b46,9481656,0x40875328d1f05434d1698dEED0f4ff6A6881dc5D,0x03C66CB1826BDB0395BF31E68Bf7E873e9564fFB,0.0,0.001,confirmed
2025-10-24T17:56:42.075961,ethereum_tx,0x641c454ecfbb31da1d047da60ef2eb0fdaf4369c82e2203592f65ce2d591b723,9481656,0x1274165FF8713E744fa9791075E494cD9e5784E9,0xcA11bde05977b3631167028862bE2a173976CA11,0.0,0.001,confirmed
2025-10-24T17:56:42.075961,ethereum_tx,0x63ee768794ee946f129a2c4d0f0d21fb1195ec93ee04b0c8a3c9b85ea645a6a0,9481656,0x8D16BbB96d67DC564dFC0b7796d197665000b4C2,0x03C66CB1826BDB0395BF31E68Bf7E873e9564fFB,0.0,0.001,confirmed
2025-10-24T17:56:42.075961,ethereum_tx,0xd2d0c94345d4ce9e01409cb3fe4a6b5a05de7b6a9fb513f10cf344c796efd733,9481656,0x7153852766e2E2aC23fA90E5D5FdaFCC59C5CEed,0xda35393d8ffd2f90141C28fC06F76Fe29a785316,1.37e-06,0.001,confirmed
2025-10-24T17:56:42.075961,ethereum_tx,0xa644d3e286ee2d9052ea4ec932ebc34a619b166e6e7c445ca461d313627d5244,9481656,0x02fA68d52ac7Df8b1cBE294c8ce2116Ac22599B7,0x03C66CB1826BDB0395BF31E68Bf7E873e9564fFB,0.0,0.001,confirmed
2025-10-24T17:56:42.075961,ethereum_tx,0xb2a90311dee2cfd8692c85674c8c7f9e18d91371499868a52b9d0acafd095d07,9481656,0xFF94A205a6Cbf58B54E6F67EE7627037cc3D73D4,0x03C66CB1826BDB0395BF31E68Bf7E873e9564fFB,0.0,0.001,confirmed
2025-10-24T17:56:42.075961,ethereum_tx,0xdffadeff654add1150700e506681713733b6f6711433fa25cadc125aa6110ff1,9481656,0xA86A3FEa787691E4E9123DE0373d1F3d2B5619A4,0x03C66CB1826BDB0395BF31E68Bf7E873e9564fFB,0.0,0.001,confirmed
2025-10-24T17:56:42.075961,ethereum_tx,0xb08dbcbb10f0d3c76770657747fe20a132b172ee413097cf0ef3bc2a487f251d,9481656,0x4680cD2F1CfE4E8968799FaAf1b66e1C1f9d755C,0x03C66CB1826BDB0395BF31E68Bf7E873e9564fFB,0.0,0.001,confirmed
2025-10-24T17:56:42.075961,ethereum_tx,0xb1ed15c0d3191c470589680abfeeb4e0b34dafd32ab88c555fee3d84760e9ac6,9481656,0x49E8d6086D2029C4334188571bf5b22597d596c4,0x49E8d6086D2029C4334188571bf5b22597d596c4,0.0001,0.001,confirmed
2025-10-24T17:56:42.075961,ethereum_tx,0x3ad43dbd036ffe9265989ac3b7fb139437fd0edb5a55da5b3c66da0c4e712acb,9481656,0x2BFaadCa3865BEf692e68B16A3A655bB3167e004,0x358e500d87F6d4630a8bF2fBDA09298C0873DA18,0.0,0.001,confirmed
2025-10-24T17:56:42.075961,ethereum_tx,0x232cb4963dfc87aa0528bd1b2452326994a522dd4e8219170c8786f057aefd8b,9481656,0xA45851d572c65615490c3237E35d3062a69b36c7,0x03C66CB1826BDB0395BF31E68Bf7E873e9564fFB,0.0,0.001,confirmed
2025-10-24T17:56:42.075961,ethereum_tx,0xa0d32521a1796258df4b7fe9c9bc0977dbac801cae5e52689e08d86ccd6820f9,9481656,0x0d742fb12621FeD57514c93900bd89Cd01624648,0x03C66CB1826BDB0395BF31E68Bf7E873e9564fFB,0.0,0.001,confirmed
2025-10-24T17:56:42.075961,ethereum_tx,0x83fb0991c5142de54ffa89ac9a88ecc973747c5022e48c18031c4ba34cfa6051,9481656,0xd066bb4f5Ee3a7956B4b83726089f3505987b07E,0x03C66CB1826BDB0395BF31E68Bf7E873e9564fFB,0.0,0.001,confirmed
2025-10-24T17:56:42.075961,ethereum_tx,0x618d98c68f4d8a4174617c1aee5223c47a7dd229b69ab2d8d28e78e5517e6954,9481656,0x27baEbF03ba65F43eA20842F1a6c3DA704b8e43f,0x03C66CB1826BDB0395BF31E68Bf7E873e9564fFB,0.0,0.001,confirmed
2025-10-24T17:56:42.075961,ethereum_tx,0x35cc06f426bd5eec2c4a8e6fe437c7262820a580e6050d9bc9dc4b7328d0c640,9481656,0x112c7722C9A6AE8E407325C43DBdAF385153cD0E,0x12919da72bE9427DCD3AFA4Eb19CAD818f816df8,1e-05,0.001,confirmed
2025-10-24T17:56:42.075961,ethereum_tx,0xcf26b315e3c2f4ac2dcf5dc2804a6b752efa13b7d35939c4f172b9be903f251e,9481656,0xf07C596060A373aE62dbBEc76a3af927bF7de7DB,0x03C66CB1826BDB0395BF31E68Bf7E873e9564fFB,0.0,0.001,confirmed
2025-10-24T17:56:42.075961,ethereum_tx,0x5d77e93a4fd367d29c5aea979048ccb59f452d074ee825c2d1adaf6c253d5f3a,9481656,0xdC0C50bF87E97E80BcDEA3C4d31D0Cc554a0E541,0x03C66CB1826BDB0395BF31E68Bf7E873e9564fFB,0.0,0.001,confirmed
2025-10-24T17:56:42.075961,ethereum_tx,0x4ae83d081b85edc2c71345b24373addb8292e60f2363883260a6e69cbdc34475,9481656,0x98f346EBb5c9b89de346D2eCe6EfBC5E769C602b,0x03C66CB1826BDB0395BF31E68Bf7E873e9564fFB,0.0,0.001,confirmed
2025-10-24T17:56:42.075961,ethereum_tx,0x1cf8a8e97e577d4ac11de55afd61a95befa928d43ac72eec046634fbc5047333,9481656,0xc69BBE82234Fb4308b78C776f1A607527982DF88,0x03C66CB1826BDB0395BF31E68Bf7E873e9564fFB,0.0,0.001,confirmed
2025-10-24T17:56:42.075961,ethereum_tx,0x857a56ed5d824439ad1ba1f1b8ef1220893b5abd191cb2596ed83b1aa1db735c,9481656,0x24FD7B3Cb367705aC82246f375Dc94AE62e84cEa,0x03C66CB1826BDB0395BF31E68Bf7E873e9564fFB,0.0,0.001,confirmed
2025-10-24T17:56:42.075961,ethereum_tx,0xf11164686301099f90f61864e27a31b560aa96f56c82e3f58aa4b63c482283d9,9481656,0x0Ba98B78fd93721879e92963C1ea31401171CC41,0x87A3effB84CBE1E4caB6Ab430139eC41d156D55A,0.000988,0.001,confirmed
2025-10-24T17:56:42.075961,ethereum_tx,0xa2525d9ba69e185941fd558079e5eba798e1c30a162520c5d28f1258832393bf,9481656,0x1930b2549068B76823a8399Ec303944210215Ed1,0x03C66CB1826BDB0395BF31E68Bf7E873e9564fFB,0.0,0.001,confirmed
2025-10-24T17:56:42.075961,ethereum_tx,0x4e5900c53f9e79cc369d8bfa39aba56e01848f1c88d55589ef9883737099c3a0,9481656,0x8a08E476939eBfF3b17D1055F3Ca15B8f2985fbf,0x03C66CB1826BDB0395BF31E68Bf7E873e9564fFB,0.0,0.001,confirmed
2025-10-24T17:56:42.075961,ethereum_tx,0x1102abdcfa0d7171cd0d195e14d6221e108b80dfa1d7790b9281b8c50491dcef,9481656,0xcc7365f320B45907ea062b5fdf2a3335642ce483,0x03C66CB1826BDB0395BF31E68Bf7E873e9564fFB,0.0,0.001,confirmed
2025-10-24T17:56:42.075961,ethereum_tx,0x4373d4798024cc6297b1f69db002cd26a833e7a69eec3a42be9c1716c23d7aac,9481656,0xb3Fb53Aec32a7B31e21d155364E7A7eE9c20A39f,0x87A3effB84CBE1E4caB6Ab430139eC41d156D55A,0.0,0.001,confirmed
2025-10-24T17:56:42.075961,ethereum_tx,0xde88a77601576a877e96dec1c26ed4abcb99801662f65b896fc848baa8f11d62,9481656,0xcD12Ed9b63603bc9685Cda552c0156d9b297b41F,0x87A3effB84CBE1E4caB6Ab430139eC41d156D55A,0.0,0.001,confirmed
2025-10-24T17:56:42.075961,ethereum_tx,0xcebe8ea5e3a456322b8955a592b4a8254d228ac5df2a92c38ac98e530ce60d1a,9481656,0x1fFD7C562335D06D5439E40Ca3d5c04a708B63A5,0xEA0A0f1EfB1088F4ff0Def03741Cb2C64F89361E,0.0,0.001,confirmed
2025-10-24T17:56:42.075961,ethereum_tx,0x0a47953df0d065c32650f15b97f88971a79bc89948ca330a35d8e63826bece0a,9481656,0x0B0e2673A1CE96a115c2c53e1304eD4640294856,0x08d2b0a37F869FF76BACB5Bab3278E26ab7067B7,3e-07,0.001,confirmed
2025-10-24T17:56:42.075961,ethereum_tx,0xa32571491059ab6c265ac731d02041cb99e8955936b637bda7aa5fee3932a8d1,9481656,0x0B0e2673A1CE96a115c2c53e1304eD4640294856,0x08d2b0a37F869FF76BACB5Bab3278E26ab7067B7,3e-06,0.001,confirmed
2025-10-24T17:56:42.075961,ethereum_tx,0xa40d87491591a4c2710ae31305453496fdc8af3776c2554631d99c3d304e6193,9481656,0x0B0e2673A1CE96a115c2c53e1304eD4640294856,0x08d2b0a37F869FF76BACB5Bab3278E26ab7067B7,2e-07,0.001,confirmed
2025-10-24T17:56:42.075961,ethereum_tx,0x71ac7dd98bc9ac719092e4bdfa2386600d89187bdaded117a1778ae9b7a6c58e,9481656,0x0B0e2673A1CE96a115c2c53e1304eD4640294856,0x08d2b0a37F869FF76BACB5Bab3278E26ab7067B7,3e-06,0.001,confirmed
2025-10-24T17:56:42.075961,ethereum_tx,0x64d87368bd843b26897b937b27efb9653f299ebeb83c8fd7dcb5876587b06d54,9481656,0xED7378B2eCeF54536339f6E029accF40D873Dfcb,0x4F627C845dEf67E72f3dB57F85003B4539D7371E,0.0,0.001,confirmed
2025-10-24T17:56:42.075961,ethereum_tx,0xc0cb9e3a530b62cf0816f84c72c0c0c59d5ef0e58866e2581569845bea1d6e10,9481656,0xd7db685f44CCDe17C966A16528d94942b497EBfE,0x00000008bcf12Eeb9E4162687D6D251f0F4e7FC2,0.0,0.001,confirmed
2025-10-24T17:56:42.075961,ethereum_tx,0xf398715c3cf064e88d392c7bb98324a6275ba9c4b1dbe3ea084b48c8d84dcfc7,9481656,0x660510de8473d0F15F45A42aD4B2E231F426c6F1,0x08d2b0a37F869FF76BACB5Bab3278E26ab7067B7,3.1e-05,0.001,confirmed
2025-10-24T17:56:42.075961,ethereum_tx,0x92c431d7cd5019bd1d5a564f4e6f3d7c69d4fddd2c27502e4ab5cbbf27996ea9,9481656,0x660510de8473d0F15F45A42aD4B2E231F426c6F1,0x08d2b0a37F869FF76BACB5Bab3278E26ab7067B7,3.88e-05,0.001,confirmed
2025-10-24T17:56:42.075961,ethereum_tx,0x74672d8b15025b832ff30cee88362af6d7e6113de76fd327c58d8fc4348aa0ba,9481656,0x4d04cEEF3F58Ee6Daad60f30950225ce2f1aE50A,0x08d2b0a37F869FF76BACB5Bab3278E26ab7067B7,5.92e-05,0.001,confirmed
2025-10-24T17:56:42.075961,ethereum_tx,0xa5a0bce5ab66914ee2df6f1f33394fe494ce53294dcfbf04c619798206e9d49e,9481656,0xDd89a3Eb287F3af484393547595e2ef435ADA2A5,0x08d2b0a37F869FF76BACB5Bab3278E26ab7067B7,6.44e-05,0.001,confirmed
2025-10-24T17:56:42.075961,ethereum_tx,0xd4a662287781381737c350232a2aec23f8cf22dfabf5528f424637020e051414,9481656,0xDd89a3Eb287F3af484393547595e2ef435ADA2A5,0x08d2b0a37F869FF76BACB5Bab3278E26ab7067B7,2.86e-05,0.001,confirmed
2025-10-24T17:56:42.075961,ethereum_tx,0x9b866e1c6f378625dab2732894cb24c92888c5dea69512f2be59902a8e9d862c,9481656,0xf4B2Ea58F3cc0390d9e2Ccd8aC01A0C505343655,0x08d2b0a37F869FF76BACB5Bab3278E26ab7067B7,6.22e-05,0.001,confirmed
2025-10-24T17:56:42.075961,ethereum_tx,0xc8120f9703eafa53e56f03ed4f399ba1e252c0f0a2ee198be2b888f390c6fffa,9481656,0xf4B2Ea58F3cc0390d9e2Ccd8aC01A0C505343655,0x08d2b0a37F869FF76BACB5Bab3278E26ab7067B7,4.56e-05,0.001,confirmed
2025-10-24T17:56:42.075961,ethereum_tx,0x73164898244ea3e537f9838c0acdf51bea12aa085de7b8a7c582ddb6165c4249,9481656,0x168d110180E2992e7c23ae4BEA7581EC591187bd,0x08d2b0a37F869FF76BACB5Bab3278E26ab7067B7,3e-05,0.001,confirmed
2025-10-24T17:56:42.075961,ethereum_tx,0x9c2e4b37210fcb65dc58b5f4e3dd47ef630cdaba3b99cc902ca96ed35bab5eee,9481656,0x976C95e6fE5D39e0b1daB5Beeb927Fe849418607,0x08d2b0a37F869FF76BACB5Bab3278E26ab7067B7,3e-05,0.001,confirmed
2025-10-24T17:56:42.075961,ethereum_tx,0x9cd0f2e63ad48ed1e6cec06bea027d9aaaae435db3f8084dd5fc4bf8278ead50,9481656,0xE6e5dA74624884FBa5D34b1304c1B7a501a94b45,0x08d2b0a37F869FF76BACB5Bab3278E26ab7067B7,0.00515,0.001,confirmed
2025-10-24T17:56:42.075961,ethereum_tx,0xa56d13ee7e44b76267c6ab160f7cc875b090704ca6bd415d6c970854b4c5eab6,9481656,0x29606516866289A0cF138aBf2368b56738b07888,0x2c02c4F3DB094788bdb60C093D96F834F0FB4bcE,0.001501928395563895,0.001,confirmed
2025-10-24T17:56:42.075961,ethereum_tx,0x85659215c8d18478eef83ea8cdb06d31e99cf630a7523a771c2c45b23f517228,9481656,0x6755476D36750D696B33543df7CBEEfB68480d9A,0x2c02c4F3DB094788bdb60C093D96F834F0FB4bcE,3.0646409217285053,0.001,confirmed
2025-10-24T17:56:42.075961,ethereum_tx,0x41d91dea3365985779ed3d10cefa89406c520036fd916d325fd69f1d89cd0819,9481656,0x8Bd703add6b2daeFb353d3D2188AA6C75A7cC47D,0x956962C34687A954e611A83619ABaA37Ce6bC78A,1e-06,0.001,confirmed
2025-10-24T17:56:42.075961,ethereum_tx,0xc2a9d797e4724f164d890dfb828093e6123713c826fe21f63cf7543c0793472a,9481656,0x0BC7579deF082DEE28c3A609Aa00601D0Ed31314,0x956962C34687A954e611A83619ABaA37Ce6bC78A,1e-06,0.001,confirmed
2025-10-24T17:56:42.075961,ethereum_tx,0xca869f1569bea96b1c75c690f9c6625142887bb191896f57a604a7687e7b9e5f,9481656,0xe9aFfD80643ED192f6139ed367F1df0EB11e4C7E,0xA8427088AB90Da02E40deFF559510bCB0f1CD11b,0.000999979,0.001,confirmed
2025-10-24T17:56:42.075961,ethereum_tx,0xc3394e96b726b86f7769b6de50ea400d80705a5f739d91f106145d36541d6c5f,9481656,0xD486C2a23594b4Eff21A65198a8a6D5BFe65D260,0x956962C34687A954e611A83619ABaA37Ce6bC78A,3e-06,0.001,confirmed
2025-10-24T17:56:42.075961,ethereum_tx,0x1fef8dc4dcbcc7fd176bd367b6105c2edfd575b048613e06950c29be19e410c8,9481656,0xAA2cc60591207b1ddf1d9520c9d38e71180fF7B7,0x956962C34687A954e611A83619ABaA37Ce6bC78A,1e-06,0.001,confirmed
2025-10-24T17:56:42.075961,ethereum_tx,0x028544f93def218fdefd925df02b99c77ef57e8eb53421fc5590b6c55caee056,9481656,0x97Cd76d486f91bFCB00231BC1bD107A829804fa4,0x956962C34687A954e611A83619ABaA37Ce6bC78A,1e-06,0.001,confirmed
2025-10-24T17:56:42.075961,ethereum_tx,0x2f15e09cbc99dcf823229f7ca461fdd0b1161a2929eb8848fac1caea39f8da6b,9481656,0x24dD393E8b8b2aa87Fe6Bfb2E5777D4D9e9BE0e9,0x87A3effB84CBE1E4caB6Ab430139eC41d156D55A,0.0,0.001,confirmed
2025-10-24T17:56:42.075961,ethereum_tx,0x78502abc401ca54d22bdcf2f20bd3b273148b5d234513d852ba038b584d8b4ea,9481656,0x0aCBA522B61B42473adFf0BBF3Cf1Effc8806Aac,0xDbf3E11a3Ccf7533262caE904Dd2120628a5f955,0.000999979,0.001,confirmed
2025-10-24T17:56:42.075961,ethereum_tx,0x02be1563e879188f0f620c7b65a91df851e8153efd295cb0301ee37ced63707d,9481656,0x4c48843bA41961262F6449e5d21fE0759DeB8c31,0xA8427088AB90Da02E40deFF559510bCB0f1CD11b,0.000999979,0.001,confirmed
2025-10-24T17:56:42.075961,ethereum_tx,0x55b4091476af64f5bbbe4b88aeafbdfa025ca2d58a52cef3ac4a9c0d694589ce,9481656,0xab611e4A07BC92e9160faf3951E1389e6B7c49a7,0xA8427088AB90Da02E40deFF559510bCB0f1CD11b,0.000999979,0.001,confirmed
2025-10-24T17:56:42.075961,ethereum_tx,0x1e24d03b40086aeb0efd636443c7850fa71fb6ed4d8834839777304e6d1236c4,9481656,0x164CcBa528d0a7d53ec6370af5D70Fb4D47993EF,0xA8427088AB90Da02E40deFF559510bCB0f1CD11b,0.000999979,0.001,confirmed
2025-10-24T17:56:42.075961,ethereum_tx,0x81139f4ead8d481bd4a1c3206d0ccf3de64045d41570cb60bd072e45c55bd073,9481656,0x0D5BDAd21E8C439033e705F8907947f730D1ce84,0x956962C34687A954e611A83619ABaA37Ce6bC78A,1e-07,0.001,confirmed
2025-10-24T17:56:42.075961,ethereum_tx,0xd8305a081555ae8f88be80acb4df48e4b22d5eda6df00c998775002627aa9349,9481656,0x65367E1A2584abCA637E4bB4B3EaCc307d81a9A8,0x956962C34687A954e611A83619ABaA37Ce6bC78A,1e-07,0.001,confirmed
2025-10-24T17:56:42.075961,ethereum_tx,0x0cd1a2198f86df0f91bdda833e5c25a1054637d142aaafadfd97f8c44d05255b,9481656,0xA1AF343a63056B1CBcDb008e1c67AF87B28e420a,0x956962C34687A954e611A83619ABaA37Ce6bC78A,1e-07,0.001,confirmed
2025-10-24T17:56:42.075961,ethereum_tx,0x42267cb35c2a8ee6bb9b4f37ee6e4c4d5bf5df511bcce6e1eba5a0d6a07b4846,9481656,0x993bFA8Ced35d5b16e3B10e561F99d44B8C0C0EB,0x956962C34687A954e611A83619ABaA37Ce6bC78A,1e-06,0.001,confirmed
2025-10-24T17:56:42.075961,ethereum_tx,0x144f299d4c40b7b25eaca814dc67422840728320f9bb99628b70b534e152f21e,9481656,0x131356a891d2Ad02CaD13ED38A2e973C1C65F314,0x956962C34687A954e611A83619ABaA37Ce6bC78A,1e-07,0.001,confirmed
2025-10-24T17:56:42.075961,ethereum_tx,0xe5dd46f6fc5f3eadaaa4e036a91a2aa30b59a75601429ce77d26656989a3e14d,9481656,0x5CD3C4Da12935e3162EE390B2d7660A23D6a12C0,0x956962C34687A954e611A83619ABaA37Ce6bC78A,1e-07,0.001,confirmed
2025-10-24T17:56:42.075961,ethereum_tx,0xa6182feb3221136e0110e68144d66128c50e8011e3f6334c7552a70129984859,9481656,0x828D8964D97564075c76d681A001C1336a2397aD,0x956962C34687A954e611A83619ABaA37Ce6bC78A,1e-07,0.001,confirmed
2025-10-24T17:56:42.075961,ethereum_tx,0xad10e5ed7ac4d8b6b0537ffffd5b6b6909e0a6dd65a42213d2c46bab36e57a71,9481656,0x05a53cD91a4946DE2a615d129bE71823F0Bbd6E8,0x956962C34687A954e611A83619ABaA37Ce6bC78A,1e-06,0.001,confirmed
2025-10-24T17:56:42.075961,ethereum_tx,0x28d0a51d0cf2aefb6eca60287e62fd13aa9a7ed286f767112dd8ee27c0337e8e,9481656,0x1B00F502084868ef2Bdd664AAFC643a1B130A233,0x956962C34687A954e611A83619ABaA37Ce6bC78A,1e-07,0.001,confirmed
2025-10-24T17:56:42.075961,ethereum_tx,0x1a0b17bdbada739af903c1b83c8027982fef951b663c5bb9a7e4e614078e8337,9481656,0x874EceDe87C63D40FE64fe1115BD0EFCFcDe91FC,0x956962C34687A954e611A83619ABaA37Ce6bC78A,1e-06,0.001,confirmed
2025-10-24T17:56:42.075961,ethereum_tx,0x4f4b70c35c13a2110f6693f280a6d0d80f07b9fb177e372286a1447f3e23a040,9481656,0x7bf2C575E6Bc6813DF4018d4765d65A1504DD9bF,0x956962C34687A954e611A83619ABaA37Ce6bC78A,1e-07,0.001,confirmed
2025-10-24T17:56:42.075961,ethereum_tx,0xb89b655f581494a11eb0f39f0b84e0994f66b4c2cee3dbe5014b4adcb8adeb84,9481656,0x15D64a430Bb317Cab19B9E4b427a019Ebc1e7Fa1,0x956962C34687A954e611A83619ABaA37Ce6bC78A,1e-06,0.001,confirmed
2025-10-24T17:56:42.075961,ethereum_tx,0xc602920f906f7404f5835c48625c78e941f8931d2ff76f86401de59b5547b55c,9481656,0x507b253B24F7a27F0D3329bF166e526e2185De95,0xA8427088AB90Da02E40deFF559510bCB0f1CD11b,0.000999979,0.001,confirmed
2025-10-24T17:56:42.075961,ethereum_tx,0x2d56c6794af8922a49501a881e8cc7ccba368b538ae39760e953ce3cebc01aba,9481656,0xE42d95438E1C24264e59Ce64758f5979F1e8E859,0xA8427088AB90Da02E40deFF559510bCB0f1CD11b,0.000999979,0.001,confirmed
2025-10-24T17:56:42.075961,ethereum_tx,0x94188cd2936e8098cafbbb67afe3e0d4e633192c8dcf390700cd0b7ffb72fa0e,9481656,0x32640cF6d83910fe2921A50316A2A6289d4087A3,0xA8427088AB90Da02E40deFF559510bCB0f1CD11b,0.000999979,0.001,confirmed
2025-10-24T17:56:42.075961,ethereum_tx,0xdbc44ad919fef395b35e7155662683e67f2723e68866609314c310497db91c6d,9481656,0x79ce30e036A1a3A9b2C6960eAa552892ca8aF4fd,0xA8427088AB90Da02E40deFF559510bCB0f1CD11b,0.000999979,0.001,confirmed
2025-10-24T17:56:42.075961,ethereum_tx,0x90180a7e08d10079b64c7dc7e74ffcc31c70e4b7407743a063782ff8c1b7dc1e,9481656,0x4E8BbCC7398Ce527a5cfF321af4bA5dF3802B589,0xAd944D0ce520782C9bf28a2e75b8D8797091A1C4,6.19e-06,0.001,confirmed
2025-10-24T17:56:42.075961,ethereum_tx,0x176bbe9c46699968e30026dd1445b5b83c2c72ebec9c984d21943b4abe77f5ca,9481656,0x22eF655e70e2C810F5F475B2740F0E01fD57e626,0x956962C34687A954e611A83619ABaA37Ce6bC78A,1e-10,0.001,confirmed
2025-10-24T17:56:42.075961,ethereum_tx,0x06273ad81bff4612c821685a7cb85651132deab708840cfb21115c01bc0b1dfb,9481656,0xfdEB572BACbFB20Fe009aB7319C8A26bB1dC41e2,0x956962C34687A954e611A83619ABaA37Ce6bC78A,1e-06,0.001,confirmed
2025-10-24T17:56:42.075961,ethereum_tx,0x73b9095e0e104a2080ddff7c987c6e3c11c951505f0736204bb48b5d279bdc38,9481656,0xc1b0365EDc276a589131765d508711fb6d0D732c,0x956962C34687A954e611A83619ABaA37Ce6bC78A,1e-07,0.001,confirmed
2025-10-24T17:56:42.075961,ethereum_tx,0x9017485b35cc4e1102da862e15f52a59669518154fe1ce4c11f634dd76cb8896,9481656,0x5e05065E0b888229FeF3dB32E04762f4DA663638,0x956962C34687A954e611A83619ABaA37Ce6bC78A,1e-06,0.001,confirmed
2025-10-24T17:56:42.075961,ethereum_tx,0xa4abfe9478022b3212c21abfd7da3f7dcb2e52962a18c8bbd7cfe41ad0a12604,9481656,0x00A20990729B2bd33a048dDB05139fFAf252Da91,0x956962C34687A954e611A83619ABaA37Ce6bC78A,1e-06,0.001,confirmed
2025-10-24T17:56:42.075961,ethereum_tx,0x097c93ae0c7bd01cceea5c4aaa0b1956b476eaf4b2b800d91ad40e228b5cc7e1,9481656,0xeC3221F510cFFCC86E0cbb02Dd5A6FEb9EEBA608,0x956962C34687A954e611A83619ABaA37Ce6bC78A,1e-07,0.001,confirmed
2025-10-24T17:56:42.075961,ethereum_tx,0x81565f270637d4274926406c44f7ed8577a0b972e63b73224e2912f6f02a9a9e,9481656,0xCB2154Ea2C2470361442F69EC57E8df772ad4521,0x956962C34687A954e611A83619ABaA37Ce6bC78A,1e-07,0.001,confirmed
2025-10-24T17:56:42.075961,ethereum_tx,0x4d015ef26efbab596f49fae7f1210d4a984f22cd910093a084fdf51d341c4c4d,9481656,0x78FfaCe2CB28B23c98ecB1FbB74863613C5c5F66,0x853758425e953739F5438fd6fd0Efe04A477b039,0.0001,0.001,confirmed
2025-10-24T17:56:42.075961,ethereum_tx,0x01e6103edd29712277e7d07413a2a7bc15e6bbe6e6f565a32a474f144e990b8d,9481656,0x56723acfaC076C8d5C36F8056E2Be9DF659C3b14,0x853758425e953739F5438fd6fd0Efe04A477b039,0.0001,0.001,confirmed
2025-10-24T17:56:42.075961,ethereum_tx,0xf991295f5a2ff54320cea4ff63e9d95c22565d7c840a75495b2898a1a652389d,9481656,0x3DFA664c6E5E46aF399C2612054607EB1E94c6bB,0x853758425e953739F5438fd6fd0Efe04A477b039,0.0001,0.001,confirmed
2025-10-24T17:56:42.075961,ethereum_tx,0x125670d8028426b85b2c617f57548937e95104546b453bc11c5d51b99e83ba6d,9481656,0xD08a5A94a086a831c2Eb08B93cAB4Ff054182da7,0x853758425e953739F5438fd6fd0Efe04A477b039,0.0001,0.001,confirmed
2025-10-24T17:56:42.075961,ethereum_tx,0xc5edaaa9d25f9464a39d9176322a85b4e664172a256d57f9804175818fec7bfb,9481656,0xbd9fd62b549b792Cc223E11F4DCF9F873691A600,0x853758425e953739F5438fd6fd0Efe04A477b039,0.0001,0.001,confirmed
2025-10-24T17:56:42.075961,ethereum_tx,0x03ad4a8829372de4def49a0e1da3aba18d01644a6c35400284a14127c402164e,9481656,0x70F9d4C312f6D59154ac747473D70B9F196D6DBC,0x853758425e953739F5438fd6fd0Efe04A477b039,0.0001,0.001,confirmed
2025-10-24T17:56:42.075961,ethereum_tx,0xb5677a282e765d4e63310e8f7e199a45d928e77769b60f8a8a5092eee185f974,9481656,0xaD2e1cD0c52d8B57d23eba4B0b3156F0540db115,0x956962C34687A954e611A83619ABaA37Ce6bC78A,1e-05,0.001,confirmed
2025-10-24T17:56:42.075961,ethereum_tx,0xe4c99616534331f545eacb336ac006e28ac7ba22f4fc73fe4807d260db3206c2,9481656,0x85Ef547dF1df741e852e879A10f8d5D192E1EB01,0x956962C34687A954e611A83619ABaA37Ce6bC78A,1e-06,0.001,confirmed
2025-10-24T17:56:42.075961,ethereum_tx,0x9f784253448d995b50781a739581fcc4b08f31a6b8d7fc54795c0178efcc1562,9481656,0x3c61f4119DA8d62b1C67B5962eFEd70390eDB910,0x9A3e5153E7642913d007C0685938010011A865C7,0.0,0.001,confirmed
2025-10-24T17:56:42.075961,ethereum_tx,0x6103e81582e0d3c5fa7f24483523b0268bfde0a96950271807b6909710d2d427,9481656,0xFD8158b4feFf7A4b5b19Dd5814BFd7360d4216Fd,0xA8427088AB90Da02E40deFF559510bCB0f1CD11b,0.000999979,0.001,confirmed
2025-10-24T17:56:42.075961,ethereum_tx,0xcfefd601533f23bcbd30f33f7482aac49ec64389a20a6642573acc0521b754a1,9481656,0xebe5FC171d8d092513A85BFD7F6463AaB6dfB310,0xA8427088AB90Da02E40deFF559510bCB0f1CD11b,0.000999979,0.001,confirmed
2025-10-24T17:56:42.075961,ethereum_tx,0x2cd7360dd75046959f05e062effaef864d050b91bc61b37dbef0b4515fb4fea5,9481656,0x5c32A56626396D665ea0A976052a6800e6E6d0DD,0xAB836B4D1FeEbD72040fC3FDa22A44F80b41De79,0.000999979,0.001,confirmed
2025-10-24T17:56:42.075961,ethereum_tx,0x817fc5f4d6a5859e96592d3e728ba1d9c8ebf0ba23e664e126889c16ebfe062a,9481656,0x4F0b405Eca6Fd480494F84c7504549e4718b8784,0xA8427088AB90Da02E40deFF559510bCB0f1CD11b,0.000999979,0.001,confirmed
2025-10-24T17:56:42.075961,ethereum_tx,0xa61b470eacf57e83dfb8b71767e207b19facc1a5b3d814c2c162341197a6ecb8,9481656,0x5C51F5AcD95200a6A85aFB4C4E3406878472ba08,0xA8427088AB90Da02E40deFF559510bCB0f1CD11b,0.000999979,0.001,confirmed
2025-10-24T17:56:42.075961,ethereum_tx,0x7c018a79c574edff2f9a651c4bdb237ecf14e57182e881f2c45ab8a939bd3497,9481656,0x00B6a013bad4fb31590A5002D94c968c65B6e138,0xA8427088AB90Da02E40deFF559510bCB0f1CD11b,0.000999979,0.001,confirmed
2025-10-24T17:56:42.075961,ethereum_tx,0xbb21b4452195e4e70a0cda12159920fd352853decb00a2a83acc45b0b9de87fb,9481656,0x7c03A2b4f87978257D2D999dDdC43beE738f5e35,0xA8427088AB90Da02E40deFF559510bCB0f1CD11b,0.000999979,0.001,confirmed
2025-10-24T17:56:42.075961,ethereum_tx,0xb601149df24cab8b4a89089dd232992fcea19da975203cb1e1c46f12b98e40cd,9481656,0x37960E62cfAc522636978E10b494F544AE65f757,0xDbf3E11a3Ccf7533262caE904Dd2120628a5f955,0.000999979,0.001,confirmed
2025-10-24T17:56:42.075961,ethereum_tx,0xbb49000b8ca6fabf8fc23742b7196766b9b538436768c32c85d02c1f7aedec38,9481656,0x6e683f1ae013Be5426EE7e394cae4f7836619c05,0xA8427088AB90Da02E40deFF559510bCB0f1CD11b,0.000999979,0.001,confirmed
2025-10-24T17:56:42.075961,ethereum_tx,0x778ef02f521d88e457dc9fe16b8bd7123f1d4b2597e42649f6cf95ada2dd879b,9481656,0x0D44c09dbBB519D6826CBa81A9dB9942AA371D0e,0xA8427088AB90Da02E40deFF559510bCB0f1CD11b,0.000999979,0.001,confirmed
2025-10-24T17:56:42.075961,ethereum_tx,0x0e4dd0a53fffdc96fb1061a7394d3caaaee981e226a8f76198af9075d49e82cd,9481656,0x86998d563F47e9cC192be06a5701b1602C441140,0x956962C34687A954e611A83619ABaA37Ce6bC78A,0.001,0.001,confirmed
2025-10-24T17:56:42.075961,ethereum_tx,0x49db672d653bf3d98d26eea747b4fec898c029184dce9f28a6cae194d3ba84ae,9481656,0xcB499cf9d71FBD345e9BF8A37434e5C92d290Efc,0xb3975b4294ed871013d2B47ADe5da9015Df5C54a,0.0,0.001,confirmed
2025-10-24T17:56:42.075961,ethereum_tx,0x4268b38756dc311295681c979c240019d0646ca7daf8ab345904161361a1fb2b,9481656,0x26cDc7A5B7b2411e1fE3fe1b486210E2227Bf7Ca,0x956962C34687A954e611A83619ABaA37Ce6bC78A,0.0001,0.001,confirmed
2025-10-24T17:56:42.075961,ethereum_tx,0x5c9cc570af5e52188b346092901a8ae8fd11b56676d9fada8ceab6011220235d,9481656,0x78Ae12562527B865DD1a06784a2b06dbe1A3C7AF,,0.0,0.001,confirmed
2025-10-24T17:56:42.075961,ethereum_tx,0xee1ad3db11d04369b76f748b1d2fc5bd76da19b33ed4ad81aa984ef346d016de,9481656,0xdcC8dB3296eA8bAF6a7Ae681f4a47CDfEB1A61bD,0x329630163D90404ae55D11BE8Cc76B0479555282,0.0,0.001,confirmed
2025-10-24T17:56:42.075961,ethereum_tx,0x34eb36a8d00a9b637a0b45a41ff6a7a27affda57d40cefc249bb2441bd8427ef,9481656,0x10164Aa73bC32eD0a077E91b699200e11004790d,0x956962C34687A954e611A83619ABaA37Ce6bC78A,0.0002,0.001,confirmed
2025-10-24T17:56:42.075961,ethereum_tx,0x3c3abfd535345f77ddd4e3b9df5b1723a7ad687366f20fb40a31b2bbbe151132,9481656,0xa9A4f8f0BD0E38AeA4B6a24d43dA93D0936eAFc9,0x956962C34687A954e611A83619ABaA37Ce6bC78A,0.0001,0.001,confirmed
2025-10-24T17:56:42.075961,ethereum_tx,0xd1969a28137f68b93e1e15f14bc6997d140e4ddaf97060475e12006cae283c05,9481656,0x46FF4A07912BBcC95329aCdC521B3E6B8F8e2Dc3,0x69dEa948b0E78951f529E3c67D8Fbf151Dc229D5,0.000999979,0.001,confirmed
2025-10-24T17:56:42.075961,ethereum_tx,0x81f5a6d1956bdaa929e6e0ace44bd357cfe828f4bb2d7d9d1326e30731c7b88a,9481656,0x7D58DfEbffe0A279e9cAE7c0CeDEf649E276e642,0x956962C34687A954e611A83619ABaA37Ce6bC78A,0.0001,0.001,confirmed
2025-10-24T17:56:42.075961,ethereum_tx,0xd60112acc1ec8ea610c0617884c1adf7961f0bc12a1e77e60c9d7e54b90ae515,9481656,0xCDe41469a914F5Df52C601Df6fDc493E1dB3EeB4,0x956962C34687A954e611A83619ABaA37Ce6bC78A,0.0001,0.001,confirmed
2025-10-24T17:56:42.075961,ethereum_tx,0xedc4ecc47371f3e734ab7b88941a8a024aeef0c3439e903a8d00f68e697b5c04,9481656,0x09dA544CA3AdE7b5AA7a28477d6f1959B0647ad9,0x956962C34687A954e611A83619ABaA37Ce6bC78A,0.0001,0.001,confirmed
2025-10-24T17:56:42.075961,ethereum_tx,0xaeb1ee94f1766ade657cad3ffba13adaec9f3c2cd4f497261a7d57e4ee708a06,9481656,0x0835a809F7353D260FFeacC68AD31B60F006849d,0x956962C34687A954e611A83619ABaA37Ce6bC78A,0.00012,0.001,confirmed
2025-10-24T17:56:42.075961,ethereum_tx,0x056329312aaec266a285bea4c218dc7cb19dc4dc93b0e14e972d19b966afecb0,9481656,0x9C8FaA60ac71ad698FA1E9ba77C7F409eF4834cf,0x956962C34687A954e611A83619ABaA37Ce6bC78A,0.000132,0.001,confirmed
2025-10-24T17:56:42.075961,ethereum_tx,0x7e4b73e4ccd97d377901934910eafeef8ce43d15bf882079b5701fd1e9466d76,9481656,0x7afEc1252f5C7b317505aB379Bb888CbD07e6659,0x956962C34687A954e611A83619ABaA37Ce6bC78A,0.0002,0.001,confirmed
2025-10-24T17:56:42.075961,ethereum_tx,0x1dd69b2e93ede3f30ac23948eeaeaa5d6fe04c031764babc0d5d342b22992085,9481656,0x553414E1e58EEd43936eAF873D91b16D23a2a809,0x853758425e953739F5438fd6fd0Efe04A477b039,0.0001,0.001,confirmed
2025-10-24T17:56:42.075961,ethereum_tx,0xfe02c38481657c1caa033007082a02d9da6835004fd0c98626c731d8123e07fe,9481656,0x099BA97a37FA019c064a2517026e3c2Ea8DB9964,0xF6e7F84d9cee738ec59c08B7a7260152C236813a,0.0,0.001,confirmed
2025-10-24T17:56:42.075961,ethereum_tx,0xc9278c423f04316728dd47fcd8db3134500edd96ce90accb80f7ab927f0a90b2,9481656,0x95428FeA02C3FD130D8a545E49e22caeBEc85B6f,0x853758425e953739F5438fd6fd0Efe04A477b039,0.0001,0.001,confirmed
2025-10-24T17:56:42.075961,ethereum_tx,0x3751908ed37b6894615f2a4c0a0a23200b059d9bb34b9ddc05f92ed853130ecf,9481656,0x0Af5254180351A7D1c4FCA40671538fB2aB9e672,0x956962C34687A954e611A83619ABaA37Ce6bC78A,0.0001,0.001,confirmed
2025-10-24T17:56:42.075961,ethereum_tx,0xf72b4981a2e0fefbe0973da46600efec16436de4fdd4c437ebb353d84a9b1771,9481656,0x2bF78d2268Ed1776E41323D6A5aE694d8c8F7968,0x956962C34687A954e611A83619ABaA37Ce6bC78A,0.0001,0.001,confirmed
2025-10-24T17:56:42.075961,ethereum_tx,0xa4cee176d45de62bd84292445971674423eddf8b0a1d94ac16c99445c7f6d61d,9481656,0x71A6D6a1ca08FFC667F85050f72d9aAE327Aa29A,0x71A6D6a1ca08FFC667F85050f72d9aAE327Aa29A,8.5e-05,0.001,confirmed
2025-10-24T17:56:42.075961,ethereum_tx,0xa37a086b1e8195d71823e58d51eb24bef518b28eb8073e4d936d1fb3ede2de09,9481656,0x6d50EDC485a5c5C8E57e45994de1C8f8A11A7cee,0xcfD5dDc974005CDfCE04286a4E96a28Bb9366b8c,1.5e-05,0.001,confirmed
2025-10-24T17:56:42.075961,ethereum_tx,0xe4c6031d42f1f7bb70cf870ef3746dea4982fd039d7813f6ee13b2a0b02ce423,9481656,0x13e6009357AF52E7D564b5914aa97719C8304A28,0x956962C34687A954e611A83619ABaA37Ce6bC78A,1e-05,0.001,confirmed
2025-10-24T17:56:42.075961,ethereum_tx,0x3576a53fde96f552800d3f93abad6bf5a36062fdc1bf07c9ba9d190837483319,9481656,0x8356B1EE8Ab99dE3583F0A01e2d247959B665173,0x956962C34687A954e611A83619ABaA37Ce6bC78A,1e-07,0.001,confirmed
2025-10-24T17:56:42.075961,ethereum_tx,0x3e583e9edfcbe1c920a9683e9613ca0903f019458d3bf981a7fee3bdf4d2ae1a,9481656,0xE232521803e53509E75A8DD8e8C9db2d56Ae70C0,0x04Fd524825e80dC8a8E63c778ADb46CEe91A02e3,0.001,0.001,confirmed
2025-10-24T17:56:42.075961,ethereum_tx,0x080bae07b15544a419de103c10b9bde1a57eea8c1b12c57ecde98c3ff0031d2f,9481656,0x94B794E59838De302CCf043d1c7C5E14fc6473A1,0x956962C34687A954e611A83619ABaA37Ce6bC78A,1e-07,0.001,confirmed
2025-10-24T17:56:42.075961,ethereum_tx,0x673320f1fc7e0675385488e9ae8458cf8db0241cf7511a888e62e4209b081447,9481656,0xff8e386D89249068195c8B8f19d53DA032Cc767B,0x956962C34687A954e611A83619ABaA37Ce6bC78A,0.0001,0.001,confirmed
2025-10-24T17:56:42.075961,ethereum_tx,0x24b0189d7f66ae06eeeda38143b72f789191bd9a3ad7ace0b985c55e93c07309,9481656,0xE4072D84A3f761C300eF6d7dFB7E9e87e3296eec,0xFeD59209D941e99DF011F43a3e463Ed6C1DE5688,0.0,0.001,confirmed
2025-10-24T17:56:42.075961,ethereum_tx,0x99490751c096a0e25df9f83a741bfe609c44419505ea137cea327418a399072b,9481656,0xE4072D84A3f761C300eF6d7dFB7E9e87e3296eec,0xFeD59209D941e99DF011F43a3e463Ed6C1DE5688,0.0,0.001,confirmed
2025-10-24T17:56:42.075961,ethereum_tx,0x2f534e0d5134a3c3dbb9cc3c2c65bc5e77ed12e933df44f893a7e43c8caf6232,9481656,0xDA4bc6D9f9E8676502538C7476901CB4c891bc04,0x956962C34687A954e611A83619ABaA37Ce6bC78A,1e-07,0.001,confirmed
2025-10-24T17:56:42.075961,ethereum_tx,0x335151803cd84dbfcd57fde9e30207a81cc9872c16dbc0464c6b918433bf2029,9481656,0xB0752cCA8b78aAB13eA9bE15f9C2b88Fd8B6F043,0x956962C34687A954e611A83619ABaA37Ce6bC78A,1e-07,0.001,confirmed
2025-10-24T17:56:42.075961,ethereum_tx,0xafdaebf76405dfc8155f2170a74485a4b91c64e63d72c07975c4dbaab0093ee6,9481656,0x9aeCf44E36f20DC407d1A580630c9a2419912dcB,0x89BA0Ed947a88fe43c22Ae305C0713eC8a7Eb361,0.0,0.001,confirmed
2025-10-24T17:56:42.075961,ethereum_tx,0x52c1e1c782313d6b4a78936002561ccb45fecbd2748e7b578bd717ce0c049124,9481656,0xd756119012CcabBC59910dE0ecEbE406B5b952bE,0xADF5aadbe080819209BF641fDf03748bb495c6f3,0.0,0.001,confirmed
2025-10-24T17:56:42.075961,ethereum_tx,0xeb8f897e35fc332f66baef8af4197706ed893d4bac1bbaf29d05dffcdc4550a6,9481657,0xFc27A5E65DeBCB95f2d569F153acb90AcC952013,0xcA11bde05977b3631167028862bE2a173976CA11,0.0,3.00000001,confirmed
2025-10-24T17:56:42.075961,ethereum_tx,0x905fbb5e6e8c3bcfc58e83545f8fd8affa764c2440794bca5b8ac47b823dc949,9481657,0x4FA8025bC94d061692eAf0F288C74E3A96c1BD00,0x0051d955349963e6924a74b3DE8E2A746Eb1EC6B,0.0,1.00000001,confirmed
2025-10-24T17:56:42.075961,ethereum_tx,0x55f2ede8b3a9185ebfa29ec778c5e2dba7b8759b158525fbfea81f43d1100677,9481657,0x28e14eAc4e41E146ECA05A9679604A0fE6959A39,0x00C20817af503cA0eAb9CDc55a08e48524dec947,0.0,1.00000001,confirmed
2025-10-24T17:56:42.075961,ethereum_tx,0xbfb11474fe9a2893340aa7014a17f707d0675b56f277dc0cdc45b1fcce842699,9481657,0xe59C24676fBF48f2b3F52dbF4D4938610378B081,0xFf00000000000000000000000000000000048888,0.0,1.00000001,confirmed
2025-10-24T17:56:42.075961,ethereum_tx,0x780007555bb62a4d1957aec466e661e5aff34d597c1fea97f7436a531a8a7f9a,9481657,0x3C95c2633296B264d051498C4b2e982EbB526A53,0x3C95c2633296B264d051498C4b2e982EbB526A53,0.0,4.1,confirmed
2025-10-24T17:56:42.075961,ethereum_tx,0x717a8f34752e11080bbcefd0122aae4fb7bd0ddf7da67c7c973f69c53a9f400a,9481657,0x55A07F9f7eD7F110c2Ddd8f2f5d8677Dc94aF4E2,0xeA30c4B8b44078Bbf8a6ef5b9f1eC1626C7848D9,0.0,2.20000001,confirmed
2025-10-24T17:56:42.075961,ethereum_tx,0x93c709e4d87c5476b8174cf9d5306a253e54fdbb74737817ee0681267145fca2,9481657,0x6Cc9397c3B38739daCbfaA68EaD5F5D77Ba5F455,0x5A4810E4d66bCd6E757D45b026a3f8eA45155cF9,0.1042221,2.00000001,confirmed
2025-10-24T17:56:42.075961,ethereum_tx,0x55744ae87b84018c32a185efcaff832a440d5b6a77a52539304af48da5ecfea7,9481657,0x6Cc9397c3B38739daCbfaA68EaD5F5D77Ba5F455,0x0cf73274c8807a1A05a8CBe5985aDb5760a43260,0.1264547,2.00000001,confirmed
2025-10-24T17:56:42.075961,ethereum_tx,0x0dd1277efda90566e6d0b71f71b105722303625d57fab418ce8acb35bb032d9a,9481657,0x6Cc9397c3B38739daCbfaA68EaD5F5D77Ba5F455,0x97541F9B3013a81641b2272f6767ffB8F6151ED3,2.5,2.00000001,confirmed
2025-10-24T17:56:42.075961,ethereum_tx,0xa30b1af82e7b7a17700ac7ce7cc649067922718ea38dc7ac52de8b4873c72333,9481657,0xa001eEe7A5b9aeFfe1e31Ffecc87d15e9FF4eC94,0x73B668d8374DDB42c9e2f46fd5B754Ac215495bc,0.0,2.00000001,confirmed
2025-10-24T17:56:42.075961,ethereum_tx,0x2e7928238e6fccd1826e46aed17c5fd842849a83fd70983a5106820cc2853781,9481657,0x786896Bb6f6ff73c9fBa9651d20a4a536ECD0BeF,0x4ea1E410e2d3C1322565f503F10fF147f8491304,0.0,2.00000001,confirmed
2025-10-24T17:56:42.075961,ethereum_tx,0x303fca3b78780d24d5d8a4153e8b734904e48ac8cecb1ee7f5135d883f5c0836,9481657,0xe7F38E2D57a0eA80240B5E65A69AF66812CbCd0C,0x0337048144E4Ef455ae822be1701209bf275C63c,0.01,2.0,confirmed
2025-10-24T17:56:42.075961,ethereum_tx,0xc1a0ffa973cf14d10b61b90b203f66497c99e3ac1d0744230033dea460371123,9481657,0x9EC7F112Db6544F0A6667E0CDAD3aA568B39dEC1,0xaD625501A21e79d4a0E233A91F19DE39eA1aDF9A,0.001,1.50000001,confirmed
2025-10-24T17:56:42.075961,ethereum_tx,0xb322581ced0dc2d4b7bb3dcc5a9d725b78bb09f6296f82df9f79a32abf4c33f2,9481657,0x33C8Bd0B9C2A5f141B606F43cc3f9a6D50295be3,0x8A214df143cF3210409667723E64d1141667c1E5,0.0001,1.50000001,confirmed
2025-10-24T17:56:42.075961,ethereum_tx,0xae64ab7a8d386e6dfec591a1cbc721071deb66eb3125469667bdcf3ec7fc7538,9481657,0xa0eE2cF4AB9Cebf08eDB1B1360dFA26ec6845CD0,0x57c5dC670eB6f571bDD8Fc1CF178c46c9A917A74,0.0,1.5,confirmed
2025-10-24T17:56:42.075961,ethereum_tx,0x8971f688a1890209da3fba9a630afcbfd13dc4b0be7d95f7ca7d3bdb0e319029,9481657,0xa69bC221064dc565eFAff7baC4FD6c1D78ed2272,0x2A4496bbC344414e3bDbE6a8E7c40EF007DAeEd1,0.0,1.5,confirmed
2025-10-24T17:56:42.075961,ethereum_tx,0x0b56dab08b4c7b85d625ba72e748b19fa2ac2146890e1334c7dedde2f39af4d0,9481657,0xc39Ab29406cf7F5e6eD12320B667F5A26ce9127b,0xc4855c7eC9A8B6BC166E027e18089A0B4Fc04AFA,1.04e-05,1.5,confirmed
2025-10-24T17:56:42.075961,ethereum_tx,0x33c97d22edc0e7d7212006d71361cf30b6d54aceb10020c2347669cfc0209e7d,9481657,0xe357ebF24f744B81DA0b11e0EcAfd9e7dA5987e2,0x2A4496bbC344414e3bDbE6a8E7c40EF007DAeEd1,0.0,1.5,confirmed
2025-10-24T17:56:42.075961,ethereum_tx,0xe7e438be786438ecf326b9c11d54fb70f2ca102aa4f9d9ee6fb5d048a6026eb8,9481657,0x962D73a362de46c14Ca604a42236D0Df009fe45D,0x2A4496bbC344414e3bDbE6a8E7c40EF007DAeEd1,0.0,1.5,confirmed
2025-10-24T17:56:42.075961,ethereum_tx,0x62d55e3b463856eb843c718dd9d4225d5463553205ab60debf27ba087bdbfd4f,9481657,0x8f4F1FA674dE65573A713546f9E77adE9660F69A,0x57c5dC670eB6f571bDD8Fc1CF178c46c9A917A74,0.0,1.5,confirmed
2025-10-24T17:56:42.075961,ethereum_tx,0x137ee361f1e1a59896f0622fabab9bd75054f6b243b768fb543a1c68c8706ae5,9481657,0x58420F9d81A27DA54886221967a9327F6589c0E4,0x2A4496bbC344414e3bDbE6a8E7c40EF007DAeEd1,0.0,1.5,confirmed
2025-10-24T17:56:42.075961,ethereum_tx,0x28c009de2d86758fd679e45e103545c98f75c9faa55745db2b185c57b4db13d1,9481657,0xd45E9963E97a68C6d2E10D8972C1dB13733234a7,0x2A4496bbC344414e3bDbE6a8E7c40EF007DAeEd1,0.0,1.5,confirmed
2025-10-24T17:56:42.075961,ethereum_tx,0xda5c466482d487f12d0bbb72007b4dc638ab71e001ce80c8f946de24f2bf3b8e,9481657,0xbceB0247dc98C45cd766DbFCc05926A2F488F944,0x3cFDe5e29Fba55d2194da00d14D1Ff8e44D84Fa7,0.0,1.10000001,confirmed
2025-10-24T17:56:42.075961,ethereum_tx,0x63057caba8b1363d9e086c5f2aa7c69f50f48a5a94bbd47cb052acc6be7422fa,9481657,0x51db1d62C31c5949a58b36dF32d72f1b2A89DeD3,0x8B0479233Cd0Cd9dD393eD2dC6cc300B67B152bA,0.0,1.00000001,confirmed
2025-10-24T17:56:42.075961,ethereum_tx,0xcaa6bd2f02690d44ba56cb6e58b13c38fe0c0225ea0bfc6cb4c6c8b3d34e0524,9481657,0x001C124488545022f32c963CAFA2CEf7fCb2796F,0x5627B89Ec33CEce4D22Cf99d6C775490de31d18D,0.0,1.00000001,confirmed
2025-10-24T17:56:42.075961,ethereum_tx,0x76e0122c63cde117291f206bd97fccefe62609f31180366273af7de3bc125770,9481657,0x0a62Ab09C1e26Fec0d31DE5caA15AEcC9143AAdd,0x0053F4C6Dc77F13299336248208AaE839196a724,0.0,1.00000001,confirmed
2025-10-24T17:56:42.075961,ethereum_tx,0x1b2c5a507c43c7679f372ff0a8766ab455eaa0d37206931e53cddab7774bdfef,9481657,0x99492E4F1De0E37daf9F4a73661e27C945C7886C,0xcE1D4d3A87846712Ab19EC09D970d27d96b36776,0.0,1.00000001,confirmed
2025-10-24T17:56:42.075961,ethereum_tx,0x8e975a3a44c76d03dbac8c21ca1d3c34e2aae4b175cf44de8f64bbea248838f1,9481657,0x1a8f1cec95Fa6f418756bb99c3D67544b9d46F6F,0x00a431E8Bcf6B683F52FDb687101826D374ba8aC,0.0,1.00000001,confirmed
2025-10-24T17:56:42.075961,ethereum_tx,0x89bc2d8b3544bdfc6e9cc8753fbb903c7c4fbda0671ae992b3904787a9c51eb3,9481657,0x2ae9617B3683341EcB78E4414E0979d86AE29Bd8,0x20C3eFaA3Cda4181A840fAAbd78E0C8CCa9C4ca9,0.0,1.00000001,confirmed
2025-10-24T17:56:42.075961,ethereum_tx,0x8e852979619be05c77e8b297e828316c32d0972931ba7a20c9160aaaabd722e0,9481657,0x0b7118EFBC92aB8779fa43D219364ac8E6f8C5AC,0x79c159B51Fd1b948E980f08CaafBf31B6E317C7c,0.0,1.00000001,confirmed
2025-10-24T17:56:42.075961,ethereum_tx,0xc06c7450df3a8f8587d1f63ae6994ae5ffe34a9fe31cd18751d16d70fe660dcf,9481657,0x0C8cDd3d1Bb733CC5874576E96C632187F21DC89,0xBD37422bc3D2E273F43A534dDD260121cC832227,0.0,1.00000001,confirmed
2025-10-24T17:56:42.075961,ethereum_tx,0x150d64256539e2a41d9b32d87300fa29ab41d35d30f8d8bee1770b9ce6e21fea,9481657,0x180F0804cfa06448523d62B6794Dfe0fAc90Aff5,0xC31B45AFf3FaBa0aF9BBB5A61B3d078a47518934,0.0,1.00000001,confirmed
2025-10-24T17:56:42.075961,ethereum_tx,0xe8cf744e9c6ffcee871f3376de07854d8c900cc0d3087b8be99e7eb08f8b9dc1,9481657,0xbC8Ea34087223510d151Da73128d592e1563BEa8,0x8C967cb322B802151248F4E0b1F6d2d3A27B70BA,0.0,1.00000001,confirmed
2025-10-24T17:56:42.075961,ethereum_tx,0x4c3db4c0a41820f0d93c0f5686dd20f74b18b3bc9184a8f4a8c3d5baac5fc2a3,9481657,0x165220eD67C7569420aa4c66ADDb65eB9f7c8352,0x00775915d1C86952F4Dd60F34866E8104bf96301,0.0,1.00000001,confirmed
2025-10-24T17:56:42.075961,ethereum_tx,0x57c4a50b52d424a5d90d556b17871d210465e2e3e2ac133ce54f44a412eb3628,9481657,0xefB3de33104C0E65B457037C4b69BdAfdADe99E1,0xeF653c3baa4dbd7b4ba96AaB8bb7eD867C8bEB08,0.0,1.00000001,confirmed
2025-10-24T17:56:42.075961,ethereum_tx,0x4870c832bd7672687959f8bc123827f522cf91c1fda33b1d450e2011375f94bc,9481657,0x2176D71045E118212022c105Cf7BC5547d0Fc575,0x6127AefB1CDdB0D79dE1859438DCC836c0ee44a7,0.0,1.00000001,confirmed
2025-10-24T17:56:42.075961,ethereum_tx,0xba60b9ae0bb378ab54dcb92edb7a6ff37814bcd74647f97e209db3b22913e7fb,9481657,0xd8C6b66B1eB5B531bde6e23cEe270122b247E568,0x47Ed8c5764De0C8ceeADA2c979F41F7d215b1777,0.0,1.00000001,confirmed
2025-10-24T17:56:42.075961,ethereum_tx,0xc454dcf2bd68f657be643f36708fabcff5085df7a5dd167c0b430d4e89464952,9481657,0xF0FEd0C0192539a1076d8BDa1233f414704d98Be,0x00D22efF04CF7d0f5A355A6D9A06E43120398dA6,0.0,1.00000001,confirmed
2025-10-24T17:56:42.075961,ethereum_tx,0x91758e333605e2dc3fff88d8018afb8aafc4a9c63f26ca07b07fc09ff4401bbd,9481657,0x67722a1091E87D084c196cFf9B273Fa64da67E9a,0x4E588dff62fDC7388bb98B026152Ef18473a6F81,0.0,1.00000001,confirmed
2025-10-24T17:56:42.075961,ethereum_tx,0x6c42e1345ef085339cb0f9fcb9e238f418dbfe5a0bcd35ac1fe4dbbc27bf9c1d,9481657,0x62c4Ef860f80117Fa1804C73F0C8E1144D1847E7,0x21eBe3bf32485d7827af3F5AD3EB3bC1f9507d64,0.0,1.00000001,confirmed
2025-10-24T17:56:42.075961,ethereum_tx,0x0e28c5cd70300f6712faca4202d9b65af212ab7d993077c83df100ca7144f628,9481657,0xE09057A0FfF335FA802DEF5e358dA734668D6bd2,0x390e24E8324E56f13A8d48eB938b6f9De24CD205,0.0,1.00000001,confirmed
2025-10-24T17:56:42.075961,ethereum_tx,0x9a2cc0623c0fab64187868d9644712f4cd326d339b2f28d0a4d7a0427cbd0ac4,9481657,0xd3c5967d94d79F17bDc493401c33f7e8897c5f81,0x5B8b13e8f3E6Ec888e88C77cf039EB6281F21D93,0.0001256448916377,1.00000001,confirmed
2025-10-24T17:56:42.075961,ethereum_tx,0x68cb5d4f082601ebed3f22eb18ecbb51dd7ab5d537b581afc87acd6169e6c5d8,9481657,0xf279f67ceC3dEb671dc1690e1Be375f00Feac03E,0xc2c23CFB179ae98C98bF178aE72847DAdAC8880d,0.0,1.0,confirmed
2025-10-24T17:56:42.075961,ethereum_tx,0xfa5b931b466fe64fe0e666df9ced71dec730877bfd33d0e9d37a56fdafe8bd30,9481657,0x3E72ff4A9508B7e88A9aad1Ee8781967dD6Ad579,0x7b79995e5f793A07Bc00c21412e50Ecae098E7f9,0.0001,1.0,confirmed
2025-10-24T17:56:42.075961,ethereum_tx,0xd7c688cd2e369dd14d9e01d01573dea9963a6ac92db44c3745583470f1dada52,9481657,0x74000DF828A9DC6713237c4bF2259e06646EB9bB,0xf993E10C83Fe26DddFc6cb5E82444C44201e8a9C,1e-06,0.02000001,confirmed
2025-10-24T17:56:42.075961,ethereum_tx,0x69e61916405b3f5bc2f0656100a2137acb66d9d1621370a6dc649208b7828592,9481657,0x72dB1603FC4114cb084d9C4DadEbF3aa0B2a579C,0xf993E10C83Fe26DddFc6cb5E82444C44201e8a9C,1e-06,0.02000001,confirmed
2025-10-24T17:56:42.075961,ethereum_tx,0x15843c3e2d7e01028d4fa982953228281368119f40d42a9a822c1882f339dafa,9481657,0xcc435418C7f4884D8fde71Fb1Db88D3a51DBdD69,0xf993E10C83Fe26DddFc6cb5E82444C44201e8a9C,1e-06,0.02000001,confirmed
2025-10-24T17:56:42.075961,ethereum_tx,0xbd818111e2bd7979cd5827d4dc193a75131bfc8735e09e1313c150106af36694,9481657,0xe76a539c6c20f0dfC4F282076cE81a811891715B,0xf993E10C83Fe26DddFc6cb5E82444C44201e8a9C,1e-06,0.02000001,confirmed
2025-10-24T17:56:42.075961,ethereum_tx,0xb371ff81194031a47cdd683c4a10662260c6bf36899e598ad4d5d6bd80a671d1,9481657,0xcCa1595278f5B8CFdA0380943Af9b56493fA14dE,0x1c7D4B196Cb0C7B01d743Fbc6116a902379C7238,0.0,0.001999992,confirmed
2025-10-24T17:56:42.075961,ethereum_tx,0xf45f8e7ff3994add124e57e05830e4fc52ce12cc64b392964caf42c04bf6f314,9481657,0xA35937463929712b1a23Ad8876909f4d9D379ada,0x956962C34687A954e611A83619ABaA37Ce6bC78A,2.1863309764062e-05,0.0015,confirmed
2025-10-24T17:56:42.075961,ethereum_tx,0xea839a0ae3397996b3e9efe47e6f76d04260486b98c5f29f921828055c34c177,9481657,0x114ECF19d234fA53eD83D7CAf989b2a3672944A9,0x956962C34687A954e611A83619ABaA37Ce6bC78A,2.435697410456e-06,0.0015,confirmed
2025-10-24T17:56:42.075961,ethereum_tx,0xfad2bb19151af050b8215a617d70407e6d314b56131c0a990c2113e7b8ea4277,9481657,0xC088Db0D32639182D4a3C13FcC34B51e0F052578,0x1c7D4B196Cb0C7B01d743Fbc6116a902379C7238,0.0,0.0012,confirmed
2025-10-24T17:56:42.075961,ethereum_tx,0x47d1a4c81494ad0d836150a3e510a5a1be92ae74faeed9ace08bc7fe572909e2,9481657,0x2774201Dc99af7Ec8fc914093eAD8Da4d2448B6D,0xd38AB9f1563316DeD5d3B3d5e727d55f410d492E,0.0,0.0012,confirmed
2025-10-24T17:56:42.075961,ethereum_tx,0xed0acc60fa8a1724103f36b5a87b4f9d0eed2954a46de1c51daccfa6e699e15f,9481657,0xF5E8A439C599205C1aB06b535DE46681Aed1007a,0x0aC93809F127308de0A962f1fA9693a7Ad72f9C4,0.0,0.001199999,confirmed
2025-10-24T17:56:42.075961,ethereum_tx,0xe68ac3fcc8b70d9c807477ad757fea22a58e72ddca62c141d7d51da4499cd589,9481657,0x65141CA3329DA9A83458017474b5Bc62097Cf24f,0x69C6b28Fdc74618817fa380De29a653060e14009,1e-18,0.001199999,confirmed
2025-10-24T17:56:42.075961,ethereum_tx,0xe5c23f6388a3c86c1453ca3fce0c28be08a324c42a26717b51a063ca4307a830,9481657,0xF3259058C7509deeb1DE67aeECD6A8cbbB4279Df,0xb99B03DE77146403B131BA23220a8d0C59C0B327,0.0,0.0011,confirmed
2025-10-24T17:56:42.075961,ethereum_tx,0xbba03db4394604c1c73bcbdbab317a1f06f85c516bbd79f5cb30f4fc2030c244,9481657,0x1E084f001Aabf562b37C1606604d39E586b8f7cd,0x0000000000000000000000000000000000000000,1e-05,0.00100001,confirmed
2025-10-24T17:56:42.075961,ethereum_tx,0x01a841d85b01022ce3fea47c3cf118a0d17684c9b2896d5017ef649db95f8e2d,9481657,0x2031832e54a2200bF678286f560F49A950DB2Ad5,0x6081c363C88e3837452Db0598ae17A699d5E22E0,0.1,0.001000001,confirmed
2025-10-24T17:56:42.075961,ethereum_tx,0x366e6d904d244af1c673c40fa06c2aeccffecedd09790fd534ca995141382d81,9481657,0xD85bAd93425DF6B5E0055BCeB19d2474a340209B,0xB8BdD786768163CD3A7ee65062b14Ced736a4a79,0.0,0.001000001,confirmed
2025-10-24T17:56:42.075961,ethereum_tx,0x42744a2af3a04af6c981bae95b91c9ca84106029e27243e6292ca088060d268e,9481657,0xa4045d9720e5a23ACb6F796AFaDA208f03aCC51c,0x03C66CB1826BDB0395BF31E68Bf7E873e9564fFB,0.0,0.001000001,confirmed
2025-10-24T17:56:42.075961,ethereum_tx,0x465e0afbdf27a23c83935825e7a1b60dc8203da39f5e690ac531f3e8b209f5b5,9481657,0x6441B607a381c27cEEc866CEC283700AA66D0de2,0x03C66CB1826BDB0395BF31E68Bf7E873e9564fFB,0.0,0.001000001,confirmed
2025-10-24T17:56:42.075961,ethereum_tx,0x5ece19157bdc55be21737e9a4889c617647395f590d8ed0a392ab792e64c11cf,9481657,0xD2aFc74a10600d282e176A70548E64F5af78762c,0x03C66CB1826BDB0395BF31E68Bf7E873e9564fFB,0.0,0.001000001,confirmed
2025-10-24T17:56:42.075961,ethereum_tx,0x21cd196f7b3accaa69d56448564f9ad8e406dfdcaaa71ec24cd7116d27282f16,9481657,0xF0D8AFD116A938c0CB9cECe01eBeF59Fb43893dF,0x03C66CB1826BDB0395BF31E68Bf7E873e9564fFB,0.0,0.001000001,confirmed
2025-10-24T17:56:42.075961,ethereum_tx,0x6e97d8f0609c94e3b860321f4e5c2df8dade2f025facb0f1e1625b4a31db28d1,9481657,0x4B602b279c9715ED981C73774A49194E5C4c3968,0xF9510FFe7EB562c308B3e46823A235F0282d8e65,1.54e-06,0.001000001,confirmed
2025-10-24T17:56:42.075961,ethereum_tx,0x79f576d05f5e87837eb2ab66e0159dd304b65e2e033906f52bfa377c4f3a996d,9481657,0x67E33BB8C15c4dB662adB6F1c0938A690FFeF615,0x03C66CB1826BDB0395BF31E68Bf7E873e9564fFB,0.0,0.001000001,confirmed
2025-10-24T17:56:42.075961,ethereum_tx,0x92bd1823151f59a6148d332840a29a78d44f7ee92232e16bed066210fd57ff55,9481657,0x80fEC1432018169306de2A79Cb31431575562819,0x03C66CB1826BDB0395BF31E68Bf7E873e9564fFB,0.0,0.001000001,confirmed
2025-10-24T17:56:42.075961,ethereum_tx,0x08da6eca0a3dcd412b0cd6ba89cfe172ba0aea299b6af11b123eee52969599ce,9481657,0x028C77d8fb574f281Ad41724ddeaA92993C0B270,0x03C66CB1826BDB0395BF31E68Bf7E873e9564fFB,0.0,0.001000001,confirmed
2025-10-24T17:56:42.075961,ethereum_tx,0x56c6bcd13a6f4d9db4698f9323167198a64a14c63c82de3689ed3f64da27d28e,9481657,0x49E8d6086D2029C4334188571bf5b22597d596c4,0x49E8d6086D2029C4334188571bf5b22597d596c4,0.0001,0.001000001,confirmed
2025-10-24T17:56:42.075961,ethereum_tx,0xd8aff47653b7032ac5a0ae51f6bb5faeae1d12aecbd705db2b93811306b06b27,9481657,0x281D5F31504FD4F4956589280be70D34fB4385C8,0x03C66CB1826BDB0395BF31E68Bf7E873e9564fFB,0.0,0.001000001,confirmed
2025-10-24T17:56:42.075961,ethereum_tx,0x7fdbe880b7e098258c2e4302462eb86649499adbfa51e4aede639d0793ca445b,9481657,0x1D71F4bfB8cB7069cD8c73570CE639D226DA1698,0x03C66CB1826BDB0395BF31E68Bf7E873e9564fFB,0.0,0.001000001,confirmed
2025-10-24T17:56:42.075961,ethereum_tx,0x6978f242814a4dad3341c4d4bd0d965d9a9475e4dfe60505e9a6da3f014ecc25,9481657,0x7153852766e2E2aC23fA90E5D5FdaFCC59C5CEed,0x57b5f80dCa8CdBA970Cf47ac8e1818582655c3B0,1.47e-06,0.001000001,confirmed
2025-10-24T17:56:42.075961,ethereum_tx,0x7859818dd3b98caaf2c39507b2cf755e1ee50e37f2e44b84293cac738dfcec24,9481657,0x0D7771eFe0a8417e0dE2cEA5A0836D5ef62643Da,0x03C66CB1826BDB0395BF31E68Bf7E873e9564fFB,0.0,0.001000001,confirmed
2025-10-24T17:56:42.075961,ethereum_tx,0xae6daba58dfcca4558f7d6b5029dde7a9a43e2ce9e8787ab148a330a2adc87a1,9481657,0xfB5722A9cd00f0520C116917d812a7ee08CC4cb4,0x03C66CB1826BDB0395BF31E68Bf7E873e9564fFB,0.0,0.001000001,confirmed
2025-10-24T17:56:42.075961,ethereum_tx,0x839c2797f3c3fb5214375e5ffa422622020d25054d7907243fa22cebe22ffbbd,9481657,0x491aE4A7bE91BB6b84232bAC79A9Cd5AB017E715,0x8f6E15d9A4d0abCe4814c7d86D5B741A91bDCC04,2.5627e-06,0.001000001,confirmed
2025-10-24T17:56:42.075961,ethereum_tx,0xf4b4bcbc9e079f89e5b48f193de2e867c10fa6ae3d16bf7e879c18b80eaa44da,9481657,0xF7176593E3B1A1Ed40dCCea9933Ee6DC4C063BCb,0x5d14a3fAD24ADd550D43C697855b5ff72D323B01,0.0,0.001000001,confirmed
2025-10-24T17:56:42.075961,ethereum_tx,0x8e44a91e9c5820b7f38e2cae9db14881abd505dc23edf192658fee5b8fec53b7,9481657,0x4ba432b19b3eF4E7BA7369c024380076Ed3562ff,0x2421392ba8Bc25Af25180cDA801B25Fd6fadb029,0.0,0.001000001,confirmed
2025-10-24T17:56:42.075961,ethereum_tx,0xd5b0a072af3cd66aa46789e38dccc0845e4fa845a2144dd5e12b4253bbc690a8,9481657,0x0B0e2673A1CE96a115c2c53e1304eD4640294856,0x08d2b0a37F869FF76BACB5Bab3278E26ab7067B7,4e-06,0.001000001,confirmed
2025-10-24T17:56:42.075961,ethereum_tx,0x54a25130198420fba4a1eb4cf20de9fdbf0af242956ca4bc721839ca0b0240be,9481657,0x16c1b18100E4035483C805B1feeCA564C5c61E77,0x956962C34687A954e611A83619ABaA37Ce6bC78A,1e-05,0.001,confirmed
2025-10-24T17:56:42.075961,ethereum_tx,0x855ac82d39b663a769f3c9d18811ed78dbd1dec6ccc065abf611bc0a64384961,9481657,0xAB3070DDa030ed0115b23AB74B7Af9B73b2781F2,0x956962C34687A954e611A83619ABaA37Ce6bC78A,1e-07,0.001,confirmed
2025-10-24T17:56:42.075961,ethereum_tx,0xd92b771c9b102352af21b480590ccf19645669363d1c9857bb6b0a32b816573b,9481657,0x099BA97a37FA019c064a2517026e3c2Ea8DB9964,0xF6e7F84d9cee738ec59c08B7a7260152C236813a,0.0,0.001,confirmed
2025-10-24T17:56:42.075961,ethereum_tx,0x9657e91630c0718189ee986c22a3364e55303f0b8bed1bcc4c05e9b6d3df3185,9481657,0xD8798dbEba71fe491e5c32dfA27B6A970A12eBF2,0x956962C34687A954e611A83619ABaA37Ce6bC78A,1e-07,0.001,confirmed
2025-10-24T17:56:42.075961,ethereum_tx,0xeaf6a29858f034bef0d3ed35107bf8343dfd99ba243819fa455d6b1adb2fe1df,9481657,0x2dE217e88cBb6f152496256Cf97CC4B3Bb770c68,0x956962C34687A954e611A83619ABaA37Ce6bC78A,0.001,0.001,confirmed
2025-10-24T17:56:42.075961,ethereum_tx,0x5254d17e339de7894eef839cef2bb7e7bb2d2711ff552884db3b26165d14e561,9481657,0xf36Ba737c435a6297554DADCd30eaAA8034DdfE8,0x956962C34687A954e611A83619ABaA37Ce6bC78A,1e-05,0.001,confirmed
2025-10-24T17:56:42.075961,ethereum_tx,0xfa3ce59ad5e6c8ac885e79ec6a07fcb05ee9c10414e1c5f379f2ced98a9385bf,9481657,0x8cc245F321394DcEE68556170e2A81F5001443D8,0x956962C34687A954e611A83619ABaA37Ce6bC78A,0.0001289175,0.001,confirmed
2025-10-24T17:56:42.075961,ethereum_tx,0x55ec5d21b1afef481ba2ebf2023abb17f317c8b3e0795ddffcb665881c283109,9481657,0x830d186CAa4dc58a020E9Bab94D1969b6fF24B04,0x956962C34687A954e611A83619ABaA37Ce6bC78A,1e-06,0.001,confirmed
2025-10-24T17:56:42.075961,ethereum_tx,0xb71bbd34bf8ca23cac0c6f0389082a1a4b0a81d36572edc425f2364fada6b99d,9481657,0x9C8FaA60ac71ad698FA1E9ba77C7F409eF4834cf,0x956962C34687A954e611A83619ABaA37Ce6bC78A,0.000132,0.001,confirmed
2025-10-24T17:56:42.075961,ethereum_tx,0x9e3e81dc1623d74b14a8be54fe1ba0ebe31c9b863a701f5622eee03ba8f68cf0,9481657,0x26cDc7A5B7b2411e1fE3fe1b486210E2227Bf7Ca,0x956962C34687A954e611A83619ABaA37Ce6bC78A,0.0001,0.001,confirmed
2025-10-24T17:56:42.075961,ethereum_tx,0xdde07b3206b311a59f2ca73d23731bfe9b5e34c8de35d93e1404641a60021d67,9481657,0x8Dfe90E5a0E285741723cdDEa9615ECbF6E2A2cb,0x956962C34687A954e611A83619ABaA37Ce6bC78A,1e-07,0.001,confirmed
2025-10-24T17:56:42.075961,ethereum_tx,0xf1bd21250e92e2d490d8c6553056acc7c53b483d28dbefb7f17da19c41f11f77,9481657,0xF8AB8193475Ee88eAA793F9974F913339a07b6c2,0x956962C34687A954e611A83619ABaA37Ce6bC78A,1e-07,0.001,confirmed
2025-10-24T17:56:42.075961,ethereum_tx,0xd5656d612fed17116a26bd76889568f75b032ff55c8885a0b70553e3adef2a38,9481657,0x21C6AF8D98fc175790FAa25b1aF545467872527B,0x956962C34687A954e611A83619ABaA37Ce6bC78A,3e-06,0.001,confirmed
2025-10-24T17:56:42.075961,ethereum_tx,0x6d5bbfeb8d31f46ed73c37d2c6debe95504c681348c0a4f82e920a76b73764f8,9481657,0xd5B51C6ab85aCd8EbEC28C7A6b4fA432e14d6917,0x1846e55B025E30A82760e3e435e3d46af2122e74,5.4e-06,0.001,confirmed
2025-10-24T17:56:42.075961,ethereum_tx,0x5d5960c3996cfc90915bd6da9b9a5802fa4a90a7d8f18a544c2fd51ad820c6dd,9481657,0x2bF78d2268Ed1776E41323D6A5aE694d8c8F7968,0x956962C34687A954e611A83619ABaA37Ce6bC78A,0.0001,0.001,confirmed
2025-10-24T17:56:42.075961,ethereum_tx,0xa94603c7f62684efe2f04d5b0d2315b596a559ee35f844d8e10b6f3ef853078b,9481657,0xafdcCe1Cad7a083860D73f2d62C2090292DBA171,0x956962C34687A954e611A83619ABaA37Ce6bC78A,1e-05,0.001,confirmed
2025-10-24T17:56:42.075961,ethereum_tx,0x8d30bb89f5b770023571b21871bfe923138c8794becf47c515ee4747354ce412,9481657,0xaD2e1cD0c52d8B57d23eba4B0b3156F0540db115,0x956962C34687A954e611A83619ABaA37Ce6bC78A,1e-05,0.001,confirmed
2025-10-24T17:56:42.075961,ethereum_tx,0xbff3d94a976bd034fa4898620eafc0e249631d0743ee4b8f51c0db79cf6c1605,9481657,0x97Cd76d486f91bFCB00231BC1bD107A829804fa4,0x956962C34687A954e611A83619ABaA37Ce6bC78A,1e-06,0.001,confirmed
2025-10-24T17:56:42.075961,ethereum_tx,0x7465beb8375286365fd2f4718165e8c01ea7eef94e71b3be85e1701d1b30100f,9481658,0xC6392aD8A14794eA57D237D12017E7295bea2363,0x04Fd524825e80dC8a8E63c778ADb46CEe91A02e3,0.005,30.0,confirmed
2025-10-24T17:56:42.075961,ethereum_tx,0x61b1a938c8e1c3c4b9dde3d86d73056bcc1a278dfae5fff4c5c6776c116e87fc,9481658,0xc001e185538A55CF12f6C7CB70633917cFD47BE1,0x73B668d8374DDB42c9e2f46fd5B754Ac215495bc,0.0,2.00000001,confirmed
2025-10-24T17:56:42.075961,ethereum_tx,0xe2c90b76b1acc213f20992db454a0949f3e56f6ccbeaa724ebad593174dd1095,9481658,0xa510e160c768b22E03331cA11a4bAFE1E2297D55,0x73B668d8374DDB42c9e2f46fd5B754Ac215495bc,0.0,2.00000001,confirmed
2025-10-24T17:56:42.075961,ethereum_tx,0x9f2b013c538cb14b8af0c67e6740c5ebbac90965abe4d55dca933a42ab833d7b,9481658,0x51E3B84966c042C278dEb61564C106B6b82aF792,0xfB1fa32605b1Cd1B91d1B80CCC7dde8EDab643D3,0.0,2.00000001,confirmed
2025-10-24T17:56:42.075961,ethereum_tx,0xbf9c142e8bbf80341afe9dbf169cf56c9b3ac4aff5040e8a6fe0bbc4f06e3359,9481658,0x9CD77b2f93Dc90579842657e2344BD3403732374,0xd168Bd031aed253D6333f14468946eea6C75d2F8,0.0,1.50000001,confirmed
2025-10-24T17:56:42.075961,ethereum_tx,0x1cccc7205e554b357b536105b19f769cd7e75f5c70585f30674f0a36a7ea3fdc,9481658,0x07FCa994844a5cA666C54482c706b4976CfD04c0,0xABc9Bc259db256D6d18DfF14d7578FeD0Af38B97,0.002,1.50000001,confirmed
2025-10-24T17:56:42.075961,ethereum_tx,0x3ad83d415d9ba8ac79e50539b387fc692664b93721a3a6b83b6b64007d7e3172,9481658,0xB6BbA517f32C75bE36500c7134ec000CFEE0893f,0x0bc5E0b62B789fb8E35f9580ABa3834C106d401F,0.0,1.50000001,confirmed
2025-10-24T17:56:42.075961,ethereum_tx,0x2f3fab0d6b92b2df95b63014c61402c852716c1e60ed57a2b35a35c1d8b875c4,9481658,0xb4716Ea73856439B15b3EF7f1CabF1F9659480d2,0xBC04d69Ecd7890699b2BE7924eA86474e15098E6,0.599968499999874,1.50000001,confirmed
2025-10-24T17:56:42.075961,ethereum_tx,0x80604549df36d9c812339891e3d40b200a0daba4be75bccc8d895f5ec7e1beed,9481658,0x0A152747cCaad5C6B9Da1b38e44Cdb51eEaE22E1,0x7d30B8D8D9Da3E94529E6971b3F89e63f1F56394,0.0,1.50000001,confirmed
2025-10-24T17:56:42.075961,ethereum_tx,0xaefaf76393be2145d469d871ff9b78d9fcc4a90f3799e3ab12bf1424270df569,9481658,0x7a507865d52cE740cdca98cDd18f987355415F92,0xf993E10C83Fe26DddFc6cb5E82444C44201e8a9C,1.838e-05,1.50000001,confirmed
2025-10-24T17:56:42.075961,ethereum_tx,0x754f5afdfba9d27f1c67d3e2cd2acd1396f1b4d18f87c51721640f950f328f83,9481658,0xb0225F83f6DC5ac3ea3a69920A3e354A5c973489,0x2A4496bbC344414e3bDbE6a8E7c40EF007DAeEd1,0.0,1.5,confirmed
2025-10-24T17:56:42.075961,ethereum_tx,0xbfbe91c723dc9fe48a635d3f9b2a5d914d7387d10d69518dc46447df94a6a360,9481658,0x2378317d20F628efE6C9c15d4fF6689695c01212,0x57c5dC670eB6f571bDD8Fc1CF178c46c9A917A74,0.0,1.5,confirmed
2025-10-24T17:56:42.075961,ethereum_tx,0x7af87d978a119bab0926998ad2fd35076034e62c95ac6b2541fc1ef389ef4612,9481658,0xbFA1bA181a07bc4889e20280400D645189d80277,0x2A4496bbC344414e3bDbE6a8E7c40EF007DAeEd1,0.0,1.5,confirmed
2025-10-24T17:56:42.075961,ethereum_tx,0xdbc6bfaab673b607507dff527d213c1547ef94d9339c9ad917fff5b93c56e331,9481658,0x7D1E1555Be66c794eb1E382D3e90AB6947e3307F,0x57c5dC670eB6f571bDD8Fc1CF178c46c9A917A74,0.0,1.5,confirmed
2025-10-24T17:56:42.075961,ethereum_tx,0xddd8670a1dc5b9b2457bc543d8dff08d998267593e562ad3cab291ec232bc915,9481658,0x5E415aD9F91ba2fFE78c053eD90Dc3CE0A171C91,0x57c5dC670eB6f571bDD8Fc1CF178c46c9A917A74,0.0,1.5,confirmed
2025-10-24T17:56:42.075961,ethereum_tx,0x226fcdbc24ae45e86e708fe159a0d69a93ee0477aef9e093d201ec57ccb25f81,9481658,0xc2BABA1704748f0cC39df50e21454fBF362AB43e,0x2A4496bbC344414e3bDbE6a8E7c40EF007DAeEd1,0.0,1.5,confirmed
2025-10-24T17:56:42.075961,ethereum_tx,0x4fece72c3cdde8a7fac6a6ce37849324ac977b9a0c8553693f7ae0f296ba6a56,9481658,0x63B3c43DC73936F6D43dFb61Cb736aDfbe8f0541,0x9fC8038E32f4a7fE065569f1147E955F328bd389,1e-05,1.5,confirmed
2025-10-24T17:56:42.075961,ethereum_tx,0xbf1d15ea7650a18373c05e0aca7b861f60f31e1cce82ce9b43c11464f68dcba8,9481658,0xF6b87F0B1c1c22BDEEa68CADA830B8525A66B56a,0x2A4496bbC344414e3bDbE6a8E7c40EF007DAeEd1,0.0,1.5,confirmed
2025-10-24T17:56:42.075961,ethereum_tx,0x1ef58ba11eecf71a21c0ee289a0a0196b8465340a3b1c10793ad8d5e84af457d,9481658,0x22d8abc3003bf41B0eB9E9181A2545b8e2438bC1,0x2A4496bbC344414e3bDbE6a8E7c40EF007DAeEd1,0.0,1.5,confirmed
2025-10-24T17:56:42.075961,ethereum_tx,0x83ba4e7b604852891712c453258a4970ad25a78eb41817530cf4d71f7da52ad1,9481658,0x35AFbA56fAcbdCDD764daa91945B1b115Dae7253,0x2A4496bbC344414e3bDbE6a8E7c40EF007DAeEd1,0.0,1.5,confirmed
2025-10-24T17:56:42.075961,ethereum_tx,0x5caa0cd288e6c9653b6baaa899eedfd8000d88b74f5b34c50081888e5d56e4be,9481658,0xaB697892ec5C0008589a8a64a557Eb68B53F72A3,0xe969c530D9bCb5Cc348aE1C1F19efa42EFb1CC1f,0.0,1.00000001,confirmed
2025-10-24T17:56:42.075961,ethereum_tx,0x21bf5505030b577b4ff239034fd9b71f2b1416175f892a20d615776711994a04,9481658,0x45E2cC620a49565cF06ae53b319Ce944b95779a7,0x92237C4312a8Cfe9b2f55bf6FB8E9C622b08c875,0.0,1.00000001,confirmed
2025-10-24T17:56:42.075961,ethereum_tx,0x42ba4407e63475a9fe36eae9ee1b444f127dbc587c119baac869f215c384165d,9481658,0xd62316C1F20B40FD1263E6Cd5bD71C3C19f282AD,0xff94B3795ACCE6d3691Fb4538646A91561E95e7D,0.0,1.00000001,confirmed
2025-10-24T17:56:42.075961,ethereum_tx,0xa7ace591feac421f5870e5d2721c40bbaade4f2c89287bf8454c68fa8f1be716,9481658,0x48BcB4065C0D9194aDa8EDd7FB3E6d8c8C5abBBc,0xBB478d897ffF53fC09a52Dade83032c612F48c93,0.0,1.00000001,confirmed
2025-10-24T17:56:42.075961,ethereum_tx,0xf1f88aba5c699ff9a44defe7d3410a6c87a1031eaefd907e2892719992ddccf8,9481658,0x1a9DCE6479De4561d50B8E051493a121feA5fA91,0xFb24e526bb05Fd59350739e70592e68Ca278B093,0.0,1.00000001,confirmed
2025-10-24T17:56:42.075961,ethereum_tx,0xf1be012554c9bab0d4e3a9e9d39fa37eac229649333d3532adb4c59217808ae6,9481658,0xdA6e9475Ac52D8c2b93aaC8A85D0852466f58b4F,0x00005ec2d25436Aaa3ca04d74877A79BB217445A,0.0,1.00000001,confirmed
2025-10-24T17:56:42.075961,ethereum_tx,0x8fef9da987da52ec6febcc93da59dfd5e91f25839b62b28c912103e7c558b78d,9481658,0xA7491647b383e087616079c6C2A65D8966C066dF,0x00cCafF4914230F00Ec83Ae7553E3C97e884cCFC,0.0,1.00000001,confirmed
2025-10-24T17:56:42.075961,ethereum_tx,0xf312568497109e92099dc29156bfebdc95beca80583d8288714f257405b123ec,9481658,0x2e3392e6bBA85AFA1C4534A5c0cdC0c462dbb455,0x00Ce61f80A424ec033149A4Ca065aF1768955295,0.0,1.00000001,confirmed
2025-10-24T17:56:42.075961,ethereum_tx,0xf928adfc68d7c55d99ee7dae41db2f67fc08b5e69c0e879cea008e3cde541833,9481658,0x24b12a18215ADd1816C1c6678100A9e7d5C774e7,0x002fcD62Fd2B7B9ec33aE08e0629956b91CE2b4A,0.0,1.00000001,confirmed
2025-10-24T17:56:42.075961,ethereum_tx,0x60d0600f5f948d3ed6680ceda3c0a0203f1a5ab39abaf7b1402a86268fad7e08,9481658,0xDd33F9da023F7A1dDa5c14387631A40a1661196a,0x003E85D5e1c3003f2e02D6fFd81c476954386FF7,0.0,1.00000001,confirmed
2025-10-24T17:56:42.075961,ethereum_tx,0x14989657d088f4de4668a3ee1dcaabf9837f684343644c03df2a87d027d947d6,9481658,0xA79bF6f2C6cc0e7dc365E71f2a8de6D40C8346c2,0x006BA30148eFe8ce40209432B8fDF6FfE04f939D,0.0,1.00000001,confirmed
2025-10-24T17:56:42.075961,ethereum_tx,0xf71d0c46a1dc556a3ed358b018ce0664125aa7ca6eda8c971a2e6a8753cb0178,9481658,0x32136151194F4730518C6F1e47dBcBA1d67932C8,0x3f823C45716233Ad3140E5475f6Bd38ea27afbc6,0.0,1.00000001,confirmed
2025-10-24T17:56:42.075961,ethereum_tx,0xb920af75a4d28d28609cc3ad1d27ea53a94e07802e5f56579bbdfee39f397637,9481658,0x53282f77694b120D4f83A6debFfAEbfd5C056D9b,0x008DdF509E718354F9d6E25440d1806D9839c3FF,0.0,1.00000001,confirmed
2025-10-24T17:56:42.075961,ethereum_tx,0x426eafe624bfb1f6ed7fb2cbc9c4f26d44e8c0eff1b04cbdc30a6dd47b533fb4,9481658,0x4cb9884B2ff365BD9EFC90FcD1D3D4fF1868Eb9b,0x00d3655636e6644c48d19f70bf4ce14b232ba696,0.0,1.00000001,confirmed
2025-10-24T17:56:42.075961,ethereum_tx,0xb801a6191de2ecf34b3a11bf22d7b7b227f79ea9749e290c2997baac2fde9e55,9481658,0xA3e4785E9D4bDF3EE641D4ae405DDceCAAec59e6,0xE3944cBe137973b33AC2C0Cae6F5EfF0932E3f9c,0.0,1.00000001,confirmed
2025-10-24T17:56:42.075961,ethereum_tx,0x21e0a1a1247c899ce555763b26320da24e34898ffac8f0d8538c51e2e1fb12b7,9481658,0x9B299bbc077407486BE6A13621736679b4903e41,0xe9F10DFFbA606B412E06b857e071867fc02AFb7C,0.0,1.00000001,confirmed
2025-10-24T17:56:42.075961,ethereum_tx,0x333a8aa8f25ea6d35fa85d70af06eaa0bce3063619178b8392429e01d995ead7,9481658,0xF0FEd0C0192539a1076d8BDa1233f414704d98Be,0x00D22efF04CF7d0f5A355A6D9A06E43120398dA6,0.0,1.00000001,confirmed
2025-10-24T17:56:42.075961,ethereum_tx,0xd0f2ff5e926208ad684ea3ce3b3ed04eb5aacec7f397d002361a8f9a08aea755,9481658,0x2567fF4BE9f21B1239c93aa3507DD2AC3d54B4f1,0xd9de332c023Dc4372fAE306C3779e0659f0f8F6B,0.0,0.05,confirmed
2025-10-24T17:56:42.075961,ethereum_tx,0x15cd33ced504a344c6ae75a467d21b65b4aa560a0637b4f0a42350e9cb50aa71,9481658,0xAcCFA6e255b419Eec4B42Be70D0dD17B168E6B48,0xf993E10C83Fe26DddFc6cb5E82444C44201e8a9C,1e-06,0.02000001,confirmed
2025-10-24T17:56:42.075961,ethereum_tx,0x1206c8c634bbf9a5c82d8c94dbe1f26953b78a89bd1e85e8de3b0c72e3ec7790,9481658,0xD7040E7e669BE80f5b65Dc7B253Da055F8216d83,0xf993E10C83Fe26DddFc6cb5E82444C44201e8a9C,1e-06,0.02000001,confirmed
2025-10-24T17:56:42.075961,ethereum_tx,0x994ec63e2bb19c133542fa7c9ae28b43d054077428e87a12aff1e148030fa2a9,9481658,0xDf5dB65f4aD5f76ED98eFF6d6240eEC1C20418d8,0xf993E10C83Fe26DddFc6cb5E82444C44201e8a9C,1e-06,0.02000001,confirmed
2025-10-24T17:56:42.075961,ethereum_tx,0x2897a4d480165eff20ba479c0c72083feb1608cbaabe06715079919de685368b,9481658,0x470DFC1307D8288b4d6297660011474ddBEc126b,0xf993E10C83Fe26DddFc6cb5E82444C44201e8a9C,1e-06,0.02000001,confirmed
2025-10-24T17:56:42.075961,ethereum_tx,0x26844b513e6b0b010c111f63ec0965766d85fadc38d3689b1e9a1421ca294a72,9481658,0x6d7927C0D236388319864007681BC0C6b844Def8,0x12e1181a741b70BE6A9D81f85af3E92B6ba41897,0.0,0.0013,confirmed
2025-10-24T17:56:42.075961,ethereum_tx,0xcfdd37fe81b2456097c7c81a0e4d83966c36adaf77168a48d494db8138ff4004,9481658,0xb3a1956Cff1ecc8054B81b0C83b9847CB71384b8,0xCf8EDB3333Fae73b23f689229F4De6Ac95d1f707,0.0,0.001257142,confirmed
2025-10-24T17:56:42.075961,ethereum_tx,0xb9fbae942ebc55a9bb27d47c71f2314a5db62bc919b3be5b5c56472beb3b490f,9481658,0x3c01bd03D9B28dA28aA27c7a376D1876508759a6,0x7215691F60C4fA7Bb82c5Ac44c7d57dc32bB0493,0.0,0.001052631,confirmed
2025-10-24T17:56:42.075961,ethereum_tx,0x3cf4603019ae3d8ee53226276c8c2856d89c6ab9952e8a90cf85cee1875302d9,9481658,0xfea369E1304bd1A76DC6EdD0e2c9af3386f5ed95,0x3eDF60dd017aCe33A0220F78741b5581C385A1BA,0.0,0.001052631,confirmed
2025-10-24T17:56:42.075961,ethereum_tx,0xefb82b4c4e0f8e906453a149b1bfc3600110dfd008e60056c07cab109e0bb2d6,9481658,0x3Da763C42E438eB17880fB6A83040d6cf13eF03b,0xFf00000000000000000000000000000000042069,0.0,0.001038818,confirmed
2025-10-24T17:56:42.075961,ethereum_tx,0xf5f9a820bf430aaca0a1187d9c6c3624f4e072e31dbef286cd8de2c2788d4189,9481658,0x53370DF3f1F8A9d95133Bc01D272E3c57e20D010,0x69C6b28Fdc74618817fa380De29a653060e14009,0.0,0.001012503,confirmed
2025-10-24T17:56:42.075961,ethereum_tx,0xbfd3c306578cc961f6e39d48cc9a38392e695a5b6a34559eb5a9da3bf63952a7,9481658,0x053DD4618aAc39bbDA482b44c9dA72580C1955b0,0x1c7D4B196Cb0C7B01d743Fbc6116a902379C7238,0.0,0.001012503,confirmed
2025-10-24T17:56:42.075961,ethereum_tx,0x2b387a2c495e35b967200bbfed22d5faba79726cb9f8e98bcebca903c1b1ea9f,9481658,0x2c2ff804eD59BBE2533e0a8210D5a120414D4c93,0xA73aFb610aC79A729A393D679029fCf9618854AD,0.0,0.001000011,confirmed
2025-10-24T17:56:42.075961,ethereum_tx,0x2f8ae2643bec39fc5a67513c2a878ceb5ef2171095c4fc8d143fec1c7837ced7,9481658,0x1E084f001Aabf562b37C1606604d39E586b8f7cd,0x0000000000000000000000000000000000000000,1e-05,0.00100001,confirmed
2025-10-24T17:56:42.075961,ethereum_tx,0x94a7858cf9040f64834a117342e65173b65e32a3447149e9f922f6cbc8dff62c,9481658,0x6d22Bf7C57c326265cF9F11F699A96722Da2656D,0x9f54e6A87429E7bB2fe7B9f0ACCA3A31560FF198,0.0,0.00100001,confirmed
2025-10-24T17:56:42.075961,ethereum_tx,0xf2799a64a45a2b4a08915083324e0eee29c1b464854cd9816f546bfc4c9ed1e7,9481658,0x0E5B7f70F487472f639Ed5cdaBF1F42C34A402f7,0x9f54e6A87429E7bB2fe7B9f0ACCA3A31560FF198,0.0,0.00100001,confirmed
2025-10-24T17:56:42.075961,ethereum_tx,0xe95821c093769c5d34db07791863da7e0de7d7de9289a833549cc6e4d48a934e,9481659,0x3C95c2633296B264d051498C4b2e982EbB526A53,0x3C95c2633296B264d051498C4b2e982EbB526A53,0.0,4.1,confirmed
2025-10-24T17:56:42.075961,ethereum_tx,0xad04d68588f2e9352087ce914ac2ad2398751e16764d1e0acfeadbbed17ba47a,9481659,0xF28b785364B1e2C31662532bE1B47e5D6C06586e,0xcA11bde05977b3631167028862bE2a173976CA11,0.0,3.000000009,confirmed
2025-10-24T17:56:42.075961,ethereum_tx,0xb940973696ceadac8b38a18b9a774c909a51e30e963c8d0aceb54aa127f63732,9481659,0x6Cc9397c3B38739daCbfaA68EaD5F5D77Ba5F455,0x77034a08A8576F80De1415122995e0DBe263A8Ac,2.5,2.000000009,confirmed
2025-10-24T17:56:42.075961,ethereum_tx,0x2a6ad10f028b6186e9d58757ce92aa89fc0c81d7b65eef66f76374a76c8ebcf7,9481659,0xa001eEe7A5b9aeFfe1e31Ffecc87d15e9FF4eC94,0x73B668d8374DDB42c9e2f46fd5B754Ac215495bc,0.0,2.000000009,confirmed
2025-10-24T17:56:42.075961,ethereum_tx,0xd62f35746d2adb4f0abc95e0fdb2719d17f87252d88698d26a07c6a4dab26a7f,9481659,0x19CC7073150D9f5888f09E0e9016d2a39667df14,0xFf00000000000000000000000000000011155421,0.0,2.000000009,confirmed
2025-10-24T17:56:42.075961,ethereum_tx,0x4a138f4d885ca6b968bd4518b48434296cea6274f577678e8bf542cb2087f2bf,9481659,0xe7F38E2D57a0eA80240B5E65A69AF66812CbCd0C,0x00C1e900b3d3845BD34dA33395679B0C420DA5FC,0.01,2.0,confirmed
2025-10-24T17:56:42.075961,ethereum_tx,0x0bc61a76c429e8c5ed3accca6f895f58369c31fc5149b35eee96ac965e94061d,9481659,0x5cbD5063DdaE154c546860e2A4D2C16E2e1C786c,0xC983Fd6ABcB94cf974186a656a6B5509031772Eb,0.0,1.500000009,confirmed
2025-10-24T17:56:42.075961,ethereum_tx,0x3802f2a9f4555b248c8fe6bd0f701ed0a20c3dce8c03f642720aca2c23239300,9481659,0x217CAb43e0677e3469CFa02386F0b98AF05fbAe4,0x15d90213Ac6434Dd3bfF55fbDAC2dc5B6bfa5e67,0.0,1.500000009,confirmed
2025-10-24T17:56:42.075961,ethereum_tx,0xf37c0552d97913138e15728d75a16bfd3da47ea0bdfbd2aaf251cce5804c9fff,9481659,0x6b0B1525b4ebFC1D506d7F2CEe4Fc5B0706bec47,0x1c7D4B196Cb0C7B01d743Fbc6116a902379C7238,0.0,1.500000009,confirmed
2025-10-24T17:56:42.075961,ethereum_tx,0xc9a52a2bbf27c24d0cf323456e1cf0f93303552f5cb1250195e5254b7c248c1b,9481659,0xC87412c0d7767Ee287D2e4B6F4a580c1087ECe1A,0x2A4496bbC344414e3bDbE6a8E7c40EF007DAeEd1,0.0,1.5,confirmed
2025-10-24T17:56:42.075961,ethereum_tx,0x471e47301b92e0e6572e3f07c8ff1b09ed57f45ee84e20ce9f30d53d00d4b15f,9481659,0xF6B4F351d5C4AaE6Bd8eca60d25Ee527e501494C,0x2A4496bbC344414e3bDbE6a8E7c40EF007DAeEd1,0.0,1.5,confirmed
2025-10-24T17:56:42.075961,ethereum_tx,0x33cf49c50d47a5916feb4b52c286aa595465fff271086ad56f08c79c7c32f389,9481659,0x5252399b6a42c57bC1a7973dAA6727a02786f8dD,0x57c5dC670eB6f571bDD8Fc1CF178c46c9A917A74,0.0,1.5,confirmed
2025-10-24T17:56:42.075961,ethereum_tx,0xf932f421fabdf67dfe6d48bfaa2e7bc46d593c1fe67db3fb8b0deb54d6ecde51,9481659,0xC5fD2d2b4a035735F03ddD06B0500bD8e2480715,0x2A4496bbC344414e3bDbE6a8E7c40EF007DAeEd1,0.0,1.5,confirmed
2025-10-24T17:56:42.075961,ethereum_tx,0x70100721eb4803991b618379089f78de92dd3efab4db4ff1f7a8bb64162b5705,9481659,0xe5f4B0f77d3AD97267Fe39ce9e61c94Cd9341c8e,0x2A4496bbC344414e3bDbE6a8E7c40EF007DAeEd1,0.0,1.5,confirmed
2025-10-24T17:56:42.075961,ethereum_tx,0xe4c408ff2635b4abea697901505e1c34d2192b73f6d068a6f38daf37e0c2c700,9481659,0x8CFC2644e690D45709B9B8FC87B055c1771dD8FD,0x2A4496bbC344414e3bDbE6a8E7c40EF007DAeEd1,0.0,1.5,confirmed
2025-10-24T17:56:42.075961,ethereum_tx,0x93bd3420fcda38e427e1aef7bfa6a2b4e2da8e8677c4c3c0332303e02379ed4e,9481659,0xd45E9963E97a68C6d2E10D8972C1dB13733234a7,0x2A4496bbC344414e3bDbE6a8E7c40EF007DAeEd1,0.0,1.5,confirmed
2025-10-24T17:56:42.075961,ethereum_tx,0xc3b442d850318c304935b7a16303b210871049eeed84c13e1020be55a688f036,9481659,0x1361234CdD2598D5C49Be7b460936Ed1A718b841,0xCC3dFC09788Da51FCEDA716fdC56343abD7098B0,0.0,1.000000009,confirmed
2025-10-24T17:56:42.075961,ethereum_tx,0xcbcf3f701b32e7012c4d8e2ef587bfe8de1cd21c7e6ef0a56879139908081c7a,9481659,0x22d72dB063dd9cE6b96bDE48331E6984c1570F38,0x1E59A308BAFAd671F63BA5d440489f0a84bF0F7C,0.0,1.000000009,confirmed
2025-10-24T17:56:42.075961,ethereum_tx,0xaa8528e84fe724ae590ff7d36046fddf6f07197d87884fd50f6f31ecf4c801f9,9481659,0x2909931cb6AB1fBd24cA1743dF69cC9b2f2aA703,0x9f1a599CBc65b8FF76C0591C4EdE83a4717D4752,0.0,1.000000009,confirmed
2025-10-24T17:56:42.075961,ethereum_tx,0x5e848b89e237103c3315350edc210342e305841dc4d01f0a77a6c64567d97def,9481659,0x41B6b59a9365a58B00a68c597c49dB5Fa8C72116,0x9F057E253D69f6d362C63A3DB0bdff66eE8013dd,0.005,1.000000009,confirmed
2025-10-24T17:56:42.075961,ethereum_tx,0x875e8b68dce55bbee0b844c8b9abaf294da437ef226f02a1fca633453367f9a9,9481659,0xbceB0247dc98C45cd766DbFCc05926A2F488F944,0xbcD0240e87629671e5EB2d9BA50b6F538c39fa73,0.0,1.000000009,confirmed
2025-10-24T17:56:42.075961,ethereum_tx,0x191d8939c3497beefa44e27c0e76f08d88e36d5b3d860874a78b59eb3ef9c413,9481659,0x412494320555FcFF33F27c03312C98B5e3731CcD,0xA9Fa3510fE452CFD8b21439c09c5D884d7B98c0C,0.0,1.000000009,confirmed
2025-10-24T17:56:42.075961,ethereum_tx,0x1b82ab79350c76ce3eaf7eac56a151e98335249121ccf189bba55a986dd6bb71,9481659,0xECf8Cc85e0c9DeA4B109eDB538A38f74BDB723Cc,0x0526528F91628E10D9D3B3358eEeD5DFB07a688B,0.0,1.000000009,confirmed
2025-10-24T17:56:42.075961,ethereum_tx,0x23436492a6a415ae22706b82d0da52afac2b964fb1aee32c1c65dac94d7e3662,9481659,0xAD6B87B8729df7C3b833F0aEad8E60D5Adf9aE52,0xc5BE9e58D5Dd66081Ed340f698e5545b58529660,0.0,1.000000009,confirmed
2025-10-24T17:56:42.075961,ethereum_tx,0xab3b6dff7950228cf47751e7d0eb9a34d589daa4b69aa6f9ca4c0d1912515792,9481659,0x8e0247E3CbE8c9e4ECE06a2eCd27E7CE2B16f4A9,0xbad10A59460170902eB56E0a95bd363048983aCF,0.0,1.000000009,confirmed
2025-10-24T17:56:42.075961,ethereum_tx,0x0a86e0949d571565a21c495ea5bf8e6ab90d8f9bdb673870c8307821b0b78d07,9481659,0xB5EFD9EFa5a1C552cf5688DB5C6780aaB81DfD66,0x844B15e9E45cA772bD71E165917b7FBFDB526b88,0.0,1.000000009,confirmed
2025-10-24T17:56:42.075961,ethereum_tx,0x4db0c4bb311fad2ca000b5bcb7152e0ace6f81829afd2ab9a3bbb183bb228ad8,9481659,0x3D036BCE51b3E7715D55bF8B46dAa73d5001d720,0xc025C380dE36C6b033B2DeEeF8d0CB8F4e096933,0.0,1.000000009,confirmed
2025-10-24T17:56:42.075961,ethereum_tx,0x8f8bec5b6d32ef45d764e3285412a22b9b208ab167edbddc1270a78a3b587b53,9481659,0x3e55D94A8553CF879E94e5650C6bD752a9400DC6,0x5690D4BB60dFdC45c0f80a95644357d0655887DD,0.0,1.000000009,confirmed
2025-10-24T17:56:42.075961,ethereum_tx,0x19c01a2cd5722df4c930b8f1b2d94674fc35e0ec8d9c309d144c01fff7a444b3,9481659,0x06Da314915a32792B5C2d0a9A8d0E06195aE1124,0xFA3B05F2A7B318b0A0c484c529cF4f707c6277ff,0.0,1.000000009,confirmed
2025-10-24T17:56:42.075961,ethereum_tx,0x690b9bf80b207822d0c09a3a10e18a90a8996b8b622fbfef54407228c9d977ba,9481659,0x0b74F2f1b62a25b70f2affED2C022F51405A4642,0x14C7e0e0b277B756598F7C0778af46Ca8E6B4159,0.0,1.000000009,confirmed
2025-10-24T17:56:42.075961,ethereum_tx,0xd6b598146c8d31f3a6b277d9bf6840c80dd98936564d3a44689d2e61ec208f9f,9481659,0x246F1A6bB5a5e90fd62f38480c7cE2351AA76353,0x00D24488F235e1A69172dbf3b01FDE922159e303,0.0,1.000000009,confirmed
2025-10-24T17:56:42.075961,ethereum_tx,0x49bfbb1ea82606a3b22a15604377e5e4d53a58519a05da7895c5dc2169a0e957,9481659,0xc4B70799e45eBe99A350C6aB12c983b933853494,0x04EF01ce20d0b1B55B583dA0518Adefe28D9EE59,0.0,1.000000009,confirmed
2025-10-24T17:56:42.075961,ethereum_tx,0xebf677916107bfdcfc2d36909ca6302ce552a3d27b9772a740979ec02f54dbb0,9481659,0xe80170A5ADbb8A94F5385f5Ec4dcdBba00Bb999B,0x54F99A0607E689788464B0193737D6A8A78c16c7,0.0,1.000000009,confirmed
2025-10-24T17:56:42.075961,ethereum_tx,0xa0df1f65b4ad04a43672e200ed38f0642a9502c3b051657ab861b4c53b54f5b9,9481659,0xF0FEd0C0192539a1076d8BDa1233f414704d98Be,0x00D22efF04CF7d0f5A355A6D9A06E43120398dA6,0.0,1.000000009,confirmed
2025-10-24T17:56:42.075961,ethereum_tx,0x92e00bd06fa8ddd5537edba798abfe3bafb04bcd2828c049148c515d0f861608,9481659,0x51B0b2E3C41aAcecd38F445eCD08ddfd6350523b,0xf5a162777d9F0D2f61A543A6b3C758307473281B,0.0,1.000000009,confirmed
2025-10-24T17:56:42.075961,ethereum_tx,0xe1be2b8aa68cde1b951fdff2a3aa8b64abb1c9e2349c0cd3ab5e3f561bbb7ca9,9481659,0xF7176593E3B1A1Ed40dCCea9933Ee6DC4C063BCb,0x5d14a3fAD24ADd550D43C697855b5ff72D323B01,0.0,1.000000009,confirmed
2025-10-24T17:56:42.075961,ethereum_tx,0xccd25fed26298d8a7956d757a7b62d9edad1bb5d9af56280c063606a4cf751ef,9481659,0xf279f67ceC3dEb671dc1690e1Be375f00Feac03E,0xF40E9240464482db4B0e95bEAcb14C3dE04C5715,0.0,1.0,confirmed
2025-10-24T17:56:42.075961,ethereum_tx,0x57cedfe22f730d940e95dcefd447116179a2c27c215c11acab4f3e160b3e2013,9481659,0x400AA9D291A84b942AA9EF667638905906884c35,0x9f54e6A87429E7bB2fe7B9f0ACCA3A31560FF198,0.0,0.020000009,confirmed
2025-10-24T17:56:42.075961,ethereum_tx,0x94b6c120deba58a0f589ec1173f8a883e9f7e850206c88a16737ddff3717df38,9481659,0xEb110ddf55a98142d92FF5810f672E056a38F0B9,0xf993E10C83Fe26DddFc6cb5E82444C44201e8a9C,1e-06,0.020000009,confirmed
2025-10-24T17:56:42.075961,ethereum_tx,0x710dff7f5bca9cc2292bcb3a7c2ca97488973e4cc136c86a471fc8e523c44206,9481659,0x3E47D2EB0D8Acc165bB2c0dE05c4f36674b71B6B,0xf993E10C83Fe26DddFc6cb5E82444C44201e8a9C,1e-06,0.020000009,confirmed
2025-10-24T17:56:42.075961,ethereum_tx,0x5bd9d36f8f34c5b397211f0dbf9789450e68078aa3f028b2adf10e1bca3ed2fa,9481659,0x11dB8de40975fd69DC4608CEFfA31d3D1a448ddB,0xf993E10C83Fe26DddFc6cb5E82444C44201e8a9C,1e-06,0.020000009,confirmed
2025-10-24T17:56:42.075961,ethereum_tx,0xb0be5b46a4d30564f80e7610f8033e6b181b18055710e19becd6a0e063455788,9481659,0x93Ef37823a38519974B147305a7314D224babEAC,0xf993E10C83Fe26DddFc6cb5E82444C44201e8a9C,1e-06,0.020000009,confirmed
2025-10-24T17:56:42.075961,ethereum_tx,0xbed9ac2817877cd1cf81cfecacd8762e51d0e48215e803f708258da9794353de,9481659,0x43370108f30Ee5Ed54A9565F37af3BE8502903f5,0x0000000071727De22E5E9d8BAf0edAc6f37da032,0.0,0.003205194,confirmed
2025-10-24T17:56:42.075961,ethereum_tx,0x2186994007025d20675c6a366ae1389ff99a84b2d7622ef0dd658d4438d3782d,9481659,0x94b6a29B8b4681b76E9F4D4B2e7482E464DF3B7A,0x9bd469B960a028500f17fbDf7BEEDd1CD4C0E1D8,4e-18,0.002200018,confirmed
2025-10-24T17:56:42.075961,ethereum_tx,0x3e8460387f4344ca03052827f0e3e7fba4dd2f1c60565d7263cab9885ba6d318,9481659,0x4BA56bDa2009816e260921970041d6Eb005D7272,0xC764A997C86dC22B50Eb637626e3f46bfd82534A,0.0,0.001500002,confirmed
2025-10-24T17:56:42.075961,ethereum_tx,0x03deb20a57e267bdb5aa1889ae6a74aa1f551a10aed383e051b3fcfad1e7605a,9481659,0x3f38414Cd1e7122Cfcd4F36e72ad1E4d509F69D0,0x956962C34687A954e611A83619ABaA37Ce6bC78A,2.9662749532921e-05,0.001500001,confirmed
2025-10-24T17:56:42.075961,ethereum_tx,0x5d08352e34fe0d864ebd273061979e79f6cc5c05cecb956d2fd774b7af009ef2,9481659,0x3Fad53cfC12950336696EF3B08B4A8e9FBB3523C,0x956962C34687A954e611A83619ABaA37Ce6bC78A,2.775688991097e-06,0.001500001,confirmed
2025-10-24T17:56:42.075961,ethereum_tx,0x4408b89ced3df55935cb6c6e139074787ab4fe1676fbc4536f2b071114567f11,9481659,0x61d8838f9A00250C9AF13D622DA7c08c372ee587,0x3f0072B0B0812bb033340D43d093D07c9DFb8188,0.0,0.001257141,confirmed
2025-10-24T17:56:42.075961,ethereum_tx,0x812b333731c0bb45d98bbe95f99bee967cfd604b638416a2bcf8d22d299891a5,9481659,0x61d8838f9A00250C9AF13D622DA7c08c372ee587,0xCf8EDB3333Fae73b23f689229F4De6Ac95d1f707,0.0,0.001292855,confirmed
2025-10-24T17:56:42.075961,ethereum_tx,0xe035f9f392091693a024f36902c30f5baa94ff2a1b185ca057f48c65cd55128b,9481659,0xC088Db0D32639182D4a3C13FcC34B51e0F052578,0xEFdE3295eD0DbB1AEaC42ee5c374e4c57876D247,0.0,0.001200001,confirmed
2025-10-24T17:56:42.075961,ethereum_tx,0xe48c632b5936ba6e6dacf08e9aa3dbcf702e34bd9847f468d39ab75939789b46,9481659,0xc4126266E8BA270F1370765308b9D01480556DA6,0x87A3effB84CBE1E4caB6Ab430139eC41d156D55A,0.026491860040387793,0.001200001,confirmed
2025-10-24T17:56:42.075961,ethereum_tx,0xb99162885c868af0d34776487328dd90bca4f1e235aae02a43f6735b8af9713a,9481659,0xE4765a5D7335DAd51b3058d0b8eDeE540D149a21,0x83458E8Bf8206131Fe5c05127007FA164c0948A2,1e-18,0.001199998,confirmed
2025-10-24T17:56:42.075961,ethereum_tx,0x5ff24640ad9c21aedfc34026364e9bdad6f068f9c1acae91fece118fcc38ee79,9481659,0x762fcb5a7DA58481c0ac88C7579ef1fC5527C11D,0x1552573d9cEa305c82F998C120e19c2aF8BFfF56,0.0,0.001100001,confirmed
2025-10-24T17:56:42.075961,ethereum_tx,0xaadc6818ce3571dad56bc12514d3cca7ff3d6e9893928ab4dda89a8c6410aa18,9481659,0xe6e647E245f513389CE201D95D6Ea15830F11C8E,0xE99C54fF96Ae65cd3eE322f368b9f3C2bf20c210,0.0,0.00105388,confirmed
2025-10-24T17:56:42.075961,ethereum_tx,0x35764e91d1d35b08d91973facd6358245da40523a9a043923d2066f30a580b88,9481659,0x715d1084b1237Ba6a61447890F282E2505471EEC,0xb5A49949C49dEDD852F9f0f419b17aD2785032db,0.0,0.001052651,confirmed
2025-10-24T17:56:42.075961,ethereum_tx,0x545044dfc48abbdb6ff2072ebe3e87d8cad39bddd5a4fcbbf8ee1e50a0821aaf,9481659,0xF6636520E0773d380C2E82589eADe80Cd9503037,0x7215691F60C4fA7Bb82c5Ac44c7d57dc32bB0493,0.0,0.001052632,confirmed
2025-10-24T17:56:42.075961,ethereum_tx,0x62e1f54d30a7ee9d035f3f951622d3d9f2d3846893ad5f051ba6581299fcb166,9481659,0x42c0465668Db9391e622040eF22CFc4fbC8b2e9D,0x3eDF60dd017aCe33A0220F78741b5581C385A1BA,0.0,0.001052631,confirmed
2025-10-24T17:56:42.075961,ethereum_tx,0xe33e3aa4b09d812fed773d51f767593c0a3ec5d4500123581b3110935df45560,9481659,0xBf389beCd498E1a07bd011489F6982DbC7E31897,0xFb13dE1C5aC28fc8335Ec5721b06eB4eA6e3897b,0.0,0.001038817,confirmed
2025-10-24T17:56:42.075961,ethereum_tx,0xa026ff2107dcbeb89d3c90c16833e21233abdff88c542ba0774e82ffe54f9b21,9481659,0x3Da763C42E438eB17880fB6A83040d6cf13eF03b,0xFf00000000000000000000000000000000042069,0.0,0.001012502,confirmed
2025-10-24T17:56:42.075961,ethereum_tx,0xe6370d074c12928f7212050ea65f10369795c41c5924709bf6552a8abba3e541,9481659,0x33ACA465511665dA9eA88B61f57200CaF9405Da9,0xFb13dE1C5aC28fc8335Ec5721b06eB4eA6e3897b,0.0,0.001012502,confirmed
2025-10-24T17:56:42.075961,ethereum_tx,0x1438678493f02da74cce80e84a81f02bc063c4db5feade013e3c2e219d728de8,9481659,0xC0A95B8A7EBcAfF89436492A205E98d2e3277B37,,0.0,0.001012502,confirmed
2025-10-24T17:56:42.075961,ethereum_tx,0x51aa35bd510257beeb8594da5934b70388a9e6da77001b2343be4fc4893cf3b2,9481659,0x3Da763C42E438eB17880fB6A83040d6cf13eF03b,0xFf00000000000000000000000000000000042069,0.0,0.001038817,confirmed
2025-10-24T17:56:42.075961,ethereum_tx,0x53e89616c2939fcbd7178ace12b585082cf513496046e13096317ed0d5b6b2f0,9481659,0x4337011463EF6BD863E47E7b5E743D2522261131,0x0000000071727De22E5E9d8BAf0edAc6f37da032,0.0,0.00100953,confirmed
2025-10-24T17:56:42.075961,ethereum_tx,0x2aa593d007fad1cfe28c74b382cf4e2c62403f667455f71c730d52de1ad3fca9,9481659,0xB4fC80AEc34911C5d761259E74aE8a24c2C5D995,0x72de35dC43acfC49B6B21e559F8cA586e0E12011,0.0,0.00100001,confirmed
2025-10-24T17:56:42.075961,ethereum_tx,0x62ac14e9c849fc2eb71c6993471286e5ca5e1eade143570dd7047aaa8cad3fa8,9481659,0x4f70C13Bec4f452167eb27Ecf8Dd4066Da89dA09,0x0000000000000000000000000000000000000000,1e-05,0.001000009,confirmed
2025-10-24T17:56:42.075961,ethereum_tx,0xc1ccd4c0567cebfcb148afd49898b97b887dce4686cc99ca775d359482972082,9481659,0x7e922677B1824d6E65e1Be413eFcDa33718DB23c,0x86EFBD0b6736Bed994962f9797049422A3A8E8Ad,0.0,0.001000009,confirmed
2025-10-24T17:56:42.075961,ethereum_tx,0x8df7919a05418e2c2b5d27b9d3e98c3a600590d39518566e2118861f76b05aef,9481659,0x7F555Bb770bD2B45Eb07D6ca128af42f64dc1152,0x87A3effB84CBE1E4caB6Ab430139eC41d156D55A,0.0,0.001000001,confirmed
2025-10-24T17:56:42.075961,ethereum_tx,0xf39b80feeec7fcc1e63635384c2c2f7365c02af222af17e5a0bd6ed468876150,9481659,0xd5B51C6ab85aCd8EbEC28C7A6b4fA432e14d6917,0xf096E84DC26CeBE9C8e688848abd5F7A91BedF48,4.57e-06,0.001000001,confirmed
2025-10-24T17:56:42.075961,ethereum_tx,0x6a11e98bad85dfe88c5f9e6ae5f462293bef4b3de3210abce2cac9f4e0bf03a2,9481659,0xf0dE51bE38f9931D29526dc29Ede5A5c42E1dc99,0x853758425e953739F5438fd6fd0Efe04A477b039,0.0001,0.001000001,confirmed
2025-10-24T17:56:42.075961,ethereum_tx,0x6be637f0284055de778e4a3f075c59b781163ef141b3f7edd04db5427975b5a7,9481659,0x099BA97a37FA019c064a2517026e3c2Ea8DB9964,0xF6e7F84d9cee738ec59c08B7a7260152C236813a,0.0,0.001000001,confirmed
2025-10-24T17:56:42.075961,ethereum_tx,0xbb43494b6498f8e02fa5f2491b6990872965df789c27337bf50bbd023eebcbd9,9481659,0x4d85Dc5d33FBAF530bB3D4BA4f6061dd8d18b332,0x853758425e953739F5438fd6fd0Efe04A477b039,0.0001,0.001000001,confirmed
2025-10-24T17:56:42.075961,ethereum_tx,0x27726630de98eae54caf87af6ba0c28c3a4cc0852f657c40f03565416dccea03,9481659,0xFD7d303604b40D5Ef7f480a27168B94521078F01,0x87A3effB84CBE1E4caB6Ab430139eC41d156D55A,0.0,0.001000001,confirmed
2025-10-24T17:56:42.075961,ethereum_tx,0x6185a46be8eac9d564994e79668227cc230cced358f6f0036c9eb0d99b1e42f8,9481659,0xdBB0b086550c9338fF4668B28D444a0153271ade,0x853758425e953739F5438fd6fd0Efe04A477b039,0.0001,0.001000001,confirmed
2025-10-24T17:56:42.075961,ethereum_tx,0x7467413d873b38f22f3f972f5a2e3734731f4885ced96aa482e9e455907989cd,9481659,0x13e6009357AF52E7D564b5914aa97719C8304A28,0x956962C34687A954e611A83619ABaA37Ce6bC78A,1e-05,0.001,confirmed
2025-10-24T17:56:42.075961,ethereum_tx,0x20d6961ff752c904985728445053195ede98f4782a73ba81821f43a47b3d05a9,9481659,0xa0Be15C8AeaBD5aBC01Dc0fd1A4aa3481737A41C,0x956962C34687A954e611A83619ABaA37Ce6bC78A,1e-07,0.001,confirmed
2025-10-24T17:56:42.075961,ethereum_tx,0x0abd74c61c8c3d37263d168145980a3cb2abaa275e21f781ab7d0a092841233f,9481659,0x3D3D8c5DE25a5Ed8F919E95ecad77818B5BF1C85,0xB88Ca91Fef0874828e5ea830402e9089aaE0bB7F,0.0,0.001,confirmed
2025-10-24T17:56:42.075961,ethereum_tx,0x6860891142edc666d62850082783f77ab6f54ccbf58aa677022f7206c8bc0471,9481659,0x903e631553c609892c5e26EF67D9a3825d40Ab86,0x956962C34687A954e611A83619ABaA37Ce6bC78A,1e-06,0.001,confirmed
2025-10-24T17:56:42.075961,ethereum_tx,0x66aaa0b7106fce6035e1dee6b6cd9cba3f27f3a4c5e96a9c2bb4b93b0eda302d,9481659,0x6d50EDC485a5c5C8E57e45994de1C8f8A11A7cee,0xcfD5dDc974005CDfCE04286a4E96a28Bb9366b8c,7.3e-05,0.001,confirmed
2025-10-24T17:56:42.075961,ethereum_tx,0x490d717b9af8fb832dbb47110dca358734d61d901ad20542d9729e7b8fbe5019,9481659,0x26cDc7A5B7b2411e1fE3fe1b486210E2227Bf7Ca,0x956962C34687A954e611A83619ABaA37Ce6bC78A,0.0001,0.001,confirmed
2025-10-24T17:56:42.075961,ethereum_tx,0xf6d2e8b94ad31956e3854b840b148c341a4c10a4b66bbc28101f239389570439,9481659,0x6BdebD073e480d2C88Db8896213B83B9D03F22Fa,0x03C66CB1826BDB0395BF31E68Bf7E873e9564fFB,0.0,0.001,confirmed
2025-10-24T17:56:42.075961,ethereum_tx,0x62b24b1573a24a146bf0d3abd825b10c81ac8c8b4d0c4a47057c563e80317b6b,9481659,0x8B1ab78607bFeAFD877d079B242B66c6Dad6837d,0x03C66CB1826BDB0395BF31E68Bf7E873e9564fFB,0.0,0.001,confirmed
2025-10-24T17:56:42.075961,ethereum_tx,0xfcb945b4afdedb15748c867f441404a3be80d8e19bc264f7d8f57edda5592179,9481659,0x22eF655e70e2C810F5F475B2740F0E01fD57e626,0x956962C34687A954e611A83619ABaA37Ce6bC78A,1e-10,0.001,confirmed
2025-10-24T17:56:42.075961,ethereum_tx,0xfa204ad95fd6d3fad3f849c62dae189a0cffefbcfad84b2e1b86da2e06ea4057,9481659,0xB3C259f1235A50Bd0B8aA2E588648c106F6F3816,0x0215f8e5e81B75799Ae38232420377339d811796,0.0,0.001,confirmed
2025-10-24T17:56:42.075961,ethereum_tx,0x09a4c3b21b12b0e5da24db1669f8fe79040451b3c8dcbe35a440939d5f963d5d,9481659,0x130665aa76CF6A5cFa2d7428479672127064e7AE,0x03C66CB1826BDB0395BF31E68Bf7E873e9564fFB,0.0,0.001,confirmed
2025-10-24T17:56:42.075961,ethereum_tx,0x02421395662695527ca4f65cd2fa8dad81df6dd1ffc6c96bd6860078b9db022d,9481659,0x9C8FaA60ac71ad698FA1E9ba77C7F409eF4834cf,0x956962C34687A954e611A83619ABaA37Ce6bC78A,0.000132,0.001,confirmed
2025-10-24T17:56:42.075961,ethereum_tx,0xe5a77dbd466e1a71080bdcb18e816326d2327b881e4014f0151e14dc47211057,9481659,0x43370188473A398394E4ba4a7C7cbb2c6265e22A,0x5FF137D4b0FDCD49DcA30c7CF57E578a026d2789,0.0,0.001,confirmed
2025-10-24T17:56:42.075961,ethereum_tx,0x0a5f7d6ef13a83f93da1fa83a0c22ffec2270d0d97be66224ddc1c4f7eebfd84,9481659,0x0C07f472f4DF092A655E4b2F7DfaAdc248146389,0x03C66CB1826BDB0395BF31E68Bf7E873e9564fFB,0.0,0.001,confirmed
2025-10-24T17:56:42.075961,ethereum_tx,0x91c4ea796806e4ed706205e6867c7790c9f8fe3685f77b515a168eba181f3095,9481659,0xda99Bc27F8E03Cb88b7CC27B9317eE3cbBE77DdA,0x956962C34687A954e611A83619ABaA37Ce6bC78A,1e-07,0.001,confirmed
2025-10-24T17:56:42.075961,ethereum_tx,0x043f98d7026feb90bba567efade74a84150f306bc2e5c2a12052039f4fb47a60,9481659,0x8Bd703add6b2daeFb353d3D2188AA6C75A7cC47D,0x956962C34687A954e611A83619ABaA37Ce6bC78A,1e-06,0.001,confirmed
2025-10-24T17:56:42.075961,ethereum_tx,0x422685b75e14a2b94de28f0f062616c9ace6916eb93aa0118e276e4c790a621f,9481659,0x7B001d302d82618DE3cF8d07ef1f07C86daC071C,0x77f2a527869baA11B96B7B52304fD8afd39Bb07e,2.02e-06,0.001,confirmed
2025-10-24T17:56:42.075961,ethereum_tx,0xcd559e679dbefa2db903827212c75d40de3edd18ae848017de0b7710c8bc5a6b,9481659,0xc194296608dD6aC197b1106A5dC1D7b4ebB88e65,0x03C66CB1826BDB0395BF31E68Bf7E873e9564fFB,0.0,0.001,confirmed
2025-10-24T17:56:42.075961,ethereum_tx,0xbd75fbb07fb6d105c740edace8629090539d32decf82e48cc513d8f45ec6bdaf,9481659,0xfdEB572BACbFB20Fe009aB7319C8A26bB1dC41e2,0x956962C34687A954e611A83619ABaA37Ce6bC78A,1e-06,0.001,confirmed
2025-10-24T17:56:42.075961,ethereum_tx,0xb344b4306b2df3d0565ed30d9007549b529bdb0fd48f5b7d89e05a3587c2eeab,9481659,0xf0133f1Ed4b20162827bf3Dd9a042C09d82Af83B,0x03C66CB1826BDB0395BF31E68Bf7E873e9564fFB,0.0,0.001,confirmed
2025-10-24T17:56:42.075961,ethereum_tx,0xc98629235812306d0fc33ea5f74e63f5c073b1d3c536f0a0d4733e1e95c1e972,9481659,0xcD12Ed9b63603bc9685Cda552c0156d9b297b41F,0x87A3effB84CBE1E4caB6Ab430139eC41d156D55A,1.5e-05,0.001,confirmed
2025-10-24T17:56:42.075961,ethereum_tx,0xbe2e19a1016b0ea84f0a31bbfdcbce474e6b1db09aa1653c1e9de8ecf5e89d6d,9481659,0xF39c610E025a84A6591EfF901cEB0638458CFF20,0x03C66CB1826BDB0395BF31E68Bf7E873e9564fFB,0.0,0.001,confirmed
2025-10-24T17:56:42.075961,ethereum_tx,0x3142c1e6694807a5b377ead73e422a1960765e49f704d4782fa91378c273d012,9481659,0x7153852766e2E2aC23fA90E5D5FdaFCC59C5CEed,0xf41196d99EF412C723adaAbA9f474949302dbBb1,1.78e-06,0.001,confirmed
2025-10-24T17:56:42.075961,ethereum_tx,0x5457f87c084575285e9f78062781859ad45fc788ae44ab88d478f69bed2e5cc1,9481659,0x67a47bd6d99Fec4a19b6905Cd051Db59b553Db46,0x956962C34687A954e611A83619ABaA37Ce6bC78A,3e-06,0.001,confirmed
2025-10-24T17:56:42.075961,ethereum_tx,0x6b8543a608eeed6fde3623b5510da1ba61c8697706681c50810fa3bbe0580611,9481659,0x86998d563F47e9cC192be06a5701b1602C441140,0x956962C34687A954e611A83619ABaA37Ce6bC78A,0.001,0.001,confirmed
2025-10-24T17:56:42.075961,ethereum_tx,0xce9e6254ee2c9e1f42afe3cafafa8b9060598f61294dc16dfed52343404f3e73,9481659,0x660510de8473d0F15F45A42aD4B2E231F426c6F1,0x08d2b0a37F869FF76BACB5Bab3278E26ab7067B7,1.64e-05,0.001,confirmed
2025-10-24T17:56:42.075961,ethereum_tx,0x5e2419ebb63d29c7595701a577f167c1fbc318fdff0eb965a6d5ef4167bdc520,9481659,0x721205AbBCdf0ec8afb20DFf4062369d0424731e,0x03C66CB1826BDB0395BF31E68Bf7E873e9564fFB,0.0,0.001,confirmed
2025-10-24T17:56:42.075961,ethereum_tx,0xdba7d4448b04d13f50c6ac31b3d649739faed8e0cc408a90b99b2eb1e7f283f9,9481659,0x0f625bD1bAB39396DaE1D855264c473C0fAcE85c,0x08d2b0a37F869FF76BACB5Bab3278E26ab7067B7,6.68e-05,0.001,confirmed
2025-10-24T17:56:42.075961,ethereum_tx,0xbfd7da4463240123f2954e47d9bb66cbf1e0fce57986af24b0447276e32dbd3e,9481659,0xf28836a07eb2C2cF82d61210C2B767eb8171e95e,0x956962C34687A954e611A83619ABaA37Ce6bC78A,1e-07,0.001,confirmed
2025-10-24T17:56:42.075961,ethereum_tx,0xe3aa8b98fa8505a617f11213452d234514255bc7d772b75442b7e506067f2380,9481659,0x7f948aA0ff4efFD89d010C58115c32dbc277867f,0x03C66CB1826BDB0395BF31E68Bf7E873e9564fFB,0.0,0.001,confirmed
2025-10-24T17:56:42.075961,ethereum_tx,0xf9583a4b5e476e2299ac8f0e249ab051d6026a439ecf605c6b8f244b0d4a49dc,9481659,0x2a578a2c7e17326c8a9d26781ccc71ea2783100C,0x03C66CB1826BDB0395BF31E68Bf7E873e9564fFB,0.0,0.001,confirmed
2025-10-24T17:56:42.075961,ethereum_tx,0x64598fbb73a42c917e0679d1bb74c98ba3125326908db88bba295f560f03aa80,9481659,0x97Cd76d486f91bFCB00231BC1bD107A829804fa4,0x956962C34687A954e611A83619ABaA37Ce6bC78A,1e-06,0.001,confirmed
2025-10-24T17:56:42.075961,ethereum_tx,0x1e36376ed87d311df260abc6cc497e7d4b2624286ce2c0c5b3dcfc6885dd88b4,9481659,0x0Ba98B78fd93721879e92963C1ea31401171CC41,0x87A3effB84CBE1E4caB6Ab430139eC41d156D55A,0.0,0.001,confirmed
2025-10-24T17:56:42.075961,ethereum_tx,0x4bddb34b7a690163d5348005bd31e31934ca82f96c999e2671aa405559b49a89,9481659,0x1B00F502084868ef2Bdd664AAFC643a1B130A233,0x956962C34687A954e611A83619ABaA37Ce6bC78A,1e-07,0.001,confirmed
2025-10-24T17:56:42.075961,ethereum_tx,0x2ce96a733428dc3c6fb19ee77cee86cd5d4d4f853909067d410dcb910e10b352,9481659,0x619BD7235f92D1fA69863CDc257AF6824c71e827,0x03C66CB1826BDB0395BF31E68Bf7E873e9564fFB,0.0,0.001,confirmed
2025-10-24T17:56:42.075961,ethereum_tx,0xacd0091c69366973e6c4330adac46973feb99c365ced1e719c81a6d10698b160,9481659,0x170e4bB7c3817C7Ba9d575b222089283F5a4D845,0x03C66CB1826BDB0395BF31E68Bf7E873e9564fFB,0.0,0.001,confirmed
2025-10-24T17:56:42.075961,ethereum_tx,0xae4f910b82ca9d2f32104fdd8ea63c9290c1693ad320ff62dfcbf98b36f77455,9481659,0xEa729d8A01B2348150F017873835b14a17230983,0x03C66CB1826BDB0395BF31E68Bf7E873e9564fFB,0.0,0.001,confirmed
2025-10-24T17:56:42.075961,ethereum_tx,0x59b9d0de00592b5c38d7d7a0f705cd56ef0644f6856638edf766a7b98a3fa8c8,9481659,0xF7067502F610fBcFA7158416af7550c0Bb24C020,0x956962C34687A954e611A83619ABaA37Ce6bC78A,1e-07,0.001,confirmed
2025-10-24T17:56:42.075961,ethereum_tx,0x1ff6ea512ee33db7b403827789744f18f6bd62560fbb113e4cd3ab1b911415b7,9481659,0x0B9428f89c91875E39c1951e68Ab38593B870Cf2,0x8bfE61eEDF24094F6832BD2E01FD3b8846b96B7c,1e-08,0.001,confirmed
2025-10-24T17:56:42.075961,ethereum_tx,0xb3af5539592803f8001858db6a565e6d5c918f52de832a70060ac3dace85698f,9481659,0xdB28c5F0ed9d8545F420f6Ca41e48FF3eF97c8a5,0x03C66CB1826BDB0395BF31E68Bf7E873e9564fFB,0.0,0.001,confirmed
2025-10-24T17:56:42.075961,ethereum_tx,0x3ae13d617d7ceffe6d6be9c495c891d83234061db6c1ef38063904cad6cf9368,9481659,0x6d95AbF89c16Bb1682DEa4b31C85e311D569567e,0xEa1499503adDDC74Fc284a5707D29bCAc8cd48ca,0.0,0.001,confirmed
2025-10-24T17:56:42.075961,ethereum_tx,0xbec817428d1dc4b30f94c9210fd3a934645f6a54dfb1771f9a7bbb15ee5d31f1,9481659,0xACE8E0Ee5E012c5fb13224FE2b989C2ED9A7889a,0x03C66CB1826BDB0395BF31E68Bf7E873e9564fFB,0.0,0.001,confirmed
2025-10-24T17:56:42.075961,ethereum_tx,0x39ed92de65e4c0432516af435ea11221f5bb346be009565b9a89b36a8bbaf583,9481659,0x1FFA89cf51Af16F467244D979A8a15A35953bde2,0x87A3effB84CBE1E4caB6Ab430139eC41d156D55A,0.00076,0.001,confirmed
2025-10-24T17:56:42.075961,ethereum_tx,0xd42421a945acbd4d563b18107f11722697f63f412d0f3dea95a65afa49bbfc60,9481659,0x8Dfe90E5a0E285741723cdDEa9615ECbF6E2A2cb,0x956962C34687A954e611A83619ABaA37Ce6bC78A,1e-07,0.001,confirmed
2025-10-24T17:56:42.075961,ethereum_tx,0xdf7a440b2b3df1ab66c735576b7e52125e8e9a543da93cf4fa8cf445c69af0e6,9481659,0x168d110180E2992e7c23ae4BEA7581EC591187bd,0x08d2b0a37F869FF76BACB5Bab3278E26ab7067B7,1e-05,0.001,confirmed
2025-10-24T17:56:42.075961,ethereum_tx,0x485482b63f56fe57f41b11f5fb01efbe3d68bd1d51933796b182103a806adcc5,9481659,0x08Ae12FA000909B4a64211048E174E40f5D9FD11,0x03C66CB1826BDB0395BF31E68Bf7E873e9564fFB,0.0,0.001,confirmed
2025-10-24T17:56:42.075961,ethereum_tx,0x5dbd64cdc9824d62a8c5895a9eb5cf2e52f65e8c98df52c67f39cfe67db9832a,9481659,0xe03F5Eea59b3e719653d522811A49E089FA0DE8e,0x956962C34687A954e611A83619ABaA37Ce6bC78A,0.001,0.001,confirmed
2025-10-24T17:56:42.075961,ethereum_tx,0x643331e09514b49cc8d33281d9d64e1333706b926b910d12be200c7161b14a3e,9481659,0x4d04cEEF3F58Ee6Daad60f30950225ce2f1aE50A,0x08d2b0a37F869FF76BACB5Bab3278E26ab7067B7,6.9e-05,0.001,confirmed
2025-10-24T17:56:42.075961,ethereum_tx,0x078f672605b838f908786c3710fc07e7a0b997629b5e1744c46967c58dcb95b6,9481659,0x15D64a430Bb317Cab19B9E4b427a019Ebc1e7Fa1,0x956962C34687A954e611A83619ABaA37Ce6bC78A,1e-06,0.001,confirmed
2025-10-24T17:56:42.075961,ethereum_tx,0x1fa48815e2aa1c3caccbdb1c6e76669e15dbbd3a04a2ccbcbe8a0f3dfd931f55,9481659,0x08B1d63CE0329Ee39A78d7762AdA1955135944aA,0x03C66CB1826BDB0395BF31E68Bf7E873e9564fFB,0.0,0.001,confirmed
2025-10-24T17:56:42.075961,ethereum_tx,0x3b679a3534021d6a11d155c5a3cf172129a42aa4b4093edc310a6222635b4668,9481659,0x976C95e6fE5D39e0b1daB5Beeb927Fe849418607,0x08d2b0a37F869FF76BACB5Bab3278E26ab7067B7,5e-05,0.001,confirmed
2025-10-24T17:56:42.075961,ethereum_tx,0xc010fbcca41cf31efefbce77d78269322f31f82480e3f4144fd1afa73082f9d6,9481659,0x2bF78d2268Ed1776E41323D6A5aE694d8c8F7968,0x956962C34687A954e611A83619ABaA37Ce6bC78A,0.0001,0.001,confirmed
2025-10-24T17:56:42.075961,ethereum_tx,0x00faa5e76a06fbead6ea050a98f523a21a610415ab31b82ec692a095c4f5ce8d,9481659,0xc1811F60a12D13d736dd011110D82eC085077afa,0x03C66CB1826BDB0395BF31E68Bf7E873e9564fFB,0.0,0.001,confirmed
2025-10-24T17:56:42.075961,ethereum_tx,0x7450d130ddfb5b50de101324ab1954ba2799af1cdaff849fdac690edae25272a,9481659,0x8190448ff47aDA68d8f836B5d4AE9030959BF0e7,0x03C66CB1826BDB0395BF31E68Bf7E873e9564fFB,0.0,0.001,confirmed
2025-10-24T17:56:42.075961,ethereum_tx,0xca5465ce79136f90b8c21b5ef880554d4643a05b083eaeb0e1a3025c62dfd674,9481659,0xff8e386D89249068195c8B8f19d53DA032Cc767B,0x956962C34687A954e611A83619ABaA37Ce6bC78A,0.0001,0.001,confirmed
2025-10-24T17:56:42.075961,ethereum_tx,0x6ed91c69aacfb6d47c89852e61295c4062c27c7696fd4c7b410ab142ed588ca1,9481659,0x0B61fd795242cAED2FEd5DB1c83E8F46D390aFD5,0x956962C34687A954e611A83619ABaA37Ce6bC78A,0.0001,0.001,confirmed
2025-10-24T17:56:42.075961,ethereum_tx,0xa61747cb1cb8149c38216902f1bd4ac0c18b3f9596b95b5654385c72a522a6a4,9481659,0x40dc7CE465DBa512c3268966235fbd1747ce977e,0x03C66CB1826BDB0395BF31E68Bf7E873e9564fFB,0.0,0.001,confirmed
2025-10-24T17:56:42.075961,ethereum_tx,0xe903cbe0d07da6568abe1cddede47a4caf260bb3598b3dae17bdc58c1b10d0d0,9481659,0x66225daB65B81764765200358e01b810b2a00603,0x03C66CB1826BDB0395BF31E68Bf7E873e9564fFB,0.0,0.001,confirmed
2025-10-24T17:56:42.075961,ethereum_tx,0xe161e380b6bab68a1726a9075922f720ceb51461afeb20df18f3f0f5edcef06f,9481659,0x27dC15A09E42D43b08927173BE74C9C5ee13eE08,0x03C66CB1826BDB0395BF31E68Bf7E873e9564fFB,0.0,0.001,confirmed
2025-10-24T17:56:42.075961,ethereum_tx,0x8478609522ad2cfd6678745117dc185ba2671b457907e5918c083909ed2010cd,9481659,0xba46dBE2750899732a60eA66c7Ee576398b7369C,0x03C66CB1826BDB0395BF31E68Bf7E873e9564fFB,0.0,0.001,confirmed
2025-10-24T17:56:42.075961,ethereum_tx,0xcae92028577be517f99453493c1ffe9394959cb318849941b0bec9d31588141f,9481659,0x64507a8A019d59516Ca8A036C44DF5b56BCBc6b0,0x03C66CB1826BDB0395BF31E68Bf7E873e9564fFB,0.0,0.001,confirmed
2025-10-24T17:56:42.075961,ethereum_tx,0x79d41f248ee6cae01fff8a350f77f6c9490ee05451e8f080330f2fc409ed8f2d,9481659,0x402fe26aD010A510055214Fb30Ac4352c535b303,0x03C66CB1826BDB0395BF31E68Bf7E873e9564fFB,0.0,0.001,confirmed
2025-10-24T17:56:42.075961,ethereum_tx,0xba067e6f97ff5e2f6372e264845992ad3abcdca937a4b709871a93b170c5852f,9481659,0x0ff68711c5439A666ab1b89c4D0A5A63df06A1D2,0x956962C34687A954e611A83619ABaA37Ce6bC78A,0.001,0.001,confirmed
2025-10-24T17:56:42.075961,ethereum_tx,0x26027187e582337430e20d6ed636ad073a92378dded6be8eeac1d4a32fdfc944,9481659,0x0D5BDAd21E8C439033e705F8907947f730D1ce84,0x956962C34687A954e611A83619ABaA37Ce6bC78A,1e-07,0.001,confirmed
2025-10-24T17:56:42.075961,ethereum_tx,0xc36c66db3b0dda5e607fb0cf8d496ce4c498dbbcf12451227e5c9f4843643e4a,9481659,0x247365225B96Cd8bc078F7263F6704f3EaD96494,0xF0111EdE031a4377C34A4AD900f1E633E41055Dc,0.0,0.001,confirmed
2025-10-24T17:56:42.075961,ethereum_tx,0xb9a259199d1156c4966c0b2f798a08ece3356b284d556fe895f953f06329643f,9481659,0xb3Fb53Aec32a7B31e21d155364E7A7eE9c20A39f,0x87A3effB84CBE1E4caB6Ab430139eC41d156D55A,0.0,0.001,confirmed
2025-10-24T17:56:42.075961,ethereum_tx,0xdc39cd64d932f078330fd4442ca17ad9a3bcad0b9b68c8600594b3e8f1162672,9481659,0x2dE217e88cBb6f152496256Cf97CC4B3Bb770c68,0x956962C34687A954e611A83619ABaA37Ce6bC78A,0.001,0.001,confirmed
2025-10-24T17:56:42.075961,ethereum_tx,0x2e27a42c0fc67c1aa2706ebf325f2df58460d0dd64dbcd5396aec16a85d49ea6,9481660,0x51E3B84966c042C278dEb61564C106B6b82aF792,0xfB1fa32605b1Cd1B91d1B80CCC7dde8EDab643D3,0.0,200.0,confirmed
2025-10-24T17:56:42.075961,ethereum_tx,0x927c968ecedb2441dfe2d218be68dddc8a62cdfc3202fc66cb24708960736071,9481660,0xFCf2B96E1b250e1C1B1B5f0af7821549C84E9D1E,0xcA11bde05977b3631167028862bE2a173976CA11,0.0,3.000000009,confirmed
2025-10-24T17:56:42.075961,ethereum_tx,0xe2e8d0e6f72b723279372aef9c7d9146b2796650289ab156b982d29ef4ed2515,9481660,0x55A07F9f7eD7F110c2Ddd8f2f5d8677Dc94aF4E2,0xeA30c4B8b44078Bbf8a6ef5b9f1eC1626C7848D9,0.0,2.200000009,confirmed
2025-10-24T17:56:42.075961,ethereum_tx,0x6f41013e9b429c4518e3a92dcb1569d7ed4bc714b069d8bd8fdf22915592cac9,9481660,0xa47FD6B99483Fc9165aB9c43bF8ec615EeFe441C,0x73B668d8374DDB42c9e2f46fd5B754Ac215495bc,0.0,2.000000009,confirmed
2025-10-24T17:56:42.075961,ethereum_tx,0x78e86ec47d902df839363113a9dba4d82407522dd72df620efe3dba550cb47cc,9481660,0x35765E3c86f036C0257d045f9e43B28306D68546,0x00Da6695be0769115964adFf4e548D3f51Db8fF1,0.0,2.000000009,confirmed
2025-10-24T17:56:42.075961,ethereum_tx,0x2a7303dfd4dbedd8ef28367277aa8c80e2de76f7c965038f6764758ce7aab68c,9481660,0x424C2C0Ab019FF6F2382f504CB8EC9C4E736af49,0xBC04d69Ecd7890699b2BE7924eA86474e15098E6,0.599968499999706,1.500000009,confirmed
2025-10-24T17:56:42.075961,ethereum_tx,0xdae48c549d1ccebae9983a5fccc56d343ec6802a0af4617473dedcce931fa8c4,9481660,0x9261432cab3c0F83E86fa6e41E4a88dA06E7ecc6,0xaC1B68cC4Fd293ae675f34e83A8016cC5876A4c0,0.0,1.500000009,confirmed
2025-10-24T17:56:42.075961,ethereum_tx,0x218c78e7b7ea76284ee1e181cb26c1f3a59beb5d20200b43cde07291ba4274f3,9481660,0x22080b164346366ef5ee15606d5Ee1C5A9f27708,0xc861aE0Cd70b73b0C8F1D62Fa669E6D1d7D7e0aB,3.09e-06,1.500000009,confirmed
2025-10-24T17:56:42.075961,ethereum_tx,0xa9f94339679eba4b0f7a6199e4c6d46c7775b4a045be7a9375a8318706139dcd,9481660,0x4C86bB55922f904CbFbC99BB9EE08fbfA99355D9,0x2A4496bbC344414e3bDbE6a8E7c40EF007DAeEd1,0.0,1.5,confirmed
2025-10-24T17:56:42.075961,ethereum_tx,0x3fb87259b8723493a3e45c715940b099784e1c92fbcf2c6e7bae8b59eaeed830,9481660,0x6a95C6B532bedC6ffA9402e664Cb933f60511413,0x2A4496bbC344414e3bDbE6a8E7c40EF007DAeEd1,0.0,1.5,confirmed
2025-10-24T17:56:42.075961,ethereum_tx,0xaf820c7ad21f619940eed87bc6cd2088c4c4cee1a1e365d6bbfc7b2220338d0e,9481660,0xD107ce1B6462c16bF813fD10805E22Fe86270ACE,0x2A4496bbC344414e3bDbE6a8E7c40EF007DAeEd1,0.0,1.5,confirmed
2025-10-24T17:56:42.075961,ethereum_tx,0xfae5254425db7bacd46f89f4d20a28ef51857ded1482673e6d58b244caef544c,9481660,0xa0eE2cF4AB9Cebf08eDB1B1360dFA26ec6845CD0,0x2A4496bbC344414e3bDbE6a8E7c40EF007DAeEd1,0.0,1.5,confirmed
2025-10-24T17:56:42.075961,ethereum_tx,0x324ec2d89a9584db204961d04c675590fd409acaa83f8d964caf82057630c39a,9481660,0x524Bc7C6237C9fDE722AB688fD581C3f14005EA1,0x2A4496bbC344414e3bDbE6a8E7c40EF007DAeEd1,0.0,1.5,confirmed
2025-10-24T17:56:42.075961,ethereum_tx,0x9fbb3409d05f4a67dfddd8544709bddaa506220ff1c118cc3480f66cb93ff823,9481660,0x962D73a362de46c14Ca604a42236D0Df009fe45D,0x2A4496bbC344414e3bDbE6a8E7c40EF007DAeEd1,0.0,1.5,confirmed
2025-10-24T17:56:42.075961,ethereum_tx,0xc7e614cb962a920d395103179dc5a9c069ac7ef083b962f514be4747b64513e5,9481660,0x7A6b0aee3FAF2a2b464C5309FDD94783094Da2f9,0x2A4496bbC344414e3bDbE6a8E7c40EF007DAeEd1,0.0,1.5,confirmed
2025-10-24T17:56:42.075961,ethereum_tx,0x4979eced115a9560a62a6ff7b16b6665dfcaaf55e2889c2e5b0500cf83e56f77,9481660,0xD4BCC4c2a3426D62685FEdbDF2C83619ad452223,0x57c5dC670eB6f571bDD8Fc1CF178c46c9A917A74,0.0,1.5,confirmed
2025-10-24T17:56:42.075961,ethereum_tx,0xe566cbf89a8185d2b29f2c6d18f248e75da0df25da02659ad5608e626a75c749,9481660,0x58420F9d81A27DA54886221967a9327F6589c0E4,0x2A4496bbC344414e3bDbE6a8E7c40EF007DAeEd1,0.0,1.5,confirmed
2025-10-24T17:56:42.075961,ethereum_tx,0xb3d223576aa47b3cd5dbe816e5833672b3952c6123c833aabda05b62ca4a3fe6,9481660,0xc39Ab29406cf7F5e6eD12320B667F5A26ce9127b,0x6C56E6991Ec5C9eDA7b10206489805116a4BC3dD,1.07e-05,1.5,confirmed
2025-10-24T17:56:42.075961,ethereum_tx,0xd637bd26161324c4f6c1e1eca38050da784cb36af4949dfd1752836837b40800,9481660,0x22d8abc3003bf41B0eB9E9181A2545b8e2438bC1,0x2A4496bbC344414e3bDbE6a8E7c40EF007DAeEd1,0.0,1.5,confirmed
2025-10-24T17:56:42.075961,ethereum_tx,0x64568c2fbc8cc12382a0a31ba69ced5373ef02f5ea2113442fb01c261a126080,9481660,0x2176D71045E118212022c105Cf7BC5547d0Fc575,0x6127AefB1CDdB0D79dE1859438DCC836c0ee44a7,0.0,1.000000009,confirmed
2025-10-24T17:56:42.075961,ethereum_tx,0x7b6569a840fe3726dd221cdccd62ccbc520b761c82636c3ecff6a8f48ff25b1f,9481660,0x15F447c49D9eAC8ecA80ce12c5620278E7F59d2F,0x000fAEF0a3d9711c3E9bBC4F3E2730dD75167dA3,0.0,1.000000009,confirmed
2025-10-24T17:56:42.075961,ethereum_tx,0xaf513a556586a1a8aab1b75beb34a8b2e74298ff89ed3852530b77d4d0718e51,9481660,0x0C8cDd3d1Bb733CC5874576E96C632187F21DC89,0xBD37422bc3D2E273F43A534dDD260121cC832227,0.0,1.000000009,confirmed
2025-10-24T17:56:42.075961,ethereum_tx,0xa5631855443cec19050d40f29675ae5e9b8de716be58413ceadcd630ce5c0e9a,9481660,0x8EDf9B54e1c693b7B0caEa85E6a005C35e229124,0x006737CC6980a7786a477cE46B491845509b19dC,0.0,1.000000009,confirmed
2025-10-24T17:56:42.075961,ethereum_tx,0x5e7f120a9a162982b85a98afdb8c200a96f406bd6cd1f7e9e7b06c970c145e08,9481660,0xbC8Ea34087223510d151Da73128d592e1563BEa8,0x8C967cb322B802151248F4E0b1F6d2d3A27B70BA,0.0,1.000000009,confirmed
2025-10-24T17:56:42.075961,ethereum_tx,0xcfe3d3a0ba693b944a853d10bf2e00d27ecd67f5fc5da3bde2eebf5c34983c34,9481660,0x520D64e7D20acF0ee5e911a5276FDBbd68463773,0x7f9dA388fb2943aE1Eb8BCDF945F4265A33097b0,0.0,1.000000009,confirmed
2025-10-24T17:56:42.075961,ethereum_tx,0x62174f30fb59f8efededa7c527571476b08950daaca82ae32168f48d608a9916,9481660,0xa029e2E511d10CC73b681a7BA0A0cb443AE956Ed,0x5F9364fd5F86091f0c654910c9Db71D3E2c889c3,0.0,1.000000009,confirmed
2025-10-24T17:56:42.075961,ethereum_tx,0x47498636710ea3861f84d36e461d9175b35c7e07a3c39f37a3c2c9b3eb5d97d6,9481660,0x67722a1091E87D084c196cFf9B273Fa64da67E9a,0x4E588dff62fDC7388bb98B026152Ef18473a6F81,0.0,1.000000009,confirmed
2025-10-24T17:56:42.075961,ethereum_tx,0x98b5eb75acb4ab130544630ad7685c3537eb0c58b43052ee0765052a1c693f64,9481660,0xAD0654aB10B809f5b1e52cF6F0148Fb8e2A1aB45,0x48D5Afd20213caabE3257f05dfb2083cE2DffA15,0.0,1.000000009,confirmed
2025-10-24T17:56:42.075961,ethereum_tx,0x83b882a18c1a13dd5fc5192f658bae6ceb0cb85f88a3584ec94375e622eeefe9,9481660,0x95f9ea159CA88e1300ef7ff0B5F100D0d1d8aB28,0x6CA09E93aF62167011Ae8Fa4AC616382E93BDDC0,0.0,1.000000009,confirmed
2025-10-24T17:56:42.075961,ethereum_tx,0x18db75d53e287e60739076a99e356f4098d2f0df69d45bf32b7ad95a80ff1b9d,9481660,0x05E7Bf2B70C33DCEDEaE8a04a521E73E12E2c982,0x22c33Da6ba6dbf5dE29fe1b367620f7Fc0A10884,0.0,1.000000009,confirmed
2025-10-24T17:56:42.075961,ethereum_tx,0x4d17cf3212f54bed7bf2dc6335b4ce31e41ae31a1ac88cf5a4c89dacfb47d647,9481660,0xF0FEd0C0192539a1076d8BDa1233f414704d98Be,0x00D22efF04CF7d0f5A355A6D9A06E43120398dA6,0.0,1.000000009,confirmed
2025-10-24T17:56:42.075961,ethereum_tx,0x36e58da36feebddd986223d418b8cd704b65b8a17bbd10bb23b17d125e80b92f,9481660,0x45A9E762151139bA4059404989DcFAb068D69823,0xFf00000000000000000000000000260011155008,0.0,1.000000009,confirmed
2025-10-24T17:56:42.075961,ethereum_tx,0x35226b4f7340dc9a25777171e61da07bd6c52b8de4bc12fc0012ce90575ad7ba,9481660,0xf279f67ceC3dEb671dc1690e1Be375f00Feac03E,0xB1F124a9d8c05560EdC077a2E829a3dD432fD83e,0.0,1.0,confirmed
2025-10-24T17:56:42.075961,ethereum_tx,0xb14079e0d4658c6f0507a1c7875496fd09df6b7740febcc438fe5ed631706277,9481660,0xF2ebB88c864BC02D45089d8B1d8F660a819495a5,0xB88Ca91Fef0874828e5ea830402e9089aaE0bB7F,0.0,0.035000009,confirmed
2025-10-24T17:56:42.075961,ethereum_tx,0xa55bad994447398a67555d30ac9747954bdabd9f8463b390d3507c1f80bb5eb1,9481660,0xF6046e053F329bB0734433EeFaC3AFc1f798b2c8,0xf993E10C83Fe26DddFc6cb5E82444C44201e8a9C,1e-06,0.020000009,confirmed
2025-10-24T17:56:42.075961,ethereum_tx,0xf5543d430478232f4193b39ac56eb042d5979d8d89d40d084d394b54cf620d59,9481660,0xd3D8052ca3100b82b6C68e51ba41c18fd1f8Ce3B,0xf993E10C83Fe26DddFc6cb5E82444C44201e8a9C,1e-06,0.020000009,confirmed
2025-10-24T17:56:42.075961,ethereum_tx,0x63378a0d49a0d04faa581c3a81d27792f1832eb5cc4dadf5398d38e825f0d572,9481660,0xa1B572A5F2450C6475F4989D920F5D29221D58e0,0xf993E10C83Fe26DddFc6cb5E82444C44201e8a9C,1e-06,0.020000009,confirmed
2025-10-24T17:56:42.075961,ethereum_tx,0x9365714ea2b6bb707554389b624898ccb1ce2a079f19ee2df3b9bc4fe8ce12f9,9481660,0x20F4731FF3E4d4d1eAd24bE0875cED11841B938f,0xf993E10C83Fe26DddFc6cb5E82444C44201e8a9C,1e-06,0.020000009,confirmed
2025-10-24T17:56:42.075961,ethereum_tx,0x191425b14d6cfef1a52e8a07cf1b2c4e9c9b6091040ec793a11b7de6e2cb0d5d,9481660,0xb3a1956Cff1ecc8054B81b0C83b9847CB71384b8,0xCf8EDB3333Fae73b23f689229F4De6Ac95d1f707,0.0,0.004007142,confirmed
2025-10-24T17:56:42.075961,ethereum_tx,0x2beaa78fe9018e933b5fa8e1cad371c159f55453e6c8adfea149f2aa6da149d9,9481660,0xb3a1956Cff1ecc8054B81b0C83b9847CB71384b8,0xCf8EDB3333Fae73b23f689229F4De6Ac95d1f707,0.0,0.004007142,confirmed
2025-10-24T17:56:42.075961,ethereum_tx,0xd1ee99396a7af7ad42eab3568942efd285ea9a5080ea65cd48d6ad175ac62fa8,9481660,0xb3a1956Cff1ecc8054B81b0C83b9847CB71384b8,0xCf8EDB3333Fae73b23f689229F4De6Ac95d1f707,0.0,0.004007142,confirmed
2025-10-24T17:56:42.075961,ethereum_tx,0x4a05087618cbd2648c11295729a2d8bc63e8aa95170f1a3f6ec1cb892382959e,9481660,0x61d8838f9A00250C9AF13D622DA7c08c372ee587,0xCf8EDB3333Fae73b23f689229F4De6Ac95d1f707,0.0,0.004007142,confirmed
2025-10-24T17:56:42.075961,ethereum_tx,0xe39fd911a509951afbf36e2bb934009d21c9e11768fe64b2c0c397733b5a7903,9481660,0x4337002C5702CE424Cb62A56CA038e31e1D4A93d,0x0000000071727De22E5E9d8BAf0edAc6f37da032,0.0,0.001998585,confirmed
2025-10-24T17:56:42.075961,ethereum_tx,0x71a98cc2a75a0947a0bdd8b13741186b3e70eea0f9c7260fb730106d08c7de73,9481660,0x6d7927C0D236388319864007681BC0C6b844Def8,0x12e1181a741b70BE6A9D81f85af3E92B6ba41897,0.0,0.0013,confirmed
2025-10-24T17:56:42.075961,ethereum_tx,0xc8d7ced5a4015b9b18096f3c6b8a139c55d8e53d79e6c43af9386a9bcbf8bbe1,9481660,0x72f1aF60926d4B718f63d322004B1a3c456A1FF1,0xc6255a594299F1776de376d0509aB5ab875A6E3E,0.0,0.0012,confirmed
2025-10-24T17:56:42.075961,ethereum_tx,0x134229f34461a98a27468cbb8d7d396c2c2f3c88a4eaf247345bfaf1c7ca4b8a,9481660,0x15095Ec8FB1Fc9C664b3223459dFF43158ACe7aD,0xfC0DefFA2B3d4e0cDC7d54A9ad2a11032AfD70E4,0.05,0.0011,confirmed
2025-10-24T17:56:42.075961,ethereum_tx,0x31335e1f910c74063cca6300f392c0ab4f82a09d87f8b0dbb2c1b3f1d006974e,9481660,0xfea369E1304bd1A76DC6EdD0e2c9af3386f5ed95,0x7215691F60C4fA7Bb82c5Ac44c7d57dc32bB0493,0.0,0.001052631,confirmed
2025-10-24T17:56:42.075961,ethereum_tx,0x86e0070e0a5dd045d2b779c4a30a767a0880b24658ad0258a445c101c7c97edf,9481660,0x33ACA465511665dA9eA88B61f57200CaF9405Da9,0xFb13dE1C5aC28fc8335Ec5721b06eB4eA6e3897b,0.0,0.001038817,confirmed
2025-10-24T17:56:42.075961,ethereum_tx,0x53fcab9235a5d777df0631f58a30372ccceb427f19247df69489dffc5b3154e1,9481660,0xBf389beCd498E1a07bd011489F6982DbC7E31897,0x1c7D4B196Cb0C7B01d743Fbc6116a902379C7238,0.0,0.001038817,confirmed
2025-10-24T17:56:42.075961,ethereum_tx,0xe51b779b9827e436cadb626881e47c8373197aa082c79db86df7defb225d6318,9481660,0x3Da763C42E438eB17880fB6A83040d6cf13eF03b,0xFf00000000000000000000000000000000042069,0.0,0.001038817,confirmed
2025-10-24T17:56:42.075961,ethereum_tx,0x4b3a01daa2c01823dbf51dfac4c558b4c33a24b592fbb9655a598ee10f3e5691,9481660,0x5201f735A84ADB64404C981903391AeD2d1d47aC,,0.0,0.00100953,confirmed
2025-10-24T17:56:42.075961,ethereum_tx,0xca60f214d04bc3ef65f70fb188e03ab02e2bf0523dfffed645408ddddef54b51,9481660,0xB6BbA517f32C75bE36500c7134ec000CFEE0893f,0x0bc5E0b62B789fb8E35f9580ABa3834C106d401F,0.0,0.00100953,confirmed
2025-10-24T17:56:42.075961,ethereum_tx,0x3f4eb4781e6e3b70b965e9618f5cac50ebb3fac8c1448dd53365f06ace5d527b,9481660,0x4f70C13Bec4f452167eb27Ecf8Dd4066Da89dA09,0x0000000000000000000000000000000000000000,1e-05,0.001000009,confirmed
2025-10-24T17:56:42.075961,ethereum_tx,0x6b41fafa71cf7aa1b02eebd4f79f0614fbbb23c9d6ba0c5f7148333fbac617d8,9481660,0x2D1A477e22F93b66F70a781D1f6aB73C3a62f09b,0xA73aFb610aC79A729A393D679029fCf9618854AD,0.0,0.001000009,confirmed
2025-10-24T17:56:42.075961,ethereum_tx,0xd68763946dc3b831e9a5fe225f7d58cfc2e932663f07c4edfc4b783d26f9bec2,9481660,0x6dc2dD54F24979eC26212794C71aFEFeD722280c,0xbd07D7E1E93c8d4b2a261327F3C28a8EA7167209,0.0,0.001000001,confirmed
2025-10-24T17:56:42.075961,ethereum_tx,0x844a4364024eae0c5e462073a70515ae98643865683fd525b47950189ebf57ad,9481660,0x71A6D6a1ca08FFC667F85050f72d9aAE327Aa29A,0x71A6D6a1ca08FFC667F85050f72d9aAE327Aa29A,8.5e-05,0.001000001,confirmed
2025-10-24T17:56:42.075961,ethereum_tx,0x088b78568b6d79c2b935bf6d1ab7fe4189d771d846c2ea5da6dbdd6681a88ea3,9481660,0xb075E3363F5f0aC3f1A441c6d7e5267A6a18a5A4,0xb075E3363F5f0aC3f1A441c6d7e5267A6a18a5A4,0.001,0.001,confirmed
2025-10-24T17:56:42.075961,ethereum_tx,0x1c9bf858dc8f9d89e338d49e547f8c7bc9bb71522c7d7cef48bce561ead74bcb,9481660,0xB6266CF50A02295a674391363f2708E892629B12,0x03C66CB1826BDB0395BF31E68Bf7E873e9564fFB,0.0,0.001,confirmed
2025-10-24T17:56:42.075961,ethereum_tx,0x5ebdb03f0290451a5413e8be27e19e3893f333e73f0646e4e7926c2336e638ca,9481660,0x7B001d302d82618DE3cF8d07ef1f07C86daC071C,0x9aEc9324D6d5c3FbfA66599D342A6ea3d7a20570,1.17e-06,0.001,confirmed
2025-10-24T17:56:42.075961,ethereum_tx,0xa18b0c98befc245681238ff8e613b5d9edba766dd147ebb683e04031447b5079,9481660,0x869E6F9d9A3882c4f904E90bA03e01bdbE854846,0x03C66CB1826BDB0395BF31E68Bf7E873e9564fFB,0.0,0.001,confirmed
2025-10-24T17:56:42.075961,ethereum_tx,0xbb6ffc8f0c0816d04bc51511c5fe862da9732ffbb3139e211377359a12b968d6,9481660,0x78a21CACc19da8f8aa2cbeD8aC274163Aa58cFa2,0x03C66CB1826BDB0395BF31E68Bf7E873e9564fFB,0.0,0.001,confirmed
2025-10-24T17:56:42.075961,ethereum_tx,0x9979601e0839f17987aabf5417e8d8c4e1a500e1aff952f379178f3df07a568e,9481660,0x993e0e0f3cece6a40EF86EbE28a321e747B545DC,0x03C66CB1826BDB0395BF31E68Bf7E873e9564fFB,0.0,0.001,confirmed
2025-10-24T17:56:42.075961,ethereum_tx,0x550dfbaf6981cf094490420028a572003be5719d4b15ff0b3c4ff0681983d722,9481660,0xFD57FAe29707eA86A25F637b7Cafa966b54cDC91,0x03C66CB1826BDB0395BF31E68Bf7E873e9564fFB,0.0,0.001,confirmed
2025-10-24T17:56:42.075961,ethereum_tx,0xa7c4cca7ebb7fffe7b027cc1e7df2d41063609ef59c4866b2ff8fd9ad1924264,9481660,0x7153852766e2E2aC23fA90E5D5FdaFCC59C5CEed,0xdBC520a077Cf0cC8497A56D2b6d04aFDcB9430cc,1.72e-06,0.001,confirmed
2025-10-24T17:56:42.075961,ethereum_tx,0x400aa3faf4da96f466b873e94b4faa1203566e40cecea86a61cd950a32896074,9481660,0xB1b598Cb8beD4512A2802f897Db5F265829B9bE7,0x03C66CB1826BDB0395BF31E68Bf7E873e9564fFB,0.0,0.001,confirmed
2025-10-24T17:56:42.075961,ethereum_tx,0x293348bef332f7cdcee165e52955b2cadf239caa425112f26c2840666352c8e6,9481660,0x0Ba98B78fd93721879e92963C1ea31401171CC41,0x87A3effB84CBE1E4caB6Ab430139eC41d156D55A,0.0,0.001,confirmed
2025-10-24T17:56:42.075961,ethereum_tx,0x03397be562a85423f1378a8c70a0aba549555a845751f28c75b2c7194b64d5f0,9481660,0x45af1901fAc9F3eC56fd6689CB31D03e33150411,0x03C66CB1826BDB0395BF31E68Bf7E873e9564fFB,0.0,0.001,confirmed
2025-10-24T17:56:42.075961,ethereum_tx,0xf27e8080bec8719ff7488c767013e43ab20a54d0e2edb08e2129828659c53c72,9481660,0x3B203Cb1025b3Ed25128bCf0f863f2b8d9b767e3,0x35A54c8C757806eB6820629bc82d90E056394C92,0.0,0.001,confirmed
2025-10-24T17:56:42.075961,ethereum_tx,0xd5a147ff1c9f83761dc3720383e34f9315235bb7e184f038ae08e1ef3c662f65,9481660,0xE3c06d666471df173a857399276b6C2B869ba0D9,0xCc02955420516DCA63436134dc32424Bf8Fbb875,0.05,0.001,confirmed
2025-10-24T17:56:42.075961,ethereum_tx,0x212e7951b1db419464aef12ff02a1439d54ea14da5401f5d9c5cf21e4853641f,9481660,0x1fFD7C562335D06D5439E40Ca3d5c04a708B63A5,0xEA0A0f1EfB1088F4ff0Def03741Cb2C64F89361E,0.0,0.001,confirmed
2025-10-24T17:56:42.075961,ethereum_tx,0xbbd3ba6e56f2752e3bab7a0903cc319df848e3bf4fe891c60bafe620375ec307,9481660,0x7Ab8Aadd5bbDae40C1850E32f3317aF19781cb0E,0xc4FD2580C3487bba18D63f50301020132342fdbD,0.000250012500000001,0.001,confirmed
2025-10-24T17:56:42.075961,ethereum_tx,0x6f4e7316be8dd2ab4415b692a51c3318070836798e11bcb221b1473783e72b1a,9481660,0x4Bd0053ab48e56A5f52454B92cA14320167F2aF9,0x601778F8fa32298E826a8aBEf1E3b31515626845,0.0,0.001,confirmed
2025-10-24T17:56:42.075961,ethereum_tx,0x1139f624769707b403696af7f2922921c4d1b16fdd45b951f1583e47c441357e,9481660,0xE15242D687a282c3F53baC817aa3e4246760794e,0x00C0887713509578a85f49fE6095e7653c7c36Be,1e-05,0.001,confirmed
2025-10-24T17:56:42.075961,ethereum_tx,0x774e664fde501e3bb62edf8001a27accf6369193ea9f3d8786fef71a112a2be9,9481660,0x903e631553c609892c5e26EF67D9a3825d40Ab86,0x956962C34687A954e611A83619ABaA37Ce6bC78A,1e-06,0.001,confirmed
2025-10-24T17:56:42.075961,ethereum_tx,0x4d6d1df37ee541b2649846eda7157ea8993a977ff43a82c4dc6fc6586c37bf7d,9481660,0xba42229c1D9171023e690545e786736CA07311e3,0x956962C34687A954e611A83619ABaA37Ce6bC78A,3e-06,0.001,confirmed
2025-10-24T17:56:42.075961,ethereum_tx,0x7e2fd52b1f91b558fdf00497f6013fc894b125bdce0f78fa4a18e39030241984,9481660,0xf36Ba737c435a6297554DADCd30eaAA8034DdfE8,0x956962C34687A954e611A83619ABaA37Ce6bC78A,1e-05,0.001,confirmed
2025-10-24T17:56:42.075961,ethereum_tx,0x93bdac82b39dc375fbb82fb4ee999b27d32bff683588def2797367eb73a02be9,9481660,0xAB3070DDa030ed0115b23AB74B7Af9B73b2781F2,0x956962C34687A954e611A83619ABaA37Ce6bC78A,1e-07,0.001,confirmed
2025-10-24T17:56:42.075961,ethereum_tx,0x34ac8e0f8c355caad1eacde5739cedd26dd8907e4c4da9b5d48281a37dc24d08,9481660,0x993bFA8Ced35d5b16e3B10e561F99d44B8C0C0EB,0x956962C34687A954e611A83619ABaA37Ce6bC78A,1e-06,0.001,confirmed
2025-10-24T17:56:42.075961,ethereum_tx,0x0257ad8ef2604abcd095dcebcf08b5ce3785dbdaa4b1f39476945885548b8363,9481660,0x828D8964D97564075c76d681A001C1336a2397aD,0x956962C34687A954e611A83619ABaA37Ce6bC78A,1e-07,0.001,confirmed
2025-10-24T17:56:42.075961,ethereum_tx,0x36467769fa2b5d22769fadef825595c2c8112779ae3d9b67620ee671bf5209a0,9481660,0x20CE9f32397df7d1590296cbb354Fb59662A3034,0x956962C34687A954e611A83619ABaA37Ce6bC78A,1e-07,0.001,confirmed
2025-10-24T17:56:42.075961,ethereum_tx,0xe4c5d20e2f71334c6da78f21cd24ca08d0e495016f10d02c70e07647a5c9fc24,9481660,0x45d286B61aa6b0396541451f7dF8438477138699,0x22856d96a13a8ed6Cb5c3f0A19A6e3728d9089f7,3.04e-06,0.001,confirmed
2025-10-24T17:56:42.075961,ethereum_tx,0x965e203a1905c75d4e29ba7c58b5362f3b995a9a282921eaf53e1d3c81914cae,9481660,0xc1b0365EDc276a589131765d508711fb6d0D732c,0x956962C34687A954e611A83619ABaA37Ce6bC78A,1e-07,0.001,confirmed
2025-10-24T17:56:42.075961,ethereum_tx,0xa33af4198a19109bd1b6af37fc13325d95947e0ebdd154ea8c4e82ea40f2c64a,9481660,0xfdEB572BACbFB20Fe009aB7319C8A26bB1dC41e2,0x956962C34687A954e611A83619ABaA37Ce6bC78A,1e-06,0.001,confirmed
2025-10-24T17:56:42.075961,ethereum_tx,0x33f4e12417874a9cd43e3ae75d8c194154a66226d211cbbd6c5c8fbebc1fadd4,9481660,0x5e05065E0b888229FeF3dB32E04762f4DA663638,0x956962C34687A954e611A83619ABaA37Ce6bC78A,1e-06,0.001,confirmed
2025-10-24T17:56:42.075961,ethereum_tx,0x068eec687bb61bf4b2862caf792799fa63707fab8a47ff020b282fe6bab2faf2,9481660,0xeC3221F510cFFCC86E0cbb02Dd5A6FEb9EEBA608,0x956962C34687A954e611A83619ABaA37Ce6bC78A,1e-07,0.001,confirmed
2025-10-24T17:56:42.075961,ethereum_tx,0x84fe8cfaab927ee6ec85bcb5a56e247fbf3c427803edfa6a955f9ffd844b95c3,9481660,0x6d8A72A891378191f712f2dC5e02DAc1Ed233176,0x956962C34687A954e611A83619ABaA37Ce6bC78A,1e-05,0.001,confirmed
2025-10-24T17:56:42.075961,ethereum_tx,0xe470b1bd94dcf56b23d4c6f8af243076bf547df9d2b704961896c86dea7665cd,9481660,0x26cDc7A5B7b2411e1fE3fe1b486210E2227Bf7Ca,0x956962C34687A954e611A83619ABaA37Ce6bC78A,0.0001,0.001,confirmed
2025-10-24T17:56:42.075961,ethereum_tx,0x6e576c1a7f4e756fc1b826618118eec519960d33e2281a4c17556c953b578a5c,9481660,0xcC05E956be7B2F3AdCD13cc6005C1C87bc3E5F78,0x956962C34687A954e611A83619ABaA37Ce6bC78A,0.0001,0.001,confirmed
2025-10-24T17:56:42.075961,ethereum_tx,0x9e13ba6af1ff8bb6f8fdd787085345f4c25c0e9b9108d1528961e3eff66d2a0f,9481660,0xFFe3f0FF44A672fA92f262708EB1e95F2B25ec6c,0x956962C34687A954e611A83619ABaA37Ce6bC78A,0.0001,0.001,confirmed
2025-10-24T17:56:42.075961,ethereum_tx,0x84d2aee9b4016a09c809a84cec21500995aef9be56648f67ca9c085c5a9fe58c,9481660,0x9C8FaA60ac71ad698FA1E9ba77C7F409eF4834cf,0x956962C34687A954e611A83619ABaA37Ce6bC78A,0.000132,0.001,confirmed
2025-10-24T17:56:42.075961,ethereum_tx,0x55a5b2eb4e0f9afcc2539ab1b084b40b1757684021d7c7eb73b4f31490c9753f,9481660,0x7afEc1252f5C7b317505aB379Bb888CbD07e6659,0x956962C34687A954e611A83619ABaA37Ce6bC78A,0.0002,0.001,confirmed
2025-10-24T17:56:42.075961,ethereum_tx,0x3eece97c9498e324484f1086bc86d8d8a41359e5b4f89113a8303c0156e4fcca,9481660,0x099BA97a37FA019c064a2517026e3c2Ea8DB9964,0xF6e7F84d9cee738ec59c08B7a7260152C236813a,0.0,0.001,confirmed
2025-10-24T17:56:42.075961,ethereum_tx,0xf150205f2b029cb69f16bfbbf289d53de662d9cae5cc6b6caa9a4097c9101258,9481660,0x2821D10D3501974d55dFb1FF04EA063455DC8677,0x956962C34687A954e611A83619ABaA37Ce6bC78A,0.0001,0.001,confirmed
2025-10-24T17:56:42.075961,ethereum_tx,0x47f7bd4293375a1e0357d50ee57c852462eefab2b5e83ef8c121d537f62044fc,9481660,0x13e6009357AF52E7D564b5914aa97719C8304A28,0x956962C34687A954e611A83619ABaA37Ce6bC78A,1e-05,0.001,confirmed
2025-10-24T17:56:42.075961,ethereum_tx,0x46e1c5dc0c660c5dfd89b19c96483407278cae4bfeb41481fe130e83ce50086d,9481660,0xE232521803e53509E75A8DD8e8C9db2d56Ae70C0,0x270A0c60A409Af405f261cA13D23fBab5A85439F,0.001,0.001,confirmed
2025-10-24T17:56:42.075961,ethereum_tx,0xbab7ad513043afacc89dd0aac48015c1497d41580745f993b2f75456b090920b,9481660,0x3E2aEB729b82Edb5ce1Af01c02746625C71C79f5,0x956962C34687A954e611A83619ABaA37Ce6bC78A,1e-07,0.001,confirmed
2025-10-24T17:56:42.075961,ethereum_tx,0x0b29e6b3f312db439a9b8fbadad5a02fe241fb1d3c813fe3e496e3840a0280a9,9481661,0xCCC4232135BAef841c617194d7531fFB5d3f4b7A,0xcA11bde05977b3631167028862bE2a173976CA11,0.0,3.000000009,confirmed
2025-10-24T17:56:42.075961,ethereum_tx,0xb8b5cbff9d770f472fcb4ec7fe1444aacc3dc137becbdf251b793b83682f581d,9481661,0x75f11b8e940e104f8f7ADaD9beb5Da064705566D,0x76D08ae4BCFb947dcb104078C9Ff0e8784dD543a,0.0,1.000000009,confirmed
2025-10-24T17:56:42.075961,ethereum_tx,0x36d3319516b9d51e5944abc4a7ecb2587ff23d2a37e8673f765b8c2b8c3cf963,9481661,0x3C95c2633296B264d051498C4b2e982EbB526A53,0x3C95c2633296B264d051498C4b2e982EbB526A53,0.0,4.1,confirmed
2025-10-24T17:56:42.075961,ethereum_tx,0x18d0202c0f6c96e356b29beca5dc2dd89bde0760c921381aab03281a217f1443,9481661,0x51E3B84966c042C278dEb61564C106B6b82aF792,0xBeDBEdeB6362681Ad8d1f87FC600418db3A20521,0.0,2.000000009,confirmed
2025-10-24T17:56:42.075961,ethereum_tx,0x78255ada33941cb34f7d66a35d6bf4039aa8e5089387dc4cdd4b2a47f4972ece,9481661,0x51E3B84966c042C278dEb61564C106B6b82aF792,0xBeDBEdeB6362681Ad8d1f87FC600418db3A20521,0.0,2.000000009,confirmed
2025-10-24T17:56:42.075961,ethereum_tx,0xe64f33bed1151d372bd4fe1c74a0c7ddef7772825035ca546c5ccd54e0105766,9481661,0xe7F38E2D57a0eA80240B5E65A69AF66812CbCd0C,0xf3bFB912E2cCA26472dFa149c14ed739694884E4,0.01,2.0,confirmed
2025-10-24T17:56:42.075961,ethereum_tx,0x6a3d591f341c6515aded9504aa936579242346a51c7c91c8df8dcda15fca9905,9481661,0x904F2Fcf64a5C5AD28f2ac3C1003B63C11227287,0xB88Ca91Fef0874828e5ea830402e9089aaE0bB7F,0.0,1.500000009,confirmed
2025-10-24T17:56:42.075961,ethereum_tx,0x17e8ef81cae38d9ce30610150344ab6b14c5b400a56814ba3a7130aeb5585b43,9481661,0x9261432cab3c0F83E86fa6e41E4a88dA06E7ecc6,0x280A2E9790D1d036870c1B563CF05bC07d55fA7E,0.0,1.500000009,confirmed
2025-10-24T17:56:42.075961,ethereum_tx,0xb99ea772c610e77628fec552b6063b53041717722e3d00ea258bba4ba8af6945,9481661,0x2B0CB429Fc489674e5B34D5d15E397cB351c5de7,0x233E416b0897E8f4796D89a84B5Ade4365ED566c,0.0119999999999996,1.500000009,confirmed
2025-10-24T17:56:42.075961,ethereum_tx,0xbbb1b44a2f62c341c0637a7c443660a8de57f36fb1513542fdbe168bf5fe3e4f,9481661,0xFBa2583898Ae86A13dA4F46c4Fa12C0851e731F1,0x2A4496bbC344414e3bDbE6a8E7c40EF007DAeEd1,0.0,1.5,confirmed
2025-10-24T17:56:42.075961,ethereum_tx,0x3aee156e653838c40091339a94eecc437fc653c385b2065fe49da7abda7728bf,9481661,0x5E415aD9F91ba2fFE78c053eD90Dc3CE0A171C91,0xba1FCc7a596140e5feC52B3aB80a8F000C9Af104,0.0,1.5,confirmed
2025-10-24T17:56:42.075961,ethereum_tx,0x2242d6a858c0849513485d0afc7173db3f95944de0818e0f162ea3c6280758ef,9481661,0xc2BABA1704748f0cC39df50e21454fBF362AB43e,0x2A4496bbC344414e3bDbE6a8E7c40EF007DAeEd1,0.0,1.5,confirmed
2025-10-24T17:56:42.075961,ethereum_tx,0xfe8996e54fd1cb5f724ee571a031d3b49c37de1dbc24b6cf983ab75eef65abb1,9481661,0x2378317d20F628efE6C9c15d4fF6689695c01212,0x2A4496bbC344414e3bDbE6a8E7c40EF007DAeEd1,0.0,1.5,confirmed
2025-10-24T17:56:42.075961,ethereum_tx,0x155ccad42221bbf3fa433194cbea4092454e04ff48163ff166c871d7acea4fdb,9481661,0x7b0D3F61C1C4343D2Ea2e9aeC13cB4a7f04E0A5e,0x57c5dC670eB6f571bDD8Fc1CF178c46c9A917A74,0.0,1.5,confirmed
2025-10-24T17:56:42.075961,ethereum_tx,0x06e2b8d97c7feac46f313d09069fb3944a026e58018d0b85f2a488bd1dc583e9,9481661,0xF6b87F0B1c1c22BDEEa68CADA830B8525A66B56a,0x2A4496bbC344414e3bDbE6a8E7c40EF007DAeEd1,0.0,1.5,confirmed
2025-10-24T17:56:42.075961,ethereum_tx,0x4c31fa8821d0673be900e349952941487a2fb45c6ebfb47595d89952cd69bd8a,9481661,0x35AFbA56fAcbdCDD764daa91945B1b115Dae7253,0x2A4496bbC344414e3bDbE6a8E7c40EF007DAeEd1,0.0,1.5,confirmed
2025-10-24T17:56:42.075961,ethereum_tx,0x6c4e6e33693c5f0277c53aeb5915ab2c022cab49956d66ccab7785e5bd3c15b2,9481661,0xaA8Ca8Eff48E78D2669DC070341d2828AB95D202,0x8a7250b11D3d7DacFE2Da08598EDF391EEb4d924,0.0,1.000000009,confirmed
2025-10-24T17:56:42.075961,ethereum_tx,0xe8d874e192d9e6a617ea79f758a1a52854d9d78b9138aea89cdc6fa24781e81b,9481661,0xEbDf9256B79b2ca70Dfc4392280f4D39C64E48E4,0x157dF160081dC8b97900F4D0D276ed8DEa29976d,0.0,1.000000009,confirmed
2025-10-24T17:56:42.075961,ethereum_tx,0x79ecee944360c1425af3f0e8e71f5cfda8959759499cf950111c2e2ff2b7b795,9481661,0x25da8BFcD391841ddC5E7eE2C46dbfbD17a09503,0x02598B96480230576D0a2cbAfaeBe8332e2DDFB7,0.0,1.000000009,confirmed
2025-10-24T17:56:42.075961,ethereum_tx,0x63910fc2ce2fba1bd226b011c7f4b796bd9bc4c6e822ed76f104f37b3d7b95eb,9481661,0x83e5337E1d8FDd23B05a686eE8ff623586ab2bE3,0x82164A530d9D743Dbd3cf273a563911E177be57b,0.0,1.000000009,confirmed
2025-10-24T17:56:42.075961,ethereum_tx,0x08eac578628d845a994c19706411c37ba06fda8c20249e90cb2e8b4dce290064,9481661,0x037637067c1DbE6d2430616d8f54Cb774Daa5999,0xd6E6dBf4F7EA0ac412fD8b65ED297e64BB7a06E1,0.08,1.000000009,confirmed
2025-10-24T17:56:42.075961,ethereum_tx,0x131fd0f5435f42415e1c0d9ddc35ce5f696bd219680d699c80b8a8e05d3015e1,9481661,0x9B299bbc077407486BE6A13621736679b4903e41,0xe9F10DFFbA606B412E06b857e071867fc02AFb7C,0.0,1.000000009,confirmed
2025-10-24T17:56:42.075961,ethereum_tx,0x02248249baaeeea1b0e17e202299cffd9161cac213fb9c9a81795bc0884e2f40,9481661,0xb1075D9660449f03398f65eE63ffAf33B047Ee95,0x5783C43FE9db260bA86650aD1C7814Ba0dE60268,0.0,1.000000009,confirmed
2025-10-24T17:56:42.075961,ethereum_tx,0xb82d07ed25dc5869e009caef8cc92f67ba5573d72f70faa788a08d8db4c63600,9481661,0xd8C6b66B1eB5B531bde6e23cEe270122b247E568,0xdA50eE40B21BAD139FC5b0d44E97f7ee355AEbCE,0.0,1.000000009,confirmed
2025-10-24T17:56:42.075961,ethereum_tx,0x93a8dd4799291a0f2d9aa88abe81e9c70855ba855ed8f41db19a0df261ce5cb3,9481661,0x3A76FB973Efb6C200c1C971604d920F2A28b2D10,0xC084142720ad7fb2b43769cafcC2777fd86F2fe8,0.0,1.000000009,confirmed
2025-10-24T17:56:42.075961,ethereum_tx,0x48b0a1b442511317dd9abfa348dc1bfbccc747dc4d94e0fcba585c48ec822a7f,9481661,0xF0FEd0C0192539a1076d8BDa1233f414704d98Be,0x00D22efF04CF7d0f5A355A6D9A06E43120398dA6,0.0,1.000000009,confirmed
2025-10-24T17:56:42.075961,ethereum_tx,0xe2cc1799b35d878d174b33e3f944920099a238ca6e7edc37a21e8957699ead27,9481661,0x8790C92C71c3271837F2b366b3C8bF8FCb1346Cf,0xf993E10C83Fe26DddFc6cb5E82444C44201e8a9C,1e-06,0.020000009,confirmed
2025-10-24T17:56:42.075961,ethereum_tx,0x8eec712c9ee0bf7e1f2f7167310d0a72e99ee17a191ba10cc452f481975d81e1,9481661,0x145211D39d5bF260977b524f8FC0C05702af7b90,0xf993E10C83Fe26DddFc6cb5E82444C44201e8a9C,1e-06,0.020000009,confirmed
2025-10-24T17:56:42.075961,ethereum_tx,0x339e72b774fef73abcc034e7c88f20d0d0f20465205c3e3e836d2daa0f0abe1b,9481661,0x2982E0bc075CC9CAF21993882cAE8B915a35b685,0xf993E10C83Fe26DddFc6cb5E82444C44201e8a9C,1e-06,0.020000009,confirmed
2025-10-24T17:56:42.075961,ethereum_tx,0xaa5fbf71be8d8f39570cf4e092b199f36c80db47be2e1429333262408d1c70ec,9481661,0x8a8557C6377A5e96AB3FfCA2A5bCC8A27b69a96e,0xf993E10C83Fe26DddFc6cb5E82444C44201e8a9C,1e-06,0.020000009,confirmed
2025-10-24T17:56:42.075961,ethereum_tx,0xda729ed0111e93b7a4330b3a87cc0adf568d17371223088f976b76613194ea54,9481661,0xF2ebB88c864BC02D45089d8B1d8F660a819495a5,0xc6255a594299F1776de376d0509aB5ab875A6E3E,0.0,0.020000009,confirmed
2025-10-24T17:56:42.075961,ethereum_tx,0x98aac272b6fd3829fa7c8f9f4f57068a8e4f3f999780e54ae0ae246a0b70252e,9481661,0xb3a1956Cff1ecc8054B81b0C83b9847CB71384b8,0xCf8EDB3333Fae73b23f689229F4De6Ac95d1f707,0.0,0.004007142,confirmed
2025-10-24T17:56:42.075961,ethereum_tx,0xcd6a23cb04878b7f5a8f1f7de943adb42e09e6aa602fe81af0da8e81a8854d75,9481661,0x61d8838f9A00250C9AF13D622DA7c08c372ee587,0xCf8EDB3333Fae73b23f689229F4De6Ac95d1f707,0.0,0.003865648,confirmed
2025-10-24T17:56:42.075961,ethereum_tx,0xeb0355b8c75d2727ed7858257d91826dd10b35871507a91cd450ff083c746697,9481661,0x61d8838f9A00250C9AF13D622DA7c08c372ee587,0xCf8EDB3333Fae73b23f689229F4De6Ac95d1f707,0.0,0.004007142,confirmed
2025-10-24T17:56:42.075961,ethereum_tx,0x1fdaa75bb93fd7408b026720ffd43c0fdd6ca04bfd46ba5544da0f65df412b08,9481661,0x61d8838f9A00250C9AF13D622DA7c08c372ee587,0xCf8EDB3333Fae73b23f689229F4De6Ac95d1f707,0.0,0.004007142,confirmed
2025-10-24T17:56:42.075961,ethereum_tx,0x4e6e6c359d50d1217a4373254768fd4b82169d51efa4e687781494e27efc8451,9481661,0xEEbd0a9f105B12A913c06b9bCDE7e4107171b911,0x956962C34687A954e611A83619ABaA37Ce6bC78A,2.1058179196396e-05,0.0015,confirmed
2025-10-24T17:56:42.075961,ethereum_tx,0xb28db39be3c7cbfa4557a1175e54697dbc625872ed8efebbeed75c12ee38c2cf,9481661,0x2Afe217E723525a2bE0852B6ed04209336F9e84b,0x956962C34687A954e611A83619ABaA37Ce6bC78A,2.005680839877e-06,0.0015,confirmed
2025-10-24T17:56:42.075961,ethereum_tx,0x82b3cd83eb609d9e34f6bd79d2f78ea21c717a423327e394a6f8ffda680b619e,9481661,0x4BA56bDa2009816e260921970041d6Eb005D7272,0xC764A997C86dC22B50Eb637626e3f46bfd82534A,0.0,0.0015,confirmed
2025-10-24T17:56:42.075961,ethereum_tx,0x30c8fe9b6fc87d23e319a46700f2bc2dd74ba7e10819d4131a198e2a33b89c26,9481661,0x339d413CCEfD986b1B3647A9cfa9CBbE70A30749,0xD1654C656455E40E2905E96b6B91088AC2B362a2,0.0,0.001199998,confirmed
2025-10-24T17:56:42.075961,ethereum_tx,0x2cc1c0df39eeadc7c1e6d8df23a8a57a4f3f6146ccd5226c0b44c0cbe767c2b8,9481661,0x339d413CCEfD986b1B3647A9cfa9CBbE70A30749,0xD1654C656455E40E2905E96b6B91088AC2B362a2,0.0,0.001199998,confirmed
2025-10-24T17:56:42.075961,ethereum_tx,0xe1bfb56199ecc07af55f97699c55bcad001017574ddd297d338c1a719830ff4b,9481661,0x339d413CCEfD986b1B3647A9cfa9CBbE70A30749,0xD1654C656455E40E2905E96b6B91088AC2B362a2,0.0,0.001199998,confirmed
2025-10-24T17:56:42.075961,ethereum_tx,0xc4a2c3ece45b7530760b12e54c6c4d3e066de3d23bcaa3cbbd40b61cd32d72e5,9481661,0x339d413CCEfD986b1B3647A9cfa9CBbE70A30749,0xD1654C656455E40E2905E96b6B91088AC2B362a2,0.0,0.001199998,confirmed
2025-10-24T17:56:42.075961,ethereum_tx,0x1a1d4fa1cadaae2a3c9c1bfd4af7a8b661075dfbaf7282c5824dc7f487b91cc6,9481661,0x339d413CCEfD986b1B3647A9cfa9CBbE70A30749,0xD1654C656455E40E2905E96b6B91088AC2B362a2,0.0,0.001199998,confirmed
2025-10-24T17:56:42.075961,ethereum_tx,0xf2de0137984514df11727c788cce0236e37543b04e5a91bb5a16bafac42c9509,9481661,0x339d413CCEfD986b1B3647A9cfa9CBbE70A30749,0xD1654C656455E40E2905E96b6B91088AC2B362a2,0.0,0.001199998,confirmed
2025-10-24T17:56:42.075961,ethereum_tx,0x05dd5e20e9620be1bb1913026555d6dcbcb7f9f3f3d57045661c177662d57f3a,9481661,0x339d413CCEfD986b1B3647A9cfa9CBbE70A30749,0xD1654C656455E40E2905E96b6B91088AC2B362a2,0.0,0.001199998,confirmed
2025-10-24T17:56:42.075961,ethereum_tx,0x5f514e238ec3a3b42d42b692708914d85cf6232e4529f48d5586c9072f8ebd5f,9481661,0x339d413CCEfD986b1B3647A9cfa9CBbE70A30749,0xD1654C656455E40E2905E96b6B91088AC2B362a2,0.0,0.001199998,confirmed
2025-10-24T17:56:42.075961,ethereum_tx,0x8da0cfd71fc5368d47217f9ed4d216f78723eae24ff1357dfbb43ce706b942b0,9481661,0x339d413CCEfD986b1B3647A9cfa9CBbE70A30749,0xD1654C656455E40E2905E96b6B91088AC2B362a2,0.0,0.001199998,confirmed
2025-10-24T17:56:42.075961,ethereum_tx,0x13abf109e2f364a0fccc3fcd720fc75a771de4d897d9bf6f2421d524d3bc2172,9481661,0xBd924Fd31b960C2a1fd261F952B304b13A6922F1,0x403dE630751e148bD71BFFcE762E5667C0825399,0.0,0.0011,confirmed
2025-10-24T17:56:42.075961,ethereum_tx,0xe1350d39c31821cc0a45e6e02a01c5beafe302a7ef1cd7ec2bbecfd4286ac628,9481661,0x9A37Ab2eE598D00918db33F85fcf165cA55e7f1a,0xb5A49949C49dEDD852F9f0f419b17aD2785032db,0.0,0.001057617,confirmed
2025-10-24T17:56:42.075961,ethereum_tx,0x259452e670860f76c26dfbda86aeb12d4523904e658e7cb9cc0b1aba1d5c764f,9481661,0x476540e8e3d5D798Edd679CDBE534f51E9fF681B,0x3eDF60dd017aCe33A0220F78741b5581C385A1BA,0.0,0.001052631,confirmed
2025-10-24T17:56:42.075961,ethereum_tx,0x196884c052c0f9a08b034143ecbfbfe9ff1be3065b3ffa936a9a747eb82416e1,9481661,0x42c0465668Db9391e622040eF22CFc4fbC8b2e9D,0x7215691F60C4fA7Bb82c5Ac44c7d57dc32bB0493,0.0,0.001052631,confirmed
2025-10-24T17:56:42.075961,ethereum_tx,0x3135862a11998e73eaedafa479eeb02c5428729ad2de364f39ead27c1365578f,9481661,0x5201f735A84ADB64404C981903391AeD2d1d47aC,0x0A6D31Baddca5BB8169416FE4Eb40a045c72139C,0.0,0.001038817,confirmed
2025-10-24T17:56:42.075961,ethereum_tx,0x5a4d2395e7e1517dd21bf5f61f0c7a1919c79f71e0b98ab51f25ec500c5c7b7b,9481661,0x83359747324E83eAAa596C7414D80365Bd75438A,0x1c7D4B196Cb0C7B01d743Fbc6116a902379C7238,0.0,0.001026315,confirmed
2025-10-24T17:56:42.075961,ethereum_tx,0x44759d0e9d84a86670463e395400003c735c5f28bfdd4cafd102491085f73442,9481661,0xd80bDf17f11eEC3E941b91FE64670bDe379EECAd,0xfF000000000000000000000000000000000000FF,0.0,0.001026315,confirmed
2025-10-24T17:56:42.075961,ethereum_tx,0xf56a7f2fcdeed7123c9ebea21039c6401b5681b5260ba92a110dd528f6e52377,9481661,0x3Da763C42E438eB17880fB6A83040d6cf13eF03b,0xFf00000000000000000000000000000000042069,0.0,0.001026315,confirmed
2025-10-24T17:56:42.075961,ethereum_tx,0xddf6b3fd2b40fdc56884317d31dc2dac10530d69e43b680354c09f75fb67b399,9481661,0x4f70C13Bec4f452167eb27Ecf8Dd4066Da89dA09,0x0000000000000000000000000000000000000000,1e-05,0.001000009,confirmed
2025-10-24T17:56:42.075961,ethereum_tx,0x29b455ff02e09ab2023a69fcd1437adc9bdc09f5c1b1917fd84f5f0dc9dc7684,9481661,0x207D430716d4F12e7e6d9acB39BbC73fD4cB4E1C,0xA73aFb610aC79A729A393D679029fCf9618854AD,0.0,0.001000009,confirmed
2025-10-24T17:56:42.075961,ethereum_tx,0xebcc6425836f8044e8314a46cc8350518bcd0e3137a493d2bb75d2e7ff8df692,9481661,0xB4fC80AEc34911C5d761259E74aE8a24c2C5D995,0x72de35dC43acfC49B6B21e559F8cA586e0E12011,0.0,0.001000009,confirmed
2025-10-24T17:56:42.075961,ethereum_tx,0x0436f8e587a0260e14213abb12108123d4496726b19e1485b78490dc44b737ca,9481661,0x49E8d6086D2029C4334188571bf5b22597d596c4,0x49E8d6086D2029C4334188571bf5b22597d596c4,0.0001,0.001,confirmed
2025-10-24T17:56:42.075961,ethereum_tx,0x79a66300ce17d52c9d51a4b1f257b099ff91ed43cf7070e8a6b309d097b5d32a,9481661,0x3D3D8c5DE25a5Ed8F919E95ecad77818B5BF1C85,0xc6255a594299F1776de376d0509aB5ab875A6E3E,0.0,0.001,confirmed
2025-10-24T17:56:42.075961,ethereum_tx,0x49f78a5c4dc596f44d33526ab7bfe3957fd11d7050f0799367e6a3bc9e360971,9481661,0x61bd939995e4650F931E0946fDD2B9Ba9E91f077,0x1AAa1167728831A30b2C5E815c38F59257E67EF0,0.0,0.001,confirmed
2025-10-24T17:56:42.075961,ethereum_tx,0x4a428568c44317e7b727b46fc121bf43fd3b87044af352769c87a78496e95f7a,9481661,0x0B9428f89c91875E39c1951e68Ab38593B870Cf2,0x8bfE61eEDF24094F6832BD2E01FD3b8846b96B7c,1e-08,0.001,confirmed
2025-10-24T17:56:42.075961,ethereum_tx,0xf97d51458f14f65cb1b00a5d4c350a32cc7215314cf99ee9922c85eba3f3f8e7,9481661,0x394eCd17DA43E484AD31B0E1673Bb2D6070D8d50,0x03C66CB1826BDB0395BF31E68Bf7E873e9564fFB,0.0,0.001,confirmed
2025-10-24T17:56:42.075961,ethereum_tx,0x5a0d19075589bd63421daf71d3c6d6fb7c5be8a0dbc45b86d2618b90cc050c23,9481661,0xF310b3d9cc2b2415Cc821D360Ed2B007E19f9120,0x03C66CB1826BDB0395BF31E68Bf7E873e9564fFB,0.0,0.001,confirmed
2025-10-24T17:56:42.075961,ethereum_tx,0x26662138d969f1deac4cc625f9e59a265146791b9b67ad028808be92612cc981,9481661,0xEcf9ca4e5dA06626176B459088265565A679C7CD,0x7215691F60C4fA7Bb82c5Ac44c7d57dc32bB0493,0.0,0.001,confirmed
2025-10-24T17:56:42.075961,ethereum_tx,0x173a533b0da49266ea18e076bfe8a85ed492cfd2037545c3cbfa7706049ff0f5,9481661,0x7153852766e2E2aC23fA90E5D5FdaFCC59C5CEed,0x0D62f16383f523D5bF6aAaDFA0d53410dF24c906,1.46e-06,0.001,confirmed
2025-10-24T17:56:42.075961,ethereum_tx,0x735dbfa0d4be94ef033edd98e9441c64f431138c9f232be87fedc8909e62883d,9481661,0xa904f36D18810566b09043461559fB520dAdf55b,0x03C66CB1826BDB0395BF31E68Bf7E873e9564fFB,0.0,0.001,confirmed
2025-10-24T17:56:42.075961,ethereum_tx,0xd1bb16c12d9b3dcbbc55c7977a2d9c8c9cb1d58261a4d464de48e7f5cf1bf5ff,9481661,0x7460FAfbE22dB9D0d230b7D2AD9B891fCC05aD13,0x03C66CB1826BDB0395BF31E68Bf7E873e9564fFB,0.0,0.001,confirmed
2025-10-24T17:56:42.075961,ethereum_tx,0x68de7847b79a3a22966dd08ef2ad177736f324b7bf9db3cc65962aa198526890,9481661,0x814a76bbfc9FF757f14846b3B22c3981Af32917A,0x03C66CB1826BDB0395BF31E68Bf7E873e9564fFB,0.0,0.001,confirmed
2025-10-24T17:56:42.075961,ethereum_tx,0xf41cd4835c7a5c82d19e387cd97dcc8faa67a58aaaa150119e2d14012982ea67,9481661,0x90091E5333591499e61E5F20eD403732F698F213,0x9d9384921b63c80a50E4b5A76A6652d35C577bf4,2.02e-06,0.001,confirmed
2025-10-24T17:56:42.075961,ethereum_tx,0xfefbad2564259861dcc46267b4008821c5b4212f49ff6d4eb9f38a97a3d807db,9481661,0xcD12Ed9b63603bc9685Cda552c0156d9b297b41F,0x87A3effB84CBE1E4caB6Ab430139eC41d156D55A,0.0,0.001,confirmed
2025-10-24T17:56:42.075961,ethereum_tx,0xd0bb695517eea1147f91373078c7c2a63b1f5d06e8689515112bdad95d963650,9481661,0xFda8452066a0b78dcF6c10Dcd988bF18cB19D3f5,0xddc851acC03de6C2d1AeD65f3bce006484Fea62d,0.06,0.001,confirmed
2025-10-24T17:56:42.075961,ethereum_tx,0x067c45ec055c73c5f7f5da41ce1f980a6fee13ed8dafd01dadb0ac08df8450d4,9481661,0x36760519827d082E2bA5aaCF7fe2EB3272978F13,0x08d2b0a37F869FF76BACB5Bab3278E26ab7067B7,5e-05,0.001,confirmed
2025-10-24T17:56:42.075961,ethereum_tx,0x8a3d035e01da1f88cc58f973a49388877e575fa41e2c3e2c2adf549b23a9e143,9481661,0x3cee92f8aA6f7D641c63baF9D6525fe4C97A8e6c,0x08d2b0a37F869FF76BACB5Bab3278E26ab7067B7,0.02,0.001,confirmed
2025-10-24T17:56:42.075961,ethereum_tx,0x669ba28c60a373ca91884e662620b9331593cb36ac685550efc988f64a953060,9481661,0x0f625bD1bAB39396DaE1D855264c473C0fAcE85c,0x08d2b0a37F869FF76BACB5Bab3278E26ab7067B7,2.06e-05,0.001,confirmed
2025-10-24T17:56:42.075961,ethereum_tx,0xc6cb3d9bd57de279ffc3b4adffc69c2f51ccba12385fea1d7cc86b52675cfb49,9481661,0x69cDf38fc92276ece115B896fE2145C6a7ab3301,0x956962C34687A954e611A83619ABaA37Ce6bC78A,0.001,0.001,confirmed
2025-10-24T17:56:42.075961,ethereum_tx,0x9454c45e55d4569b2a3e14eee075e971d6dba3fa6299387efd587ef95952d564,9481661,0x874EceDe87C63D40FE64fe1115BD0EFCFcDe91FC,0x956962C34687A954e611A83619ABaA37Ce6bC78A,1e-06,0.001,confirmed
2025-10-24T17:56:42.075961,ethereum_tx,0x5b804d3d350b39f8de43fab9ed6ca06b142e885d56b3ae1de1411f40054f48d4,9481661,0x22eF655e70e2C810F5F475B2740F0E01fD57e626,0x956962C34687A954e611A83619ABaA37Ce6bC78A,1e-10,0.001,confirmed
2025-10-24T17:56:42.075961,ethereum_tx,0xc7b4218e9ca624bafec41cd755bab34692efc607ee4653a28fa5b5575b9ac7cb,9481661,0x6d50EDC485a5c5C8E57e45994de1C8f8A11A7cee,0x54a387B28e9fC4B4b94D8109adD128c244F357FD,4.9e-05,0.001,confirmed
2025-10-24T17:56:42.075961,ethereum_tx,0xc6ffab51e5d229bf8ed33f2f7b17e5a5b8eb81ae25ed1132594fe6c8d9470bab,9481661,0x099BA97a37FA019c064a2517026e3c2Ea8DB9964,0xF6e7F84d9cee738ec59c08B7a7260152C236813a,0.0,0.001,confirmed
2025-10-24T17:56:42.075961,ethereum_tx,0x9a4f3d71b6eb28b59a267e6e83532d8dc70106ab1648a4a6ed30bd9a4761239b,9481661,0x53E21cFDDd1aF38dC8609a80c4Da0CEA8753d5fe,0x87A3effB84CBE1E4caB6Ab430139eC41d156D55A,0.0,0.001,confirmed
2025-10-24T17:56:42.075961,ethereum_tx,0x67a056a50535d3e3e0d3d331d36aeb05078bf96e46924e5423dd84ec37883deb,9481661,0x78411EcC79e238E6077b3f29Ec3191AA9ccaFe71,0x956962C34687A954e611A83619ABaA37Ce6bC78A,1e-06,0.001,confirmed
2025-10-24T17:56:42.075961,ethereum_tx,0xb23dead68b51ec0174c34a3e582da1ac7bf84bc998b8b7eb630a12992d2bdce3,9481661,0xeB23746F20CA8Bca63d99bf0c201c9f4892BfD01,0x956962C34687A954e611A83619ABaA37Ce6bC78A,1e-07,0.001,confirmed
2025-10-24T17:56:42.075961,ethereum_tx,0xd86f84d3a37848b225b420dcfdcb041654ae3b6a05d0f439dd85a1c7aebd91a8,9481661,0x774780b0A4b5a9AC7ED7B926809A164B11C56708,0x853758425e953739F5438fd6fd0Efe04A477b039,0.0001,0.001,confirmed
2025-10-24T17:56:42.075961,ethereum_tx,0xa7be43779fa617f0128dd0144d6fa20e641a6fe2f841294b58ddddc41ac0a248,9481661,0x45d286B61aa6b0396541451f7dF8438477138699,0x00Fbc9D0b844f5EeDAB5394953fE00dd6BdcE498,5.25e-06,0.001,confirmed
2025-10-24T17:56:42.075961,ethereum_tx,0xf85c4b842536419d01009a80166c5d35531502fc36d53c32b271c4366e9a9c0e,9481661,0x13e6009357AF52E7D564b5914aa97719C8304A28,0x956962C34687A954e611A83619ABaA37Ce6bC78A,1e-05,0.001,confirmed
2025-10-24T17:56:42.075961,ethereum_tx,0x97413b91ac66aee83fca0155a9651cbb3d73c6f39f268e76349e40c77ce301a9,9481661,0x2bF78d2268Ed1776E41323D6A5aE694d8c8F7968,0x956962C34687A954e611A83619ABaA37Ce6bC78A,0.0001,0.001,confirmed
2025-10-24T17:56:42.075961,ethereum_tx,0x06245b819da2c323db9641165cbad818bedc8cf3655f4ae915fcdec118e5e911,9481661,0x2524e14D30EF2f2419aD12D8048F6b797a2cCFA6,0x956962C34687A954e611A83619ABaA37Ce6bC78A,1e-07,0.001,confirmed
2025-10-24T17:56:42.075961,ethereum_tx,0xce996f2066ddee058ae4cf3043bfa3234128b7576d2e06e7eac56fe1d1373eee,9481661,0x903e631553c609892c5e26EF67D9a3825d40Ab86,0x956962C34687A954e611A83619ABaA37Ce6bC78A,1e-06,0.001,confirmed
2025-10-24T17:56:42.075961,ethereum_tx,0xcaa29fd8a884816243868df086708206c964bc944c09435cd9bae6d6d7355faf,9481661,0x7D58DfEbffe0A279e9cAE7c0CeDEf649E276e642,0x956962C34687A954e611A83619ABaA37Ce6bC78A,0.0001,0.001,confirmed
2025-10-24T17:56:42.075961,ethereum_tx,0x6b6e6a6c68a459f003228bf5efb6dfcecaf12fc516106b9a90731e0665ababd1,9481661,0x94B794E59838De302CCf043d1c7C5E14fc6473A1,0x956962C34687A954e611A83619ABaA37Ce6bC78A,1e-07,0.001,confirmed
2025-10-24T17:56:42.075961,ethereum_tx,0x28fd128e58893d3de8f57ef2a0f8ce5a0e31d0372524966beb122531f89159d8,9481661,0xcB499cf9d71FBD345e9BF8A37434e5C92d290Efc,0xb3975b4294ed871013d2B47ADe5da9015Df5C54a,0.0,0.001,confirmed
2025-10-24T17:56:42.075961,ethereum_tx,0x72ccb948a50b9c347bb71888b5271930ff6ee3c1211f20aa55a46ccb818e3b8d,9481661,0xDA4bc6D9f9E8676502538C7476901CB4c891bc04,0x956962C34687A954e611A83619ABaA37Ce6bC78A,1e-07,0.001,confirmed
2025-10-24T17:56:42.075961,ethereum_tx,0xad979e59b9ef9665405828caf61d48d830a7b2aaef8fbcfc6c810d8ff970822b,9481661,0xDB780F99E4b3e7BeCC7917B70e25f67004f047B2,0x956962C34687A954e611A83619ABaA37Ce6bC78A,3e-06,0.001,confirmed
2025-10-24T17:56:42.075961,ethereum_tx,0x50c16d8163a6688409f499c802332b47920d568648dfb7b9b310b1f435b6c5a9,9481662,0xb66dABbbDf9b3F80871Cf933938Bb4eD431497dc,0xcA11bde05977b3631167028862bE2a173976CA11,0.0,3.000000009,confirmed
2025-10-24T17:56:42.075961,ethereum_tx,0x530c67342ace72f7ecbbce7415c83270fce7782acbb9b37dacc5cf53a1a5a75f,9481662,0x55A07F9f7eD7F110c2Ddd8f2f5d8677Dc94aF4E2,0xeA30c4B8b44078Bbf8a6ef5b9f1eC1626C7848D9,0.0,2.200000009,confirmed
2025-10-24T17:56:42.075961,ethereum_tx,0x6a79758b7fbbf6513ed7afe3fc4352dc7c7afd9d7a11b8edbadec4276f825df6,9481662,0xa47FD6B99483Fc9165aB9c43bF8ec615EeFe441C,0x73B668d8374DDB42c9e2f46fd5B754Ac215495bc,0.0,2.000000009,confirmed
2025-10-24T17:56:42.075961,ethereum_tx,0xdfe205b46765081062a6f02a6117e343c545d3b037a348e81bbbd50c7587ccaa,9481662,0x6Cc9397c3B38739daCbfaA68EaD5F5D77Ba5F455,0xAc9c572b83e265b49c47B6D89C029F799bdA1f05,0.61188588,2.000000009,confirmed
2025-10-24T17:56:42.075961,ethereum_tx,0x04865158d7799a1fce5855b2dd9c0697c4491cb81555b73f1d7d164c5f0fa7de,9481662,0x319dd63E0AC72e7Ac74443029d074032c043460F,0x1c7D4B196Cb0C7B01d743Fbc6116a902379C7238,0.0,2.000000009,confirmed
2025-10-24T17:56:42.075961,ethereum_tx,0x6a40a3f606f88f4d36d741c026c30dedebacf28913925a2ee889b94a158cbd6a,9481662,0x6Cc9397c3B38739daCbfaA68EaD5F5D77Ba5F455,0x3798E2A0E4701586b7a697B7a9206CC894fc6bCc,0.05689274,2.000000009,confirmed
2025-10-24T17:56:42.075961,ethereum_tx,0xf54b92ae469d0ed1a0437bde6b6debdb61549338ff1f167f03b1ebf02d987bc8,9481662,0x6Cc9397c3B38739daCbfaA68EaD5F5D77Ba5F455,0xE7EFEade53bB84222a7b5362DC960F307344580d,0.47462927,2.000000009,confirmed
2025-10-24T17:56:42.075961,ethereum_tx,0x857914584baeee747b6beff7d1f24199ee5b145083e6169d5b7f277ed95ff9c0,9481662,0x51E3B84966c042C278dEb61564C106B6b82aF792,0xfB1fa32605b1Cd1B91d1B80CCC7dde8EDab643D3,1e-15,2.000000009,confirmed
2025-10-24T17:56:42.075961,ethereum_tx,0xbd520a01941a66d5bfc63cd19406a88895cccd7215e2fc1b20b35b30610c19c5,9481662,0x6Cc9397c3B38739daCbfaA68EaD5F5D77Ba5F455,0x1494EDffE1614aA2844B1a2ca11B8e468409E1CE,1.05819783,2.000000009,confirmed
2025-10-24T17:56:42.075961,ethereum_tx,0x59cd007201dc462a93455a3f7b94c106bf149145c6d1e63c26e25235eae5deca,9481662,0x6Cc9397c3B38739daCbfaA68EaD5F5D77Ba5F455,0x817c2966FD0D50851ec2Ce7d26fE0DEB64D685B7,0.8556341,2.000000009,confirmed
2025-10-24T17:56:42.075961,ethereum_tx,0x3fbf1e7eae52daac4d2aef3a46b1e1cf89049cba2314afd8cedaf28c92718000,9481662,0x6Cc9397c3B38739daCbfaA68EaD5F5D77Ba5F455,0x0E330A204599C30b0072E31421b06a78b7B07705,1.55542549,2.000000009,confirmed
2025-10-24T17:56:42.075961,ethereum_tx,0xe554cc58c765bc59a5018c9dd9a17738b052617bfec1ac3d1457be73306f70b5,9481662,0xb13944620AE764f5dff7B731F542c960CCA96b32,0x73B668d8374DDB42c9e2f46fd5B754Ac215495bc,0.0,2.000000009,confirmed
2025-10-24T17:56:42.075961,ethereum_tx,0xfc9aab2380299db8949ed96c078a51dc4ad5ca6e295951991ab1db427e1857db,9481662,0x6Cc9397c3B38739daCbfaA68EaD5F5D77Ba5F455,0x4e6116e7FDFCBa0112568CdC570a220cFB14a81d,0.20648259,2.000000009,confirmed
2025-10-24T17:56:42.075961,ethereum_tx,0x994d2e5f503190627178e8b55c17bceafb808f13b31a5acd80b776747a48dc2b,9481662,0x6Cc9397c3B38739daCbfaA68EaD5F5D77Ba5F455,0x1C0120285EF87BE3f3d2284D5B81Cd70Cba4CC2a,0.46188,2.000000009,confirmed
2025-10-24T17:56:42.075961,ethereum_tx,0x0507fc26f0cd378aaa62d848bcb2e0ce41f8f6b433e7282e58c6ecea6239e9cc,9481662,0xe7F38E2D57a0eA80240B5E65A69AF66812CbCd0C,0xf2db171D653e7eb5Ff652B570b8cB64585Ff12e4,0.01,2.0,confirmed
2025-10-24T17:56:42.075961,ethereum_tx,0x240a2a42e9f34824321893e45eac94e99fea6e9bb56297b320d4dda26d384475,9481662,0xA1128F8Db95a5985F4c3b7a099d0225A89Afa742,0xBC04d69Ecd7890699b2BE7924eA86474e15098E6,0.599968499999874,1.500000009,confirmed
2025-10-24T17:56:42.075961,ethereum_tx,0x41dda1c13092f3bfa80ecffcd3895afb1865a756f25b4d25175505b1526835e4,9481662,0x8CFC2644e690D45709B9B8FC87B055c1771dD8FD,0x2A4496bbC344414e3bDbE6a8E7c40EF007DAeEd1,0.0,1.5,confirmed
2025-10-24T17:56:42.075961,ethereum_tx,0x37de475d2af45ab96e76d106988ce8758fc7eeece7702818b7e19aa8ba99c72b,9481662,0x7D1E1555Be66c794eb1E382D3e90AB6947e3307F,0x2A4496bbC344414e3bDbE6a8E7c40EF007DAeEd1,0.0,1.5,confirmed
2025-10-24T17:56:42.075961,ethereum_tx,0xbbbc69a918cef2f0e9d79a0c9ba571fdd9a74eaa74734ccf7a1b182bd36150ac,9481662,0x5E415aD9F91ba2fFE78c053eD90Dc3CE0A171C91,0x2A4496bbC344414e3bDbE6a8E7c40EF007DAeEd1,0.0,1.5,confirmed
2025-10-24T17:56:42.075961,ethereum_tx,0xa27fc77b6d12c9a6c12df41d7a1176e7ab6d96b6d801cafa53f5d48a0361eedf,9481662,0xe5f4B0f77d3AD97267Fe39ce9e61c94Cd9341c8e,0x2A4496bbC344414e3bDbE6a8E7c40EF007DAeEd1,0.0,1.5,confirmed
2025-10-24T17:56:42.075961,ethereum_tx,0x8eede3ec916b45f5154d3dc7ed58197a51d1b3200b277722b761ef012ac54079,9481662,0xC5fD2d2b4a035735F03ddD06B0500bD8e2480715,0x2A4496bbC344414e3bDbE6a8E7c40EF007DAeEd1,0.0,1.5,confirmed
2025-10-24T17:56:42.075961,ethereum_tx,0x545e32ac6e72611463bdfcbc200e3d9295c7a1a41258739cb928034b796522f3,9481662,0x8B2469FCD41957b75445b3518636aEFc520AE29e,0xD68c8Bf0d9B9ccbc06c60438087613BC78ccF25d,0.0,1.100000009,confirmed
2025-10-24T17:56:42.075961,ethereum_tx,0x2edb9aa8353189f4359f73d4518069e4a0efa29d4258b0f6ad3f6299d67a4d3b,9481662,0xAa03CfA18154822f8Ad92D48c42210a890E01Dc9,0xB88FeAA1a0c5B57D82B50C937A7ad647E6D59223,0.0,1.000000009,confirmed
2025-10-24T17:56:42.075961,ethereum_tx,0x7c6cfde2ae7c17b35a678641c1fb6d3d6a2e1d54555bf630f949a6e6a05a306b,9481662,0x24b12a18215ADd1816C1c6678100A9e7d5C774e7,0x002fcD62Fd2B7B9ec33aE08e0629956b91CE2b4A,0.0,1.000000009,confirmed
2025-10-24T17:56:42.075961,ethereum_tx,0x8dbf906f83e524b356f82677dcac3c941aee5a5e9eebbe412d1645da2cebbc15,9481662,0x16fAadEC6f4A4b930a7637abeBb6E7cbC0Ac1Ab0,0x00c9280520640F310750f97080f804E1b8A7222e,0.0,1.000000009,confirmed
2025-10-24T17:56:42.075961,ethereum_tx,0x9bac3cb59c3b18d96ec759ab7e87b40132ffbecaf5d9eb0a2c7e9a737616b414,9481662,0xbceB0247dc98C45cd766DbFCc05926A2F488F944,0xbcD0240e87629671e5EB2d9BA50b6F538c39fa73,0.0,1.000000009,confirmed
2025-10-24T17:56:42.075961,ethereum_tx,0x525133e41ed39dabc59288a29d515a1b703167ceeede34b9143adb11d886541b,9481662,0x53282f77694b120D4f83A6debFfAEbfd5C056D9b,0x008DdF509E718354F9d6E25440d1806D9839c3FF,0.0,1.000000009,confirmed
2025-10-24T17:56:42.075961,ethereum_tx,0xe38b87332ee5c86c7e713ac0c66a89e95a734929bbeb1ad4bebb367e1023b017,9481662,0x4cb9884B2ff365BD9EFC90FcD1D3D4fF1868Eb9b,0x00d3655636e6644c48d19f70bf4ce14b232ba696,0.0,1.000000009,confirmed
2025-10-24T17:56:42.075961,ethereum_tx,0xf8bae81cba887ee1a3e1e3954e6e9a89bdfaf9e11dfbcb99d30c5d68b7a8719d,9481662,0xF42B366e26d3017bacAB32F6dc026f632EE0DDA0,0xF15Da6CbB2Aa33b5625AAA74eE9389217fb656b8,0.0,1.000000009,confirmed
2025-10-24T17:56:42.075961,ethereum_tx,0xab178386de079a3eba97728e83fd67bed21a9b264f1f1bd970ee59c290f4e1ef,9481662,0xa419ed8958bCf443B19b9E3a0246C5345806Fa9E,0xffFf000000000000000000000000000000002331,0.0,1.000000009,confirmed
2025-10-24T17:56:42.075961,ethereum_tx,0x8e1e85396e4b6b10d4c236de5b7ad05bab1e2bc8102d2113518ed77054e2d1c7,9481662,0x17233a7fb3E0C3A40cD4E0Ecb3e32962Bf2FD714,0x0071Bca44Bf16Df1e59d7dEd5466F98aD11F75C3,0.0,1.000000009,confirmed
2025-10-24T17:56:42.075961,ethereum_tx,0x386adbe0c8c41cf71ad3830b3f47188f113cca858839e3243f3fe57f70b7d462,9481662,0x0632215e32658508fC985BB80f22eE71377F7aAE,0xFF00000000000000000000000000000000743111,0.0,1.000000009,confirmed
2025-10-24T17:56:42.075961,ethereum_tx,0xd63ea306a31287200339fc57af1f6cd75fbcdfcb2fa851e41864b89194529e27,9481662,0xFfCAb08798E36F5b03eaC64afca78a5FD4D43b15,0xf993E10C83Fe26DddFc6cb5E82444C44201e8a9C,1e-06,0.020000009,confirmed
2025-10-24T17:56:42.075961,ethereum_tx,0x0f147a874d51fc5246d95ac5c4756d31f9706e207f9170cc01970dbab043e71c,9481662,0x214F33AA0c9eF32d1386F716Fe56F622A795889A,0xf993E10C83Fe26DddFc6cb5E82444C44201e8a9C,1e-06,0.020000009,confirmed
2025-10-24T17:56:42.075961,ethereum_tx,0x313a7291593266a2ad0c00e5715768670df638043d48c8841e856ef7246e809e,9481662,0x2Eb0e120a81573D049B36354225478343DDF9602,0xf993E10C83Fe26DddFc6cb5E82444C44201e8a9C,1e-06,0.020000009,confirmed
2025-10-24T17:56:42.075961,ethereum_tx,0x5e63c749d2708be8bc88104d1e7fd859e33269b05eec1fb0c2ba7828218fbf02,9481662,0xb584D203ac7c89173D6c61662DC43681341Eff4A,0xf993E10C83Fe26DddFc6cb5E82444C44201e8a9C,1e-06,0.020000009,confirmed
2025-10-24T17:56:42.075961,ethereum_tx,0x572f81857894e64daf7af259731e84a39eacd085e185d6680382ad21f013a704,9481662,0x26149F408E76c66Eee1AbDF7d4ff889AD61e93D9,0x5a04F6B808e909aD88e479F801dc77e5C38F5412,0.0,0.020000009,confirmed
2025-10-24T17:56:42.075961,ethereum_tx,0xd7c02c5155f8964b4aa6fc90708f12f8143cddb76885ffe905985c154028cfcc,9481662,0xb3a1956Cff1ecc8054B81b0C83b9847CB71384b8,0xCf8EDB3333Fae73b23f689229F4De6Ac95d1f707,0.0,0.003865648,confirmed
2025-10-24T17:56:42.075961,ethereum_tx,0x80babd6417e4cdbead27907d1bd4e484d51c7376ae2d43d1388f3a893d4a6bb5,9481662,0xB495d5633c68Ca45A5Cc5B5D2c898976644377D2,0x1D78D07D8357D73373754D4C74b898E108756a56,0.0,0.0015,confirmed
2025-10-24T17:56:42.075961,ethereum_tx,0x39179595796468fc31f14dd3819a089616f3997bd672bd32d270204465c51a4b,9481662,0xB495d5633c68Ca45A5Cc5B5D2c898976644377D2,0xB0796dECb16E9Bde041b3992Ad0B53E505Caa14D,0.0,0.0015,confirmed
2025-10-24T17:56:42.075961,ethereum_tx,0x850ffddf2e8a72d2e834eca5e2c97bfdfc13f295b583a01ae34af2542b384c40,9481662,0x65141CA3329DA9A83458017474b5Bc62097Cf24f,0x69C6b28Fdc74618817fa380De29a653060e14009,1e-18,0.001199998,confirmed
2025-10-24T17:56:42.075961,ethereum_tx,0x69c9ac0fe25ad6bd1ffa396956f6ac565c37b26afd0b053eb324ab836a240409,9481662,0x9a0C272bD8bb40edB2689bF48B395F8EcB561d55,0x7A7Bb45Cc01e8Da3aaA5d2F7dad45312832fdE2A,0.05,0.0011,confirmed
2025-10-24T17:56:42.075961,ethereum_tx,0x2ee710ff8e499a8bac01b7c80fcd4b4de05e66628b8a3bb4fcb46b7b981fcae7,9481662,0xFDA9f913274D3c89D78d649B27565d88517711A4,0x3eDF60dd017aCe33A0220F78741b5581C385A1BA,0.0,0.001052631,confirmed
2025-10-24T17:56:42.075961,ethereum_tx,0xbef98433fa8ac665725ed8187d7f1c80d3ad45a36df62e1643c81428e7f8f058,9481662,0x5613B844Fe94903fCB635532591aC1622f2f85bA,0x3eDF60dd017aCe33A0220F78741b5581C385A1BA,0.0,0.001052631,confirmed
2025-10-24T17:56:42.075961,ethereum_tx,0xa0f191ae2d04cdb8e0c8c9bd4e0b9b404c4b8a1585032fd732af115d54760c84,9481662,0x39aBD7819E5632Fa06D2ECBba45Dca5c90687EE3,0x4e1DCf7AD4e460CfD30791CCC4F9c8a4f820ec67,0.0,0.001026315,confirmed
2025-10-24T17:56:42.075961,ethereum_tx,0xb076ef154ef4180b6c46a764b7f2647f75f3e05a7ef52520369b58e115d5250f,9481662,0x4f70C13Bec4f452167eb27Ecf8Dd4066Da89dA09,0x0000000000000000000000000000000000000000,1e-05,0.001000009,confirmed
2025-10-24T17:56:42.075961,ethereum_tx,0xc1f851da2f1f4fc95cecfa17730f85e15729c02ddaca19246d2c781e9aee6530,9481662,0x52A94fA3d42d8b34E22acBAbDB9c25C97F782C10,0x0000000000000000000000000000000000000000,1.13e-05,0.001000009,confirmed
2025-10-24T17:56:42.075961,ethereum_tx,0x5143d8ccd1d9195e6e3f7f2d6ceac26d5e03c98b87dae567353b723bf633aec7,9481663,0x3C95c2633296B264d051498C4b2e982EbB526A53,0x3C95c2633296B264d051498C4b2e982EbB526A53,0.0,4.1,confirmed
2025-10-24T17:56:42.075961,ethereum_tx,0x2579e3982008b874f9b1cc1eb009766306087ffa61364ef146a08710f6cfe7b6,9481663,0x8e66eA66b20fDc6283967F54cEA2cDdf05B8b1Cd,0xcA11bde05977b3631167028862bE2a173976CA11,0.0,3.000000009,confirmed
2025-10-24T17:56:42.075961,ethereum_tx,0x7c80888982aaba50cf65576d189dde0a84467586373f3f3a3c81acf410b86499,9481663,0x51E3B84966c042C278dEb61564C106B6b82aF792,0xfB1fa32605b1Cd1B91d1B80CCC7dde8EDab643D3,0.0,2.000000009,confirmed
2025-10-24T17:56:42.075961,ethereum_tx,0x28a3041d35e0acc1fbbd07d3328e0feec3c787a9b274822a8ea1da658da1e69a,9481663,0x6Cc9397c3B38739daCbfaA68EaD5F5D77Ba5F455,0x21C0c2C704360625Eb70D5B34103a6B1D6312838,0.36237265,2.000000009,confirmed
2025-10-24T17:56:42.075961,ethereum_tx,0x5b659f665f16ac9a66c7f97201906efc251a5eeadc8bc1937f68a098c142e27d,9481663,0x6Cc9397c3B38739daCbfaA68EaD5F5D77Ba5F455,0x379261D90f66cB6F2348190065a97957dC020742,1.11949039,2.000000009,confirmed
2025-10-24T17:56:42.075961,ethereum_tx,0x73f7e9fb155c2a5cc13c13c6057ed7f3eca0dbbeaf6876399b796024043213a4,9481663,0xe7F38E2D57a0eA80240B5E65A69AF66812CbCd0C,0xe7F38E2D57a0eA80240B5E65A69AF66812CbCd0C,0.01,2.0,confirmed
2025-10-24T17:56:42.075961,ethereum_tx,0x2fbde14bb66a7db57078c785b9d3c4a95ef61d351d209ec73125175e082f79b9,9481663,0x91f1C7Fb8Ae71556241ED141f1797E1FDc8942a5,0x1c7D4B196Cb0C7B01d743Fbc6116a902379C7238,0.0,1.500000009,confirmed
2025-10-24T17:56:42.075961,ethereum_tx,0x9dadb74bf6220fb2ea36c2ecc3a74965c300c2754fcb217de40858c1aa79f540,9481663,0xf67C7cFCC82FcA16b6FDe025852e1df5BF12a046,0xcA11bde05977b3631167028862bE2a173976CA11,0.06,1.500000009,confirmed
2025-10-24T17:56:42.075961,ethereum_tx,0x9d4d9e99656a16a99370ee92d638014ba78b16a7d071851c4da37cd50a8f81f8,9481663,0x96bDC6b5dFB67deBbae37Ec582193c61217d13B6,0x87043a5a759D2A47DA5270e59E62679aab1F13D8,0.001,1.500000009,confirmed
2025-10-24T17:56:42.075961,ethereum_tx,0x1dcdcadcded64630a6e577aa4ea8f2e159281e88b4218a722edbf7af81f3e27b,9481663,0xc150eD8eEe9B61a8dA1f2BaCE3087CA845d1Cb81,0xc150eD8eEe9B61a8dA1f2BaCE3087CA845d1Cb81,6.68e-10,1.500000009,confirmed
2025-10-24T17:56:42.075961,ethereum_tx,0x9be88db37700ce504307f03ba6b8c85520d2f7438cbd56024fb5df6f55259847,9481663,0x904F2Fcf64a5C5AD28f2ac3C1003B63C11227287,0xc6255a594299F1776de376d0509aB5ab875A6E3E,0.0,1.500000009,confirmed
2025-10-24T17:56:42.075961,ethereum_tx,0xf44e5c71862c89c96ed7dd11cda751aabcacf5fc1f7d125ac8742529e47eed19,9481663,0x32aAA283D9ee4af82Dca619daBC1bec87D209536,0xCaC524BcA292aaade2DF8A05cC58F0a65B1B3bB9,0.0,1.500000009,confirmed
2025-10-24T17:56:42.075961,ethereum_tx,0x0c8cf65e59edee0291f2a20c0e0b89aa77861ac1baf89144e9f4f38b971cc05e,9481663,0xc39Ab29406cf7F5e6eD12320B667F5A26ce9127b,0x6eACDdb2B56940B3735a0b352F283e7BEbDE3deb,1.15e-05,1.5,confirmed
2025-10-24T17:56:42.075961,ethereum_tx,0x63f9bfe296727aba8ea54e798f32ad91b54d1f5f205b2a93068e99614d11eb5f,9481663,0xC87412c0d7767Ee287D2e4B6F4a580c1087ECe1A,0x2A4496bbC344414e3bDbE6a8E7c40EF007DAeEd1,0.0,1.5,confirmed
2025-10-24T17:56:42.075961,ethereum_tx,0xc56f2947ed411b6c41c22b800bf1015da1805a8b9b8066774e9c1e72aae80a22,9481663,0x962D73a362de46c14Ca604a42236D0Df009fe45D,0x2A4496bbC344414e3bDbE6a8E7c40EF007DAeEd1,0.0,1.5,confirmed
2025-10-24T17:56:42.075961,ethereum_tx,0x1bb02ca8ee01c7666ff1882d5ece89cbca5f94b96abcca634f8e6b7c1c133a24,9481663,0xD4BCC4c2a3426D62685FEdbDF2C83619ad452223,0x2A4496bbC344414e3bDbE6a8E7c40EF007DAeEd1,0.0,1.5,confirmed
2025-10-24T17:56:42.075961,ethereum_tx,0xd732dfecd8de12e3258d9bbf1a19e67578517901418c3b4354862d2c24a6e3e7,9481663,0xa0eE2cF4AB9Cebf08eDB1B1360dFA26ec6845CD0,0x2A4496bbC344414e3bDbE6a8E7c40EF007DAeEd1,0.0,1.5,confirmed
2025-10-24T17:56:42.075961,ethereum_tx,0x1080f4b501e1d5e49605067186758eeb0399ae2c3f6124a420d681e9756e54f3,9481663,0xd45E9963E97a68C6d2E10D8972C1dB13733234a7,0x2A4496bbC344414e3bDbE6a8E7c40EF007DAeEd1,0.0,1.5,confirmed
2025-10-24T17:56:42.075961,ethereum_tx,0x84aaed321979e2cb2a77780284650665cb5f51a9ed7d37c3ba94e9a7650a0462,9481663,0xFA534ba617AD3e65bDFB2a5c8BD0e343598D0cf4,0x57c5dC670eB6f571bDD8Fc1CF178c46c9A917A74,0.0,1.5,confirmed
2025-10-24T17:56:42.075961,ethereum_tx,0xb656cc0cd7c3d4cb652d314daaca54488a9399ae87896c9f5471de53e928f97d,9481663,0x58420F9d81A27DA54886221967a9327F6589c0E4,0x2A4496bbC344414e3bDbE6a8E7c40EF007DAeEd1,0.0,1.5,confirmed
2025-10-24T17:56:42.075961,ethereum_tx,0x0024bb077f8a9647263ae96e588f4f6e56fd5259d6004097d9140c79dffdaf5c,9481663,0xF0FEd0C0192539a1076d8BDa1233f414704d98Be,0x00D22efF04CF7d0f5A355A6D9A06E43120398dA6,0.0,1.000000009,confirmed
2025-10-24T17:56:42.075961,ethereum_tx,0x18cdbd19118d5ac6121606a2c0670f07392414b3d646fe5f8729f427aa021cdb,9481663,0x155f043Fb533cAeB7E63CA878350c3a0962A2BFA,0x7Ce85ea5c1469dD5e33dC75398423290F3c85869,0.0,1.000000009,confirmed
2025-10-24T17:56:42.075961,ethereum_tx,0xb216814fa03f88495ad935dc8632e0ec6aea53ca67d481b77f13143ce7902024,9481663,0x2D423Fe82906e205f98e2fc9AdcC008b8b6C7203,0x002DFb35f6Db581BD4F136e849E9dAaD0dA721d0,0.0,1.000000009,confirmed
2025-10-24T17:56:42.075961,ethereum_tx,0x92afcaccff9043edbc530fd3e6a527209950d3903044cb9427e2e2ad32d8df12,9481663,0xE53E1EdC0f1C8bAac0fd0CBc0B408fef33402ab4,0x32787CDa7eB44a561470afB3134465e4d386b301,0.0,1.000000009,confirmed
2025-10-24T17:56:42.075961,ethereum_tx,0xc75be81456e6d9dbb35404d23c453112cc411cd300f8ca69280db62aadcdd802,9481663,0xC9C28E040274f8d7B0b801bc49AbbD209d7c9f24,0xc5Eb9cE20b933e9003926EeB65aCc17794EEb3B1,0.0,1.000000009,confirmed
2025-10-24T17:56:42.075961,ethereum_tx,0x25eacb62aa370df99480f5e2a05a883027ec9c377b5ea40d6f220bc8e018ebe7,9481663,0xaC07470Df2E9a22061a64C467d56fD11658e8619,0x3F9659ce01aE8285Bc30efe232cE5166f80e1789,0.0,1.000000009,confirmed
2025-10-24T17:56:42.075961,ethereum_tx,0x8c0a06fb420eaf5672f10734ddc6d8abb7f39ce90acf4ae381a0f8ef55d87b98,9481663,0xe7F151cabC547a80E7bA3cB55c58899816e90064,0x1c7D4B196Cb0C7B01d743Fbc6116a902379C7238,0.0,1.000000009,confirmed
2025-10-24T17:56:42.075961,ethereum_tx,0x3abd4b799788edb9e1e4e3fdf1cd20ca240af0c36db71abe0515beb8514f6bd4,9481663,0x36380209a06A1EA58b841BA1f9AD0C811fF8A991,0xDB89eD993a19CD284d6d96710F64e7D3CEF9d3a5,0.0,1.000000009,confirmed
2025-10-24T17:56:42.075961,ethereum_tx,0x6166dd5af8ef3b742d9b026f294c38d51dc9f779b48d14441ddeb0f2a3ded226,9481663,0x927C9ea873E461C164290f085933dBd15F28069f,0xFF00000000000000000000000000000000047777,0.0,1.000000009,confirmed
2025-10-24T17:56:42.075961,ethereum_tx,0xc0848bee7c2569058fd5c0021d0bf04cac047296da04702711eb1c41930d9b37,9481663,0xf279f67ceC3dEb671dc1690e1Be375f00Feac03E,0x8a2d7B098488cB0fDf68A5Bf796743De6dE5F8c9,0.0,1.0,confirmed
2025-10-24T17:56:42.075961,ethereum_tx,0x4a863fb501c8760eec66b4f345303a3318e8d373593d268274017dfa68254636,9481663,0xFA0c527B5d5eA1a4A92501599629c5d2954f57e2,0x5FF137D4b0FDCD49DcA30c7CF57E578a026d2789,0.0,0.100000009,confirmed
2025-10-24T17:56:42.075961,ethereum_tx,0xa40167635894049101a3a4675b83f92ed70646ff21b3b3d9a6f567ee4994337a,9481663,0x27D2f34a95022f2463217Ff79Da670C35D57d5a6,0xc6255a594299F1776de376d0509aB5ab875A6E3E,0.0,0.020000009,confirmed
2025-10-24T17:56:42.075961,ethereum_tx,0x7a2d8355bbe3227c3cdc511a6ea0c479c3d6c681b8cb9bbe47f5d33e5431bf8e,9481663,0xF8B731405a1Bc2C44537A1fF7e13BFE72C758f12,0xf993E10C83Fe26DddFc6cb5E82444C44201e8a9C,1e-06,0.020000009,confirmed
2025-10-24T17:56:42.075961,ethereum_tx,0x1e604f8382e121f35aaceed28fc4684b0af2554911efe266ab92d8855f729802,9481663,0x8f65486b78808fC9d02262feE759861034F8EbdB,0xf993E10C83Fe26DddFc6cb5E82444C44201e8a9C,1e-06,0.020000009,confirmed
2025-10-24T17:56:42.075961,ethereum_tx,0x74ff023f4e2bad6167f6a9891284d8b232ae2c4986761b6e54b6484f3822c86f,9481663,0x29281Ee8ec6fe967e44d312949ee36d0bCE82963,0xf993E10C83Fe26DddFc6cb5E82444C44201e8a9C,1e-06,0.020000009,confirmed
2025-10-24T17:56:42.075961,ethereum_tx,0xd6f0f4212b0645bd3c4bb3191808731938fb55ae15050e9c23dcf4dcc91e98aa,9481663,0xeDA7215a24Ed2a26cC2602A3A4a2C866553d72ea,0xf993E10C83Fe26DddFc6cb5E82444C44201e8a9C,1e-06,0.020000009,confirmed
2025-10-24T17:56:42.075961,ethereum_tx,0x06a16729605b3542460ebcbd374318dda85d98f0f45643e7d5e31ef9d52803bd,9481663,0x61d8838f9A00250C9AF13D622DA7c08c372ee587,0xCf8EDB3333Fae73b23f689229F4De6Ac95d1f707,0.0,0.003873166,confirmed
2025-10-24T17:56:42.075961,ethereum_tx,0x95df6f680f7cac6d11c10ff66e65d33908c4765e984e217ffcdba519e1d9b117,9481663,0x61d8838f9A00250C9AF13D622DA7c08c372ee587,0xCf8EDB3333Fae73b23f689229F4De6Ac95d1f707,0.0,0.003873166,confirmed
2025-10-24T17:56:42.075961,ethereum_tx,0x8ff8d59b11f9f81aa7da81aa33a2a538f0bff4fe965fc89d1717fc7f915d7d1c,9481663,0xb3a1956Cff1ecc8054B81b0C83b9847CB71384b8,0xCf8EDB3333Fae73b23f689229F4De6Ac95d1f707,0.0,0.003873166,confirmed
2025-10-24T17:56:42.075961,ethereum_tx,0xfd9671f04464bd68ec5ce6666db9b500f9f7efec91e11ad1a6f714c1239c3d8d,9481663,0x406e1f6393e9f484D33E2a24b0E36023973490F0,0x87A3effB84CBE1E4caB6Ab430139eC41d156D55A,0.0001,0.001500013,confirmed
2025-10-24T17:56:42.075961,ethereum_tx,0xbdae4cdb149cbf1160af7f2305176f2331df5278feb1ac0ff96883e2480ed1cd,9481663,0x9B918b283B92dA83E2be554694C71Af453c33538,0x956962C34687A954e611A83619ABaA37Ce6bC78A,2.6096486932498e-05,0.001500013,confirmed
2025-10-24T17:56:42.075961,ethereum_tx,0x5cbbd6d146c4637357caf3253019e79b61d02550c0489a1b6c82c2520c71243f,9481663,0xB58C32D163b842cA0Cd6F05b1982Ee491F59C526,0x956962C34687A954e611A83619ABaA37Ce6bC78A,2.494717310915e-06,0.001500013,confirmed
2025-10-24T17:56:42.075961,ethereum_tx,0x5f289789aa499db7b7acc3d72c5c5647a3628629ba80b0a45d87a0d4f9f67849,9481663,0x4BA56bDa2009816e260921970041d6Eb005D7272,0xC764A997C86dC22B50Eb637626e3f46bfd82534A,0.0,0.0015,confirmed
2025-10-24T17:56:42.075961,ethereum_tx,0xcd3805ae1728ed0c38bddf9d0bc59d551587480d96253788699e33e50d308902,9481663,0x6d7927C0D236388319864007681BC0C6b844Def8,0x12e1181a741b70BE6A9D81f85af3E92B6ba41897,0.0,0.0013,confirmed
2025-10-24T17:56:42.075961,ethereum_tx,0x16b9602b0b8c4d7ba38af642d4e50772ce5ee682d5a7a1019f7dcc1ae29a284e,9481663,0x1407a423FFaBcBC6ceEb0bbDf4cd093c860a3F62,0xFf731AB7b3653dc66878DC77E851D174f472d137,0.0,0.001250011,confirmed
2025-10-24T17:56:42.075961,ethereum_tx,0xfe311ad86eb88d15a4895ee4e669081fe466a411d817ebb1303957e96e787518,9481663,0xC374CBA3E62A8cfDf9147581f26BF4C990b499f6,0x4e59b44847b379578588920cA78FbF26c0B4956C,0.0,0.001200009,confirmed
2025-10-24T17:56:42.075961,ethereum_tx,0x965e09c08ecc9201a4b311c6d29b4843571a61eac022230e1f8dc0fbd6175d7c,9481663,0xc4126266E8BA270F1370765308b9D01480556DA6,0x87A3effB84CBE1E4caB6Ab430139eC41d156D55A,0.0,0.0012,confirmed
2025-10-24T17:56:42.075961,ethereum_tx,0xd544e7743d32f10b14e5aa498cfca16ed6737fb42d9da8841327b1a9867e109b,9481663,0xC088Db0D32639182D4a3C13FcC34B51e0F052578,0x409dB7ABAfC74f321761D99FB978501eaE9E9292,0.0,0.0012,confirmed
2025-10-24T17:56:42.075961,ethereum_tx,0xe0eb1bdc0bb678d0f2e55b2947cef84a6b74bd12d2d4c8c38105d09421f3e685,9481663,0xC088Db0D32639182D4a3C13FcC34B51e0F052578,0x409dB7ABAfC74f321761D99FB978501eaE9E9292,0.0,0.001200011,confirmed
2025-10-24T17:56:42.075961,ethereum_tx,0x77eb8f33e6f70b730b76bc69e9397aeb424962050288b621281b430cab86074a,9481663,0xAfEDA61dB9e162293b2eF2C2bC5A800b37Bb5E4a,0x03F28eDbBA1d736F0FB7e8573fb74248a3A0d0aa,0.05,0.001100009,confirmed
2025-10-24T17:56:42.075961,ethereum_tx,0x6ec450650415f1ae284c95d7f8606f21e499f3426fa1a740fc6367372c3dd814,9481663,0xcD1c7F044dD781e50aC15a748d2F653E1D54bBA0,0xB88Ca91Fef0874828e5ea830402e9089aaE0bB7F,0.0,0.001099726,confirmed
2025-10-24T17:56:42.075961,ethereum_tx,0xc8524a3a04a27f5c802bd0be59a6bbfc180d550400398c367a85b96a083641a2,9481663,0x27A88B8846882507bab868974805339d4c438667,0xA73aFb610aC79A729A393D679029fCf9618854AD,0.0,0.001057617,confirmed
2025-10-24T17:56:42.075961,ethereum_tx,0x39d772549a0bb84c5f98d2557746dbe043e21729f4202abff0b337d7f08f5fa5,9481663,0xF482Bd4AE751DEDA88bf48937A8CA38D8Da21522,0x0820f975ce90EE5c508657F0C58b71D1fcc85cE0,0.0,0.001052651,confirmed
2025-10-24T17:56:42.075961,ethereum_tx,0x4462dd144251c9b533133210673afe16b110769a6a3fd41c1fba7c253c0bd13e,9481663,0xc68748a640E8e9e67685fc0E028e7CC0e17eC339,0x3eDF60dd017aCe33A0220F78741b5581C385A1BA,0.0,0.001052631,confirmed
2025-10-24T17:56:42.075961,ethereum_tx,0x61a1d13a767873d41abfd22cc3b6d137618c889803008cbb4708405741b36e29,9481663,0x699c1c9568907847F2C9845Ab6df5702e6aFa4BE,0xadDD620EA6D20f4f9c24fff3BC039E497ceBEDc2,0.0,0.001026315,confirmed
2025-10-24T17:56:42.075961,ethereum_tx,0x4e514c30fb2f7f0ef36e3f80e4e8b284763dd00eb0548316cddbbf03435d65b1,9481663,0x3Da763C42E438eB17880fB6A83040d6cf13eF03b,0xFf00000000000000000000000000000000042069,0.0,0.001026315,confirmed
2025-10-24T17:56:42.075961,ethereum_tx,0x21b1bb9490f6abb06701a97a190f047ea86e0ef3a50432d7ca0ac84b81a1ba25,9481663,0xea8B9883245d907Be8B81B0792f9C58fF8299090,0x69C6b28Fdc74618817fa380De29a653060e14009,0.0,0.001026315,confirmed
2025-10-24T17:56:42.075961,ethereum_tx,0xc874f246e2a5e54489f1a2d278f43144322ef97f0868bf47700d872892ed2cec,9481663,0x853306e948357C0E2Bd5af6149fD251AB7b2d7aa,0x15B0E3766B144fbB190AeA6F01d8676af20C5aef,0.0,0.001026315,confirmed
2025-10-24T17:56:42.075961,ethereum_tx,0x13b5882a46972dc10dfe7f7c17d3e8018b3929ab7e1c0b18c9c3ec304ea2659a,9481663,0xa099ffE3A5b68A7f720dFEE7AC5455A2Bf6F5b2E,0x87A3effB84CBE1E4caB6Ab430139eC41d156D55A,0.0,0.001000009,confirmed
2025-10-24T17:56:42.075961,ethereum_tx,0xd9616c6ace90e3d0c3486b28434d47703c894db052af64da7646ad30fa2fdfcf,9481663,0x870e884fcD7571D89c79AF26563fC4f1a1309630,0x3eDF60dd017aCe33A0220F78741b5581C385A1BA,0.0,0.001000009,confirmed
2025-10-24T17:56:42.075961,ethereum_tx,0x8ad89d4b10bd56d8133c70208a34439b519b59a2238e9a2fcc08af748cf71a4f,9481663,0xEB3016E59e3E12d132982E8FAcf4AA0817F78070,0x2c02c4F3DB094788bdb60C093D96F834F0FB4bcE,3.5473710483256844,0.001000009,confirmed
2025-10-24T17:56:42.075961,ethereum_tx,0x8169341023ab20404a671e02cd164d75c3f49a15600f7276a61fb7cb818847ef,9481663,0x4f70C13Bec4f452167eb27Ecf8Dd4066Da89dA09,0x0000000000000000000000000000000000000000,1e-05,0.001000009,confirmed
2025-10-24T17:56:42.075961,ethereum_tx,0xda042e6f10330a0ac18fb1bfa8c66c66b15329956aed3415a017ef268ca055ce,9481663,0xae85C8d612f6876783426E59C689Dd34972b5286,0x03C66CB1826BDB0395BF31E68Bf7E873e9564fFB,0.0,0.001000009,confirmed
2025-10-24T17:56:42.075961,ethereum_tx,0x0082cece986cc6aae1839085ad6a34b7da0f2f55b053c5602b99064970dc1ccd,9481663,0x5872e2D3fA10E6999fD817445184C0D28221ec78,0x03C66CB1826BDB0395BF31E68Bf7E873e9564fFB,0.0,0.001000009,confirmed
2025-10-24T17:56:42.075961,ethereum_tx,0x92151d26759aa2533c7bce6122cc8d9324f377d2f0364ffb9e84d138dc215930,9481663,0x732348d755fa3B168f7aC3BE6556FD4916210b41,0x36AeE99D4133d113eE292605A8dED7a1FD8ED95d,4.97018661994e-07,0.001000009,confirmed
2025-10-24T17:56:42.075961,ethereum_tx,0xafae0b20435b41417da8326430d7cd7b6d551548c2c6f2a49aba0acb7bdbab80,9481663,0xED7378B2eCeF54536339f6E029accF40D873Dfcb,,0.0,0.001000009,confirmed
2025-10-24T17:56:42.075961,ethereum_tx,0xdf503817ca8cfb92d1c8125b80befe8d6a0511aff2428e3a3e9c918625092a19,9481663,0xE15242D687a282c3F53baC817aa3e4246760794e,0x00C0887713509578a85f49fE6095e7653c7c36Be,1e-05,0.001000009,confirmed
2025-10-24T17:56:42.075961,ethereum_tx,0xc6618a547620f4fb259e01496659a7e971d896ae5d11367a0f74abb3de3a350b,9481663,0xD0eBa5C73138C9CaA06e6D1Cb7F4C19632652b59,0x03C66CB1826BDB0395BF31E68Bf7E873e9564fFB,0.0,0.001000009,confirmed
2025-10-24T17:56:42.075961,ethereum_tx,0xe2c6d04482787c33a49625fb8e4ea871aec025de932bd92508ae2951d9d45c60,9481663,0xd9fD5c99628ACC4B4a65239177F684622E947843,0x03C66CB1826BDB0395BF31E68Bf7E873e9564fFB,0.0,0.001000009,confirmed
2025-10-24T17:56:42.075961,ethereum_tx,0xaf71b842437a836a98538462b009637f209d0302ad9dadcbac2c313418ce9261,9481663,0xE5CfaE25f2BF86190365100a0F06Cdcd194B62EF,0x03C66CB1826BDB0395BF31E68Bf7E873e9564fFB,0.0,0.001000009,confirmed
2025-10-24T17:56:42.075961,ethereum_tx,0xe23117a48abe7810944b2b64133c78513f6f19a864ac5a1c38706b7261e05f71,9481663,0x1a96689dD6580b07D1c78ECeB31eF1A63698c068,0x03C66CB1826BDB0395BF31E68Bf7E873e9564fFB,0.0,0.001000009,confirmed
2025-10-24T17:56:42.075961,ethereum_tx,0xcf2217d6c6fb4cbc021f04fdfcba6e4da10441b7a638325a7c636b21f8e03bfe,9481664,0x55A07F9f7eD7F110c2Ddd8f2f5d8677Dc94aF4E2,0xeA30c4B8b44078Bbf8a6ef5b9f1eC1626C7848D9,0.0,2.200000009,confirmed
2025-10-24T17:56:42.075961,ethereum_tx,0x2330961ab4281ea374113b92c8f2b2877fb0cf7facc859de12a7759f3d9ffc12,9481664,0x6Cc9397c3B38739daCbfaA68EaD5F5D77Ba5F455,0x3A3233C0DD633aFa67b1fB877b3C0e74320E69fB,2.5,2.000000009,confirmed
2025-10-24T17:56:42.075961,ethereum_tx,0x0e6118366d01b550c56ea7e60f7bd29cc8a10402ad09e438e747df57687d7070,9481664,0xc28A2Af7965aDEFc19e7644a7DBb80b4e39DD64F,0x73B668d8374DDB42c9e2f46fd5B754Ac215495bc,0.0,2.000000009,confirmed
2025-10-24T17:56:42.075961,ethereum_tx,0x775130ab413b1ab246412f981452ae50836028c4dc8c86ff567e599b587c0e41,9481664,0xa47FD6B99483Fc9165aB9c43bF8ec615EeFe441C,0x73B668d8374DDB42c9e2f46fd5B754Ac215495bc,0.0,2.000000009,confirmed
2025-10-24T17:56:42.075961,ethereum_tx,0xdb033c8bcaac30c229f80bc99abdfa2fd93379af46a87396ec661744f07fd5c9,9481664,0xD844ba11F64d23a7481E24474D2f184e350B9B3d,0x1c7D4B196Cb0C7B01d743Fbc6116a902379C7238,0.0,2.000000009,confirmed
2025-10-24T17:56:42.075961,ethereum_tx,0xdf74afa2bae4c607e0653593257cf1650896e1f9f4fdb352ee58febd3a42f008,9481664,0x217CAb43e0677e3469CFa02386F0b98AF05fbAe4,0x15d90213Ac6434Dd3bfF55fbDAC2dc5B6bfa5e67,0.0,1.500000009,confirmed
2025-10-24T17:56:42.075961,ethereum_tx,0xa761ac66026409353dddcbe3a42006565f903b21c84fe1a3719d3e9e598a00ee,9481664,0x6b0B1525b4ebFC1D506d7F2CEe4Fc5B0706bec47,0xd38AB9f1563316DeD5d3B3d5e727d55f410d492E,0.0,1.500000009,confirmed
2025-10-24T17:56:42.075961,ethereum_tx,0xcc03b0af2d9c7194d4ae426f96dc215068ab34876a933ad3a8ff46ae7125d5a9,9481664,0xcaB9E0D79B6E7F1aF8eAEcD35341Ad25C5B032dA,0x3cee92f8aA6f7D641c63baF9D6525fe4C97A8e6c,0.01,1.500000009,confirmed
2025-10-24T17:56:42.075961,ethereum_tx,0xf44c8fee40ab2fe0c2a267b0997ebcc3e9fe3a3dd8dbe6fe9acf44392fb14951,9481664,0x9261432cab3c0F83E86fa6e41E4a88dA06E7ecc6,0x35ECB24e1A117d2eaD8E66bD7D21E431aB645C4C,0.0,1.500000009,confirmed
2025-10-24T17:56:42.075961,ethereum_tx,0x8d21d027e37df1462c12e650084fada7ca7b8bc168ac5b37f42b6ee8f2990bc0,9481664,0x32aAA283D9ee4af82Dca619daBC1bec87D209536,0xE896c58D65A78ca74D9473791eA6555908DF3760,0.0,1.500000009,confirmed
2025-10-24T17:56:42.075961,ethereum_tx,0x4a35aa28efcdbab06dbec1890625ee63a6ae95186a612839f38b48998e8baef9,9481664,0x17cFDEfD3244c292654f0D423734dADdbd3CDC68,0xAeD454fd6e7167eC1AF28e5C90351EA00a2d450d,0.0,1.500000009,confirmed
2025-10-24T17:56:42.075961,ethereum_tx,0x5675032764d4208b32e5242abefe4c1b9de3c81a85520c6a902bf04c9c612020,9481664,0x6C6e1c5e4fe810f3812374581a83e3188803E489,0xBC04d69Ecd7890699b2BE7924eA86474e15098E6,0.599968499999874,1.500000009,confirmed
2025-10-24T17:56:42.075961,ethereum_tx,0xd7659d0ea995f6b63d72e0b4e092a5d13be4bfcdd0e79e4e9dc7104aa338b233,9481664,0x929fF56C19853f9c952E1f335f34Df946746bEfd,0x7d30B8D8D9Da3E94529E6971b3F89e63f1F56394,0.0,1.500000009,confirmed
2025-10-24T17:56:42.075961,ethereum_tx,0x478162cb1a45418ca983a1d087632247fdf0cfa24c96eaacfd9172a8f006cfc6,9481664,0x0f8A1F7c0d8F206f2DCF2924A3Bc5d3C08A20aE1,0x2A4496bbC344414e3bDbE6a8E7c40EF007DAeEd1,0.0,1.5,confirmed
2025-10-24T17:56:42.075961,ethereum_tx,0x4d9f2341043d2a7fa18c2e57fe2bce46d2185202d475ff4fd38dcac42a2d36fd,9481664,0x758bADcc4760Ce3f569026D61EaA130F70db8851,,0.0,1.5,confirmed
2025-10-24T17:56:42.075961,ethereum_tx,0x1a43b525598d0962af82cec660c31177012b3de6ba0185788f1cc899a840f790,9481664,0x2378317d20F628efE6C9c15d4fF6689695c01212,0x2A4496bbC344414e3bDbE6a8E7c40EF007DAeEd1,0.0,1.5,confirmed
2025-10-24T17:56:42.075961,ethereum_tx,0x79f58cc33b4044044ae018d9d6c19945bb5519bb384af9661f6cf307e92336fc,9481664,0x4C86bB55922f904CbFbC99BB9EE08fbfA99355D9,0x2A4496bbC344414e3bDbE6a8E7c40EF007DAeEd1,0.0,1.5,confirmed
2025-10-24T17:56:42.075961,ethereum_tx,0xdbfb648f82814167fb91e32029691b579f586126ac57baec0fee5882f214f4a2,9481664,0xD107ce1B6462c16bF813fD10805E22Fe86270ACE,0x2A4496bbC344414e3bDbE6a8E7c40EF007DAeEd1,0.0,1.5,confirmed
2025-10-24T17:56:42.075961,ethereum_tx,0xac838839f3e1957e8b0be08ca1ea43b9f6f752cb1cff3e93ca7b0263e4f7d684,9481664,0x55418060A3F777BC740DE4cAcEE4E67D1B3E94F9,0x57c5dC670eB6f571bDD8Fc1CF178c46c9A917A74,0.0,1.5,confirmed
2025-10-24T17:56:42.075961,ethereum_tx,0xd8e53e9e991dc4a3ef0d2636134754fa4b0c2b9f79fe899fa29e5511db3f93db,9481664,0x7b0D3F61C1C4343D2Ea2e9aeC13cB4a7f04E0A5e,0x2A4496bbC344414e3bDbE6a8E7c40EF007DAeEd1,0.0,1.5,confirmed
2025-10-24T17:56:42.075961,ethereum_tx,0x3d8cd84493bdef55ed62390404a094c821de71d753847be41ea77ef7d148c653,9481664,0x63B3c43DC73936F6D43dFb61Cb736aDfbe8f0541,0xAB9ADf5d4a2398d886200035eef88C3f5B2ec717,1e-05,1.5,confirmed
2025-10-24T17:56:42.075961,ethereum_tx,0x6601e791ca6dbdc3a4fdf4190f1623263321d592a7e713baec85e2818fac9838,9481664,0x7A6b0aee3FAF2a2b464C5309FDD94783094Da2f9,0x2A4496bbC344414e3bDbE6a8E7c40EF007DAeEd1,0.0,1.5,confirmed
2025-10-24T17:56:42.075961,ethereum_tx,0x2abfc588220570a05b7ffddf9e10a5f8568c794f5fd0f619ab5cbd55c53fcbf9,9481664,0xF0FEd0C0192539a1076d8BDa1233f414704d98Be,0x00D22efF04CF7d0f5A355A6D9A06E43120398dA6,0.0,1.000000009,confirmed
2025-10-24T17:56:42.075961,ethereum_tx,0x40685fc1de64b124790c45b69036d7d2b5608be314e6dcc92c0118a93dd234c8,9481664,0x8af645D7C3cBe1800231db7EE8D9B42C06B7F6a5,0x2797A59Bc4dfEFE2cA903E855e895Efc8E46B51a,0.0,1.000000009,confirmed
2025-10-24T17:56:42.075961,ethereum_tx,0x59015bd8e6cd53822fb84729b051bd1e3d106bd03ae53e0e7ad10e91a72e57e7,9481664,0x2a1716C0731439656cC1E39a43FD1Efdf5e4491D,0x597Aa4ba4840074cC4024CD61788F2d0aF6C1978,0.0,1.000000009,confirmed
2025-10-24T17:56:42.075961,ethereum_tx,0x10d453d218ffc746946f0d71665f1a91590ff2a34adaa0a4145e0581107bb748,9481664,0x25da8BFcD391841ddC5E7eE2C46dbfbD17a09503,0x02598B96480230576D0a2cbAfaeBe8332e2DDFB7,0.0,1.000000009,confirmed
2025-10-24T17:56:42.075961,ethereum_tx,0xe73063283e1184b84acee6a1949e118a5f01b06a1ea7dda7266bd5927c09f2a1,9481664,0x31C226f971b5eC98Ac3858CE21993Ca9f53419AD,0x66495C2f6Be1FAA2EEA943F4f6e3bCB3418978fd,0.0,1.000000009,confirmed
2025-10-24T17:56:42.075961,ethereum_tx,0x956a05ddaead96276cf0d47ba99531ff1537d14afcd58643518588391f2c61f6,9481664,0xebFc2C4F56FC90864877eB4Fa6468397D2dEcF02,0xDbd9A72316eC93b4f29a70bD4dFbF58280CA6D38,0.0,1.000000009,confirmed
2025-10-24T17:56:42.075961,ethereum_tx,0xe969bc316d70666ce0c27a6f23cfa0a5782926229f5de9a5ba834e3e07f61a01,9481664,0x49a2F09A0C59f425A0b9958549FEB2Af5d8E2518,0xD74A3607E861C482F6bfBc072155649A37f359d3,0.0,1.000000009,confirmed
2025-10-24T17:56:42.075961,ethereum_tx,0x9d9c4b7d3347cf149971f92b940d70fb8ad6ca2ceb9dd853b226be56781dba83,9481664,0xb1075D9660449f03398f65eE63ffAf33B047Ee95,0x5783C43FE9db260bA86650aD1C7814Ba0dE60268,0.0,1.000000009,confirmed
2025-10-24T17:56:42.075961,ethereum_tx,0x2e41ce4b3cb4fdf25499a38b3a6d251ed94012e807d774fd3e327fe72e52fcb8,9481664,0x8B2469FCD41957b75445b3518636aEFc520AE29e,0x0eB811a98C9bDD85D3c3824Db948010403E08118,0.0,1.000000009,confirmed
2025-10-24T17:56:42.075961,ethereum_tx,0xda91703ed35e660a9456742e366ea74a12907867991aae580998fda106fa59ef,9481664,0xd8C6b66B1eB5B531bde6e23cEe270122b247E568,0xdA50eE40B21BAD139FC5b0d44E97f7ee355AEbCE,0.0,1.000000009,confirmed
2025-10-24T17:56:42.075961,ethereum_tx,0x13027269f04cc903b9f3231511b72279ec06717772845ebeafd94ca918a884f3,9481664,0x8392ADB8D844ee54a1CB3355f94Fe6e66Eb339C5,0xEaB0A59f4e6bC3DC4E9Ba4113775AA5c310C8a5e,0.0,1.000000009,confirmed
2025-10-24T17:56:42.075961,ethereum_tx,0x1e8c587de7cf4651fa969bc1049de8f090afc178a11849a2d59ad39c06b88b41,9481664,0x331F8071c58E6db2F286597A44EbcDAC75532f7c,0x42eBf272Ce569dc324E7f72a9E98A59CD3a06136,0.0,1.000000009,confirmed
2025-10-24T17:56:42.075961,ethereum_tx,0x153a00da6b32ec677e230391ec0ecc478570170c3498836fc16e83aa428ac7d8,9481664,0x7C6BD462418fa28a7Bc763Ec6B4CE13b44401Ba6,0x00C43e59f530De4720AC8937e3B09997380dCFF7,0.0,1.000000009,confirmed
2025-10-24T17:56:42.075961,ethereum_tx,0x1db1c7c5a4942abfcecf7c39cc95677e0f6014ed2d9b8171b5e3534a990fe94c,9481664,0xf279f67ceC3dEb671dc1690e1Be375f00Feac03E,0x183De4cd07f2cE5b4f08d64f2bCFA533B50D0783,0.0,1.0,confirmed
2025-10-24T17:56:42.075961,ethereum_tx,0x6c1a98d3f8067a9fc106a28ce9a3a0458faf692c1a97f8946943f6200079ad13,9481664,0xf99A231B8570c5A1B2b0356B8Abbba5F4FB5329f,0xf993E10C83Fe26DddFc6cb5E82444C44201e8a9C,1e-06,0.020000009,confirmed
2025-10-24T17:56:42.075961,ethereum_tx,0x9986e59fd4c5f3fed78f8d73f86e8acfddcbd06e86fbe727686fd186c132d323,9481664,0xC3BcaDCfc9A820d67b1D119D163d93c34DcA03B9,0xf993E10C83Fe26DddFc6cb5E82444C44201e8a9C,1e-06,0.020000009,confirmed
2025-10-24T17:56:42.075961,ethereum_tx,0x42cff880f1f0a9af2d8836451f0f26d8a4691ef013105dc31129ea44746be62e,9481664,0xC08f4243c6ce6C0A8CBc96D7B79B888353c99b5C,0xf993E10C83Fe26DddFc6cb5E82444C44201e8a9C,1e-06,0.020000009,confirmed
2025-10-24T17:56:42.075961,ethereum_tx,0x38e99f8ab26f68f84fae89863ae8decec12fed100c31662b3cb784478fdb09ac,9481664,0x8Ec6c499A6517E11d54204Cf66648651607F7036,0xf993E10C83Fe26DddFc6cb5E82444C44201e8a9C,1e-06,0.020000009,confirmed
2025-10-24T17:56:42.075961,ethereum_tx,0xd6617a5f09f1f0dd2182ff61090d06dfa46cec85c0090ffb03afcdb6b168a1be,9481664,0x61d8838f9A00250C9AF13D622DA7c08c372ee587,0xCf8EDB3333Fae73b23f689229F4De6Ac95d1f707,0.0,0.006508882,confirmed
2025-10-24T17:56:42.075961,ethereum_tx,0x65f7b4d1ce3714cfd3fc28b726c56b7ae71daec679b162667e42549c83de7894,9481664,0x393F4cc69F91A5610D4190e62388B2492b93C6eE,0xb7510C1587ECa81ccFbe91b67DB4efE3c715Da23,0.000695,0.001550013,confirmed
2025-10-24T17:56:42.075961,ethereum_tx,0xb81c7d383faeb4af2b6772bac352dca3112dffc37896a51fee86772be980eb5f,9481664,0x83fdEEFdDc2bb45ABE2f5285E87a44f26541d426,0xC3015Df6330FEb10f9127e43dA818711bFf309fb,0.0,0.001500009,confirmed
2025-10-24T17:56:42.075961,ethereum_tx,0x075a1627bb335396aa40fa3693a4c4109db6df4f759783ceadf5872bb5ac6ef6,9481664,0x2774201Dc99af7Ec8fc914093eAD8Da4d2448B6D,0xd38AB9f1563316DeD5d3B3d5e727d55f410d492E,0.0,0.001200011,confirmed
2025-10-24T17:56:42.075961,ethereum_tx,0x05eea2039306f9ad44d6813ed26904d991de66a4470c96f58ba18a10786dd707,9481664,0x0530CD763828cdCBFE7fD6e1239bBd8c96F0E8eE,0xc6255a594299F1776de376d0509aB5ab875A6E3E,0.0,0.001200011,confirmed
2025-10-24T17:56:42.075961,ethereum_tx,0xf5e08046b1a1c1e440544e72bfc23075c0caf505bcf991ebdfd06a39bd02c79c,9481664,0x22e30b21477C4aCf6e37743e7A347C273cD107A8,0xF8c614A483A0427A13512F52ac72A576678bE317,0.0,0.00120001,confirmed
2025-10-24T17:56:42.075961,ethereum_tx,0x2b66785d6a55e5d3fc7deda614530b0188ac29686ed21e1ea60b43f4f8b4ba1a,9481664,0x22e30b21477C4aCf6e37743e7A347C273cD107A8,0xF8c614A483A0427A13512F52ac72A576678bE317,0.0,0.00120001,confirmed
2025-10-24T17:56:42.075961,ethereum_tx,0x5d76b607e3296f74d239667361575479d5078a9d26155cc218e23c283ff1c6f9,9481664,0xE4765a5D7335DAd51b3058d0b8eDeE540D149a21,0x83458E8Bf8206131Fe5c05127007FA164c0948A2,1e-18,0.001200009,confirmed
2025-10-24T17:56:42.075961,ethereum_tx,0xf13caaf2cac197b163239b7685e8cc340795ac5450d6410ddda34b9133f6ad5b,9481664,0xcD1c7F044dD781e50aC15a748d2F653E1D54bBA0,0xc6255a594299F1776de376d0509aB5ab875A6E3E,0.0,0.001090865,confirmed
2025-10-24T17:56:42.075961,ethereum_tx,0xa393f2303d1f68ec743bfb66f513b56c26ffa5a690c4091c8b3b7479ae4d0291,9481664,0xFA646594bF2241061314d53e850A466815B3600a,0x738e96D813a47552499fe1C82E8dD415f7afB7C3,0.0,0.001057617,confirmed
2025-10-24T17:56:42.075961,ethereum_tx,0x29a309cdcac5938a6af27b1e2fa5726dd6d84c31a375127ebc1df03a7b186e4c,9481664,0x2c2ff804eD59BBE2533e0a8210D5a120414D4c93,0xA73aFb610aC79A729A393D679029fCf9618854AD,0.0,0.001057617,confirmed
2025-10-24T17:56:42.075961,ethereum_tx,0x6c0b5c4da44cec6763942e1d223b9a327fc7ead9709fda9f265b09e87d902b6b,9481664,0x6f7a617301A973BFaa57B0dF67A14B9dA47CA734,0x0820f975ce90EE5c508657F0C58b71D1fcc85cE0,0.0,0.00105265,confirmed
2025-10-24T17:56:42.075961,ethereum_tx,0xd1150b802aa7678d1392575e5b07d7c1bf45d3896de672227e8d57be45cc05b8,9481664,0x476540e8e3d5D798Edd679CDBE534f51E9fF681B,0x7215691F60C4fA7Bb82c5Ac44c7d57dc32bB0493,0.0,0.001052641,confirmed
2025-10-24T17:56:42.075961,ethereum_tx,0x67082b71013819e70d4ed67b931ab76c736439d4874eb3f138ac4f3b258b738c,9481664,0x5613B844Fe94903fCB635532591aC1622f2f85bA,0x7215691F60C4fA7Bb82c5Ac44c7d57dc32bB0493,0.0,0.001052641,confirmed
2025-10-24T17:56:42.075961,ethereum_tx,0x1a1576e0643b0dc430c40682548a47786a6c31f6f22f9ee0e142d679c79b5e1f,9481664,0x7afDdcF824E319Fa1dA5099dB1c7C8f4eFfC146c,0x83458E8Bf8206131Fe5c05127007FA164c0948A2,0.0,0.001026315,confirmed
2025-10-24T17:56:42.075961,ethereum_tx,0x2713814dc1c4001c5f34b44f3c13facb5aea01f323c589086580a224488adb5a,9481664,0x3Da763C42E438eB17880fB6A83040d6cf13eF03b,0xFf00000000000000000000000000000000042069,0.0,0.001026315,confirmed
2025-10-24T17:56:42.075961,ethereum_tx,0x17fd775c4bcace71535884c0a1e92b804ae12a3e2018e05667c81aa473d24a6f,9481664,0x5dA5C2a98e26FD28914b91212b1232D58eb9bbab,0xB30fbe035ec95F6106646f77513546e318c7C2DE,7.94e-06,0.00100001,confirmed
2025-10-24T17:56:42.075961,ethereum_tx,0xe14b50324f18b9851bb262d6815b8c6a441b8ad2b6246875a4f50d370e7ea56e,9481664,0xA4624aD2fA0c7d7d26d25be48Ea26aE2f6d34fa9,0x08d2b0a37F869FF76BACB5Bab3278E26ab7067B7,1e-08,0.001000009,confirmed
2025-10-24T17:56:42.075961,ethereum_tx,0x8bf709755251d266d8fcc5d75fb66eb0dedf1471feb3a29578f9f06fa6ae2d99,9481664,0xb075E3363F5f0aC3f1A441c6d7e5267A6a18a5A4,0xb075E3363F5f0aC3f1A441c6d7e5267A6a18a5A4,0.001,0.001000009,confirmed
2025-10-24T17:56:42.075961,ethereum_tx,0x018a21aca9de0008ea0714cd1e7d934aed753f5fabb12c08157d699ba7c5d77a,9481664,0xda6b40AD1b361Cb2229F9794Cc9Ba070b86Ec4Cd,0x485D32dA4a40881CfaDbA127E3F6315aC9d3aE25,0.0,0.001000009,confirmed
2025-10-24T17:56:42.075961,ethereum_tx,0x896a38ddd0de67c2844d7713319bb24878db1c430974ea33046b011b6be492c8,9481664,0xb3Fb53Aec32a7B31e21d155364E7A7eE9c20A39f,0x87A3effB84CBE1E4caB6Ab430139eC41d156D55A,0.000876,0.001000009,confirmed
2025-10-24T17:56:42.075961,ethereum_tx,0xab2163cc9b3c11095f79037966ecc8eec4c9e1b18ab066b0aa63953e7cc3dddb,9481664,0x2EB1a03D5c641f714ee4645e885dB7F6ea1E7741,0x853758425e953739F5438fd6fd0Efe04A477b039,0.0001,0.001000009,confirmed
2025-10-24T17:56:42.075961,ethereum_tx,0x722d862a1e97326329a3e9cb70c4af216b4a593789f59a8083b38ea4a0adabe2,9481664,0x4f70C13Bec4f452167eb27Ecf8Dd4066Da89dA09,0x0000000000000000000000000000000000000000,1e-05,0.001000009,confirmed
2025-10-24T17:56:42.075961,ethereum_tx,0xc6f2a017aa4752c46690990a20c9b05457a2f83ac94f55a285c1da3e1d8232d6,9481664,0x1Eb91cc0506598d7062949f9a1c7275A304C6922,0x03C66CB1826BDB0395BF31E68Bf7E873e9564fFB,0.0,0.001000009,confirmed
2025-10-24T17:56:42.075961,ethereum_tx,0xeccbb335d9a07c30e093eaaac31541ad9ff5781114e1fbf1b280c5928dbf7dd0,9481664,0x7A2434D5886728F57d48cAEe6D8353E0EfF757EB,0x03C66CB1826BDB0395BF31E68Bf7E873e9564fFB,0.0,0.001000009,confirmed
2025-10-24T17:56:42.075961,ethereum_tx,0x5bae976603078ee8a77487cf9654417c1b8330a4f6da94a387b1e243f9e70ead,9481664,0x36760519827d082E2bA5aaCF7fe2EB3272978F13,0x08d2b0a37F869FF76BACB5Bab3278E26ab7067B7,4e-05,0.001000009,confirmed
2025-10-24T17:56:42.075961,ethereum_tx,0xa9204ebb7d98f1e143889ee78b7f2166b586de52d4020bd00b421236b32d83a4,9481664,0x84d654097Ca362Bf9212D04eFA836fFec0e90055,0x03C66CB1826BDB0395BF31E68Bf7E873e9564fFB,0.0,0.001000009,confirmed
2025-10-24T17:56:42.075961,ethereum_tx,0x51cc2c36ffc704e66f13f2a2dac279472b1e3fffc96f52cd086559ee72996a9a,9481664,0xC153E7a0c70F493C2fE4579d50f833e2c1c0E180,0x03C66CB1826BDB0395BF31E68Bf7E873e9564fFB,0.0,0.001000009,confirmed
2025-10-24T17:56:42.075961,ethereum_tx,0x21ba3b71e6a2ba6d49c262fd95e390355a3f94c31861afca6e1370df8888b463,9481664,0xBAdbc7dEE3EfE45BAf4Fcc53848343579910F989,0x853758425e953739F5438fd6fd0Efe04A477b039,0.0001,0.001000009,confirmed
2025-10-24T17:56:42.075961,ethereum_tx,0xbfae1c0f04cef79c5a4df5fc9bf163b64534b4639e7db0ad0efdf97635787ad3,9481664,0x375511880c009291082dcFD832bAa799a11A8ae9,0x03C66CB1826BDB0395BF31E68Bf7E873e9564fFB,0.0,0.001000009,confirmed
2025-10-24T17:56:42.075961,ethereum_tx,0x5515312f8842de3b4ccdeee30aba04ba97a6e2ce6d115e2101513b383d92da7d,9481664,0x35F7A85bB8236968F139a153999F79D8EdB205eD,0x03C66CB1826BDB0395BF31E68Bf7E873e9564fFB,0.0,0.001000009,confirmed
2025-10-24T17:56:42.075961,ethereum_tx,0xef376e9e60409bac84cb7210d26e68e7036f4ab33860d7d011a6a6e3a390aa52,9481664,0xF0Bea0467F248C1984143F3414d91fAa592a8C0A,0x853758425e953739F5438fd6fd0Efe04A477b039,0.0001,0.001000009,confirmed
2025-10-24T17:56:42.075961,ethereum_tx,0x372dbec73ce9be02820b2d54b3c3bec4375c6b17a0b07c1537990d814f6a3cc4,9481664,0x2A4FF81d360034eE84b1647DD67a20785FAEEC89,0x03C66CB1826BDB0395BF31E68Bf7E873e9564fFB,0.0,0.001000009,confirmed
2025-10-24T17:56:42.075961,ethereum_tx,0xbf9439a2cf1fcde9b9a55e3eb69c7a0eaacedb7f0ea36a3f37d775cfb140f51c,9481664,0x0f625bD1bAB39396DaE1D855264c473C0fAcE85c,0x08d2b0a37F869FF76BACB5Bab3278E26ab7067B7,4.04e-05,0.001000009,confirmed
2025-10-24T17:56:42.075961,ethereum_tx,0x11a5f1419b54f9a5e61cf585d991cd1aabec547042339b5826b60bbb29db9957,9481665,0x3C95c2633296B264d051498C4b2e982EbB526A53,0x3C95c2633296B264d051498C4b2e982EbB526A53,0.0,4.1,confirmed
2025-10-24T17:56:42.075961,ethereum_tx,0xfa566238e6cc3fd0fa63d432abcf9a517db61b650b986a328aa3ee2f38d5bf1e,9481665,0x4337012eaf1f862B8dBDC6b62a01782AE01Ef038,0x5FF137D4b0FDCD49DcA30c7CF57E578a026d2789,0.0,3.226639697,confirmed
2025-10-24T17:56:42.075961,ethereum_tx,0x971518319ea131914d05f984615f05a53f87531c2919b1a8f2578597370eea9d,9481665,0x611EFaDF9c06E66E1CAEeB35aF12DAe4a73F9c70,0xcA11bde05977b3631167028862bE2a173976CA11,0.0,3.000000009,confirmed
2025-10-24T17:56:42.075961,ethereum_tx,0xd4a3182349331df0c9979474e053dc44801890212d2e8fd5e2667fcfa740299c,9481665,0x55A07F9f7eD7F110c2Ddd8f2f5d8677Dc94aF4E2,0xeA30c4B8b44078Bbf8a6ef5b9f1eC1626C7848D9,0.0,2.200000009,confirmed
2025-10-24T17:56:42.075961,ethereum_tx,0xf6afd7688d7d93e38c68dd09bd3c4c1580af1b2e389e17d0ddab87d422775158,9481665,0xb2150bB6F727CcDEB939aE95f00BaeeE02414DB2,0x73B668d8374DDB42c9e2f46fd5B754Ac215495bc,0.0,2.000000009,confirmed
2025-10-24T17:56:42.075961,ethereum_tx,0x81c1adaa910ac21997ceb9308aebd6eb07976cfc017ddc1b2939c5963e46c39f,9481665,0x6Cc9397c3B38739daCbfaA68EaD5F5D77Ba5F455,0x3361D69A0cBb91Be0303d29EC8ea527B9555C06b,0.0525607,2.000000009,confirmed
2025-10-24T17:56:42.075961,ethereum_tx,0x542b7b35b91a429797d3a08fe8610fae607baa07021ba456b763832508f528d0,9481665,0x6Cc9397c3B38739daCbfaA68EaD5F5D77Ba5F455,0x2457175820A92C4C739010623d0Ab088deAB338c,2.5,2.000000009,confirmed
2025-10-24T17:56:42.075961,ethereum_tx,0x192e09830bcd3c42e3b458a8349a1d209a2751e2fec498f4685d25da1e01604b,9481665,0x6Cc9397c3B38739daCbfaA68EaD5F5D77Ba5F455,0x00a4d26BeCef094b239863bcD0278C067D1fFa69,0.10508574,2.000000009,confirmed
2025-10-24T17:56:42.075961,ethereum_tx,0xfbafe0a13430bbe111cf6ceb5289c8e86b18235550de084fcc7528b797e145bf,9481665,0xe7F38E2D57a0eA80240B5E65A69AF66812CbCd0C,0xe283e1cb9567aE97FaeD8eA4AeA1a106Cbd3AFDe,0.01,2.0,confirmed
2025-10-24T17:56:42.075961,ethereum_tx,0xc052012551229ae27be345e08aafb020d9d6d7f4e27b64d860ea0f20b13fc829,9481665,0xE977EED5c8bb822F75A14f0a643cBC99906d82dA,0xaE09DC34FD75a05ECf330A76FaE436478E068291,1e-18,1.500000009,confirmed
2025-10-24T17:56:42.075961,ethereum_tx,0x4e9b14b650c5e445168267408618492f8f06906cb6bb94d45c78080f50c74720,9481665,0xd154F91947858444fBd4849Df18C78D399aF216b,0x7cb512008ECD844FCab522d1F8683aA6a8Dd075B,0.66,1.500000009,confirmed
2025-10-24T17:56:42.075961,ethereum_tx,0x2663dc18899569bd5eb77fc5b146be6d4344b3946f5bc5b61c3a6e396454e064,9481665,0xf70cefbeaae06c4147bf5149Fc5BB445DA35365b,0x79bE6a4EEBEF7E5e7A54177F15E899e4E805E2f5,0.15162962182041434,1.500000009,confirmed
2025-10-24T17:56:42.075961,ethereum_tx,0xe57da210c8e47436f93abe04b9f6d8dc8d51445f3578445e02f56e3ac2ad1d99,9481665,0xFBa2583898Ae86A13dA4F46c4Fa12C0851e731F1,0x2A4496bbC344414e3bDbE6a8E7c40EF007DAeEd1,0.0,1.5,confirmed
2025-10-24T17:56:42.075961,ethereum_tx,0xce8e87a5e45f144b4232cdd4cd47feb877f50778cf5af1008b5bd653ba43be2c,9481665,0x524Bc7C6237C9fDE722AB688fD581C3f14005EA1,0x2A4496bbC344414e3bDbE6a8E7c40EF007DAeEd1,0.0,1.5,confirmed
2025-10-24T17:56:42.075961,ethereum_tx,0xbdd8a888b19393539518f5ce66dfe351fca20e0970c289fc9ac3da53e3c40ff1,9481665,0xC5fD2d2b4a035735F03ddD06B0500bD8e2480715,0x2A4496bbC344414e3bDbE6a8E7c40EF007DAeEd1,0.0,1.5,confirmed
2025-10-24T17:56:42.075961,ethereum_tx,0x90a3a38c9e2785acbd96709fc707286ce2cbd1e218b8ab21d92e37c506fae6b1,9481665,0x35AFbA56fAcbdCDD764daa91945B1b115Dae7253,0x2A4496bbC344414e3bDbE6a8E7c40EF007DAeEd1,0.0,1.5,confirmed
2025-10-24T17:56:42.075961,ethereum_tx,0x87fe440eeffbccf54e497100d86a43b7984b19fc7ee9be8919353310e4601bc8,9481665,0xe5f4B0f77d3AD97267Fe39ce9e61c94Cd9341c8e,0x2A4496bbC344414e3bDbE6a8E7c40EF007DAeEd1,0.0,1.5,confirmed
2025-10-24T17:56:42.075961,ethereum_tx,0x74ce4c8b0bfd4619144a92b455e057bc5895b4a6888050ecace10856589aa9a5,9481665,0xc39Ab29406cf7F5e6eD12320B667F5A26ce9127b,0x338b5255Dab1412571fdB54703c856C79b5b0913,1.03e-05,1.5,confirmed
2025-10-24T17:56:42.075961,ethereum_tx,0x43ad346f9259b4363c9484cda78e27c0e09adf888cb39966268be78877d78f48,9481665,0xF6b87F0B1c1c22BDEEa68CADA830B8525A66B56a,0x2A4496bbC344414e3bDbE6a8E7c40EF007DAeEd1,0.0,1.5,confirmed
2025-10-24T17:56:42.075961,ethereum_tx,0x3414ec513c6d5e3f8cc87723301105bcb927dabcd639917c28773c849a4fa625,9481665,0x7D1E1555Be66c794eb1E382D3e90AB6947e3307F,0x2A4496bbC344414e3bDbE6a8E7c40EF007DAeEd1,0.0,1.5,confirmed
2025-10-24T17:56:42.075961,ethereum_tx,0x29b083d6dbadd160a21c867b6ce22f4b95f3f615802bc5417911bcb771be62a3,9481665,0x8CFC2644e690D45709B9B8FC87B055c1771dD8FD,0x2A4496bbC344414e3bDbE6a8E7c40EF007DAeEd1,0.0,1.5,confirmed
2025-10-24T17:56:42.075961,ethereum_tx,0x20e412e7c366aa45e4abe764e3068e87feabf9a8a8a952cd975c28f47191fffd,9481665,0x293c02Fa6323f3660c605547DF44Feda52c6A834,0x57c5dC670eB6f571bDD8Fc1CF178c46c9A917A74,0.0,1.5,confirmed
2025-10-24T17:56:42.075961,ethereum_tx,0x1cacdc19e17f9c85edcbd3fd2d951331b98692205aa4515043f9b54a4508bfdf,9481665,0x5252399b6a42c57bC1a7973dAA6727a02786f8dD,0x2A4496bbC344414e3bDbE6a8E7c40EF007DAeEd1,0.0,1.5,confirmed
2025-10-24T17:56:42.075961,ethereum_tx,0x088ec2d285029c8e402dd47f3012a3a1e7a740f48f472a119465d7233650f77b,9481665,0x90a68c096e1fb46eDCb1081ef4EdE7d5547Bb65e,0x57c5dC670eB6f571bDD8Fc1CF178c46c9A917A74,0.0,1.5,confirmed
2025-10-24T17:56:42.075961,ethereum_tx,0x04e9697ac5a54761568446070d541d961ca5d9646a3ac4edec40ad7a04c279bd,9481665,0x5E415aD9F91ba2fFE78c053eD90Dc3CE0A171C91,0x2A4496bbC344414e3bDbE6a8E7c40EF007DAeEd1,0.0,1.5,confirmed
2025-10-24T17:56:42.075961,ethereum_tx,0xf0a0b6c53de6a7b0c138468556de7ed8bd2fafe2fa502f5afc0dfc60bf26f873,9481665,0xDB2D29CE5457BcB9C5BabFd478123F0125ca63F2,0x319303147Cb921D0821B11EB89414DE399Cca6d9,0.0,1.000000009,confirmed
2025-10-24T17:56:42.075961,ethereum_tx,0xd28f954dc3b3aa498241d5d21431a24696ecaaab6ff2e6927b632f6284973e09,9481665,0x551caC33C63eBb9F91CECF9e1D81C8Add97695eA,0x1a6eA139E8cA19709cB09DF7B4af776Dbcf4Fb2b,0.0,1.000000009,confirmed
2025-10-24T17:56:42.075961,ethereum_tx,0xa5914c7879d5bed3e9ab23b11b6355c620a6f783960f20616f19e562eff9a380,9481665,0x52136be58Fa3dc50A0D5A3dfe4Cb84aC610a79bc,0x9695cfaD83b058C6D38Df1F6b6752D7e11ad196C,0.0,1.000000009,confirmed
2025-10-24T17:56:42.075961,ethereum_tx,0xa1765200e68ccdb428d6a6442efbc9a7eb42ff4a1d6e31241d4d523fb402d4ca,9481665,0x3599A7C50bDcC061E65F92556ae65d0656445906,0xCF8f8b34f10e8CBb2F42bA60205caED1a85d0d0D,0.0,1.000000009,confirmed
2025-10-24T17:56:42.075961,ethereum_tx,0x91689cebd9b8a22d42dad42452d7e62f7cd5ca80b53c85a607921e2c33fc1c03,9481665,0x0408C06e552408Ad0A30cbAd65F52d3876051c52,0x4F6b2E8DC0476d8e1fd88f6330B1f3909Dc9E914,0.0,1.000000009,confirmed
2025-10-24T17:56:42.075961,ethereum_tx,0x58bdfa731a1947703786d63c06736e6a8b965347065e20ca34c12f37a41be0b5,9481665,0xf90432b76A23bC7bB50b868dC4257C5F5B401742,0xe97E79BC56861f0B730B3C0f06329b882E4677E6,0.0,1.000000009,confirmed
2025-10-24T17:56:42.075961,ethereum_tx,0x39cec2a86fafd529478bb8473cb88b08ba51847dc4e7b500baa7ee7548b5ea9b,9481665,0x81D8061076ba0A19c110b5BFf2b9Dd03F8446aa1,0x9d2D950Ff3EE1B75875b8C0FA318644f437924C8,0.0,1.000000009,confirmed
2025-10-24T17:56:42.075961,ethereum_tx,0x292e2d2e7f025515b24c2087a4b986211bf26d30d999139d03f0eee323e3498f,9481665,0xF0FEd0C0192539a1076d8BDa1233f414704d98Be,0x00D22efF04CF7d0f5A355A6D9A06E43120398dA6,0.0,1.000000009,confirmed
2025-10-24T17:56:42.075961,ethereum_tx,0xf0e37eec58633b38f0d7e58f72419cdafe1d812942ccdeb762cf05dd7add75e3,9481665,0x27D2f34a95022f2463217Ff79Da670C35D57d5a6,0xB88Ca91Fef0874828e5ea830402e9089aaE0bB7F,0.0,0.020000009,confirmed
2025-10-24T17:56:42.075961,ethereum_tx,0xbb19565be37abcc7eb667efd6d160e6bdcc6d73becf2bbe1cc0399d6d605e43e,9481665,0x89a5729ff70DE8FCa7AAb14b5F9a25bCD343e3BF,0xf993E10C83Fe26DddFc6cb5E82444C44201e8a9C,1e-06,0.020000009,confirmed
2025-10-24T17:56:42.075961,ethereum_tx,0x9f61cb2fcca3770bbfb6d9013dd6e706d55abb2375d37fc298bb4a740cfdd101,9481665,0x12e942F31aa042F57a3bfa2B808D57B42ab2b13D,0xf993E10C83Fe26DddFc6cb5E82444C44201e8a9C,1e-06,0.020000009,confirmed
2025-10-24T17:56:42.075961,ethereum_tx,0x81cc6858d3930459cbd506541b04a86bfe2543c4925ba3ecf8e9b1c8581a06f2,9481665,0xE7e9B846aa98Cfa0f991040632Ece189511c563d,0xf993E10C83Fe26DddFc6cb5E82444C44201e8a9C,1e-06,0.020000009,confirmed
2025-10-24T17:56:42.075961,ethereum_tx,0x54f38f3a98046e60f7ffc92cbb9b47183bc99619fa6091058df0c8d51bca028f,9481665,0x7a53525DEaC21Dda23903936a481B4A01A46D98B,0xf993E10C83Fe26DddFc6cb5E82444C44201e8a9C,1e-06,0.020000009,confirmed
2025-10-24T17:56:42.075961,ethereum_tx,0xa057796f8a6687bdf307f8552af6d5368ed467e6f622d14cb4d5a3d8289b9e92,9481665,0x61d8838f9A00250C9AF13D622DA7c08c372ee587,0xCf8EDB3333Fae73b23f689229F4De6Ac95d1f707,0.0,0.005827474,confirmed
2025-10-24T17:56:42.075961,ethereum_tx,0x7728da27650518822021ee4e783883222dddf331f68dbe1445040b5e594f5bf0,9481665,0xb3a1956Cff1ecc8054B81b0C83b9847CB71384b8,0x3f0072B0B0812bb033340D43d093D07c9DFb8188,0.0,0.005827474,confirmed
2025-10-24T17:56:42.075961,ethereum_tx,0x7b5fbeb6cdfce49a7a9a0aec0fad55527d8fccc77950a9ff8c2d49aa0bddee51,9481665,0xb3a1956Cff1ecc8054B81b0C83b9847CB71384b8,0xCf8EDB3333Fae73b23f689229F4De6Ac95d1f707,0.0,0.005827474,confirmed
2025-10-24T17:56:42.075961,ethereum_tx,0xd2052e89f88d5572c979c65a6c149a83cdc46aff7bee6172ddc397fde370085f,9481665,0x4337013eF5Cd421ceF649fC58c1B0DEFD37BBeb1,0x0000000071727De22E5E9d8BAf0edAc6f37da032,0.0,0.003205162,confirmed
2025-10-24T17:56:42.075961,ethereum_tx,0x840f9ca5c56f0874fb73192d11614e03c0968cbf3be756727a222332a78ea07a,9481665,0x4777B3a45c29E93e9afcDE7AefF5d35cabCB2323,0xd82F42477B6A1D8521866Cbf394e75eC3136CE7e,0.0,0.002000009,confirmed
2025-10-24T17:56:42.075961,ethereum_tx,0xf9241e59bd0220f3e03d85ffb747f2058de26e9b745332126abec8d457d42e06,9481665,0x207D430716d4F12e7e6d9acB39BbC73fD4cB4E1C,0xA73aFb610aC79A729A393D679029fCf9618854AD,0.0,0.001998594,confirmed
2025-10-24T17:56:42.075961,ethereum_tx,0xcadd76ab1e0dadc2fd8d1fe6f98cd38b67d30094de80396471d081f5723b23ab,9481665,0x49c36b3BEc6b6e0e77305273FAFC68f479630535,0xd0dbB2486e3Fbf371D1B2e35Fa330bef6529d2f4,0.0,0.001998594,confirmed
2025-10-24T17:56:42.075961,ethereum_tx,0xc8437f1ea18925d2c4e0c282a87702971930a2c57147f4c21490a72633b11e8f,9481665,0xf286c79b4a613a1fE480C8e4fB17B837E7D8ba03,0xd0dbB2486e3Fbf371D1B2e35Fa330bef6529d2f4,0.0,0.001998594,confirmed
2025-10-24T17:56:42.075961,ethereum_tx,0x9cb9ddfc847d2c3c59a3620c9c860539bc3bbce572c551c58a4d9ca638be8d02,9481665,0x860235D5Db42eF568665900BBD6bA3DB2fA4f33f,0xd0dbB2486e3Fbf371D1B2e35Fa330bef6529d2f4,0.0,0.001998594,confirmed
2025-10-24T17:56:42.075961,ethereum_tx,0x624bb3546c24321a7b9184f78de1d6a4e19de47257bb928e9187c2f2e0520aab,9481665,0xA2bfAc45e6878fbE04525C23dFbb11fFb224Ea60,0xd0dbB2486e3Fbf371D1B2e35Fa330bef6529d2f4,0.0,0.001998594,confirmed
2025-10-24T17:56:42.075961,ethereum_tx,0x0e68a7557f89a2a6c33d475b02a2fe8d6aca9e061b4fdd975d567a8b155b3f52,9481665,0x27A88B8846882507bab868974805339d4c438667,0xA73aFb610aC79A729A393D679029fCf9618854AD,0.0,0.001998594,confirmed
2025-10-24T17:56:42.075961,ethereum_tx,0x2a9cdd63238a031d43dfda0648380c77d20bcb2719629ff400e76d1b2c28046b,9481665,0x27A88B8846882507bab868974805339d4c438667,0xA73aFb610aC79A729A393D679029fCf9618854AD,0.0,0.001998594,confirmed
2025-10-24T17:56:42.075961,ethereum_tx,0x1240cd7c087b785c0f6b4c1e7416a2e10cb4ee286ce374e2dac149cf6c762364,9481665,0x4BA56bDa2009816e260921970041d6Eb005D7272,0xC764A997C86dC22B50Eb637626e3f46bfd82534A,0.0,0.001500014,confirmed
2025-10-24T17:56:42.075961,ethereum_tx,0xc75715b9a55d765f391d124c84cef2f6e5ff943da2c9f6a43b9bb9cfdc8270f7,9481665,0x976FA0A532019114bCb6e02A11A2E3742c85bcd9,0x956962C34687A954e611A83619ABaA37Ce6bC78A,2.60312313371e-06,0.001500013,confirmed
2025-10-24T17:56:42.075961,ethereum_tx,0x40c19179917d6a598b3d94310a405c44b22124c7ced8fae0d296665b75fea479,9481665,0xe1afC1092c40d32F72Ad065C93f6D27843458B95,0x1b4a3398102d42CA600Cb7e3f40a5495B4954071,0.0,0.001500013,confirmed
2025-10-24T17:56:42.075961,ethereum_tx,0x40a6fca469c3b3ff729b9148e134ad6607462c349d59d8184267b2a1bc85ffc6,9481665,0x369069a58C3Eae3C6213575bce4bfAC1221d159C,0x956962C34687A954e611A83619ABaA37Ce6bC78A,2.8827875715065e-05,0.001500013,confirmed
2025-10-24T17:56:42.075961,ethereum_tx,0x5362d80f49c7f14bc5d2893eaf6850de5cf22bff7ac73716917d99a76ed0aaa8,9481665,0x6d7927C0D236388319864007681BC0C6b844Def8,0x12e1181a741b70BE6A9D81f85af3E92B6ba41897,0.0,0.001300011,confirmed
2025-10-24T17:56:42.075961,ethereum_tx,0x6392f47085f32a0b98ebd5968b0eafe1a6e5aea4d61278094ee1c3a79ab57b47,9481665,0xd6F7B4fEbE08454BFE5aF0bE5fD40A2F8Ee80b6c,0x3a5acf46ba6890B8536420F4900AC9BC45Df4764,0.0,0.001250009,confirmed
2025-10-24T17:56:42.075961,ethereum_tx,0x5abcb3ebf88878806f22c31fa416112087c197b9adc800015efaddb20139c66e,9481665,0xC088Db0D32639182D4a3C13FcC34B51e0F052578,0xc67BBf28D8AC79A576c47c56469024b40A62089A,0.0,0.001200011,confirmed
2025-10-24T17:56:42.075961,ethereum_tx,0x1b2af53c67f2a5dc44d5cc57d74f420ea34dbf440e4767997754371f397fc9d0,9481665,0xd25DB2Ff2263A31b192EE117eB83E7792C01d58f,0x956962C34687A954e611A83619ABaA37Ce6bC78A,0.000202,0.001200011,confirmed
2025-10-24T17:56:42.075961,ethereum_tx,0x2db0d601a9ab388d723c77ce9cb1cfe3358d230b1629bc2f66cdd43e732881a4,9481665,0x6676296E4e1873fc88A4FDF035A40c7032da6390,0x956962C34687A954e611A83619ABaA37Ce6bC78A,0.001,0.00120001,confirmed
2025-10-24T17:56:42.075961,ethereum_tx,0xc7af6e483541fcaaf951dc4ab9fca47c5376d75bcf7891e7a052fdf50cf85fb6,9481665,0x15095Ec8FB1Fc9C664b3223459dFF43158ACe7aD,0x50Ad6e57a0c76fb149660F9A6550b090766b0c73,0.05,0.001100009,confirmed
2025-10-24T17:56:42.075961,ethereum_tx,0x98a1abc273973ff3333474772966702ddd1ff72a9a83a7bf431d378cf7def11e,9481665,0x9a0C272bD8bb40edB2689bF48B395F8EcB561d55,0xb7696dCa94A198b4E3A10Fb37C37101f02D42613,0.05,0.001100009,confirmed
2025-10-24T17:56:42.075961,ethereum_tx,0x88e3374b21cdccbf930f642cfd27117105df7ac82406b71561be0a44770da432,9481665,0x4F379424719a1feF0196F4913DccF3eB6d49AdE9,0x5EE3D1449Bd00d6Bd028F6914f46e0Fe9fDfdEC6,0.0,0.001100009,confirmed
2025-10-24T17:56:42.075961,ethereum_tx,0x2a4a5e8df06526d2cbd74c9739ad0707b437969a3d3ddfb2a012a821056153b2,9481665,0x9A37Ab2eE598D00918db33F85fcf165cA55e7f1a,0xb5A49949C49dEDD852F9f0f419b17aD2785032db,0.0,0.001052651,confirmed
2025-10-24T17:56:42.075961,ethereum_tx,0x629680c0af91f399adace58124340b0684751f31ee5ebfdbb6e663d5d516bc8e,9481665,0xFDA9f913274D3c89D78d649B27565d88517711A4,0x7215691F60C4fA7Bb82c5Ac44c7d57dc32bB0493,0.0,0.001052641,confirmed
2025-10-24T17:56:42.075961,ethereum_tx,0x0bea93de8d6d21e72e9b7b98acddd02fa45e8c6ff7e33217446d1c823eff914f,9481665,0xc68748a640E8e9e67685fc0E028e7CC0e17eC339,0x7215691F60C4fA7Bb82c5Ac44c7d57dc32bB0493,0.0,0.001052641,confirmed
2025-10-24T17:56:42.075961,ethereum_tx,0xb36e79c2310bd7c8fd4ffb0439721afc5d38a5f16d6ce3ceeb018ec0ae6d0ac4,9481665,0x261638cebe8610471E33BCdE49fa09956Fb6fdE7,0x3eDF60dd017aCe33A0220F78741b5581C385A1BA,0.0,0.001050009,confirmed
2025-10-24T17:56:42.075961,ethereum_tx,0xf250d873fbc69f1356a256fe9eee2dbea08d0363387a4fc664c717c82b4cf6c6,9481665,0xc50fee94414B13e54172ca3ec22020b0A3EB3172,0x693D43fD2443fF118325a96d08CbC34309E98772,0.0,0.001000018,confirmed
2025-10-24T17:56:42.075961,ethereum_tx,0xf6f3f19cd8989ef2583a79ef7e8368745fcfcbec68e459007da6827b29b875f4,9481665,0x1274165FF8713E744fa9791075E494cD9e5784E9,0xcA11bde05977b3631167028862bE2a173976CA11,0.0,0.001000009,confirmed
2025-10-24T17:56:42.075961,ethereum_tx,0xf3e9d05746b85449042e605dc7cd5f1368a80ebe8ec78ae86fb49651e7aefa15,9481665,0x96C9F32C084D0Ef304f7BA0E1Ae7DFcd19D2CC30,0x03C66CB1826BDB0395BF31E68Bf7E873e9564fFB,0.0,0.001000009,confirmed
2025-10-24T17:56:42.075961,ethereum_tx,0xcf88ddfbe14ca244929da5b88f83ef15051df22af0e814d07ea3b2b58486becb,9481665,0x32b906c50eF350B76b0A5DBC77f6b7275dD11c82,0x0122B610d2C9764cd0389382bd892AF12C0BA6dD,0.0,0.001000009,confirmed
2025-10-24T17:56:42.075961,ethereum_tx,0xcf43fc6512c9bfd068a86ef41a6f7c03bafc4782ef276a2cb6a5c82439b20463,9481665,0x97E28B419214acF0aE70Bc5f4210140073C48D52,0x03C66CB1826BDB0395BF31E68Bf7E873e9564fFB,0.0,0.001000009,confirmed
2025-10-24T17:56:42.075961,ethereum_tx,0xb6aacaede4353bf88a5a1291f90fed5f9dfbf0ed95b9b3a46ace7295d74ea834,9481665,0x52A94fA3d42d8b34E22acBAbDB9c25C97F782C10,0x0000000000000000000000000000000000000000,1.36e-05,0.001000009,confirmed
2025-10-24T17:56:42.075961,ethereum_tx,0xa999460296e943a4153aeb84b1aebe00c2a54a1e76eae11e099bf39e37d83ecc,9481665,0x600b223BfED0A41FDeF59f6c92b2119d2427857a,0x2c02c4F3DB094788bdb60C093D96F834F0FB4bcE,0.08464844047639385,0.001000009,confirmed
2025-10-24T17:56:42.075961,ethereum_tx,0xa100a63877586288b3553d01f7812b1b19d7bede8cd70bf59edf5eb3075f8c44,9481665,0x7Ed746476A7F6520BABD24eeE1fDbCD0F7FB271f,0x50Ad6e57a0c76fb149660F9A6550b090766b0c73,0.1,0.001000009,confirmed
2025-10-24T17:56:42.075961,ethereum_tx,0x911f0b1fd348aec13dc172cf3a77bb0d04cce3975846fc10e4c232f800ca8d28,9481665,0x3b28D5243F39c7afDcA9A8398CC7295424b7dda3,0x03C66CB1826BDB0395BF31E68Bf7E873e9564fFB,0.0,0.001000009,confirmed
2025-10-24T17:56:42.075961,ethereum_tx,0x6f30114e18fde6b3ab17953a0e0a77dae29a0f17a974275e5d8f3ccfe7ef3311,9481665,0xCac135B056AC1a6E1b7c32FC31D95256f2a2DcF2,0x03C66CB1826BDB0395BF31E68Bf7E873e9564fFB,0.0,0.001000009,confirmed
2025-10-24T17:56:42.075961,ethereum_tx,0x6c80a736cbddb28fd979018eb325bdbcc820b10654f94cf209fc5727b4ab647a,9481665,0x8ca35839e3F99C0D1Ca2e1E6eA6B6a5283228460,0x87A3effB84CBE1E4caB6Ab430139eC41d156D55A,0.0,0.001000009,confirmed
2025-10-24T17:56:42.075961,ethereum_tx,0x688e0e02da93474bb4067ec850791f43ea9ff67dc628d57b23e9732231bb29c2,9481665,0x2bDd22Dc25815887FC4BCcf6F561b5EC260BBd7A,0x03C66CB1826BDB0395BF31E68Bf7E873e9564fFB,0.0,0.001000009,confirmed
2025-10-24T17:56:42.075961,ethereum_tx,0x4e951971e8924c007b4a8c5f5d8fd78977b86533ef3e6931201e0da1a61aa04a,9481665,0xe1BabCbe1dD79760bcb2B09302C9DD238B23552a,0x03C66CB1826BDB0395BF31E68Bf7E873e9564fFB,0.0,0.001000009,confirmed
2025-10-24T17:56:42.075961,ethereum_tx,0x317ab05320e3d25fdd3bff4ea6e2efd1845302c256c1bdc357c0d99242b37be8,9481665,0x27977e6E4426A525d055A587d2a0537b4cb376eA,0xa86DC1C47cb2518327fB4f9A1627F51966c83B92,0.0,0.001000009,confirmed
2025-10-24T17:56:42.075961,ethereum_tx,0x221d6c0f5ee6c92b5c67725a1fc18f0adf5c0fd68fa29437e7c0d1b71ff5cae4,9481665,0x38a48A7c32A60c32853255F4CDC43B5A09B67373,0x853758425e953739F5438fd6fd0Efe04A477b039,0.0001,0.001000009,confirmed
2025-10-24T17:56:42.075961,ethereum_tx,0x0cdac4baab9bf443b6bcba69207cf9bce9cb6f5f0ad4bfa3e3da50cb60933c5c,9481665,0x4f70C13Bec4f452167eb27Ecf8Dd4066Da89dA09,0x0000000000000000000000000000000000000000,1e-05,0.001000009,confirmed
2025-10-24T17:56:42.075961,ethereum_tx,0xe7e6088c35333376398dacdbca2cd75168f5120d1dbf5c9450bc408d81826a4f,9481665,0x3Da763C42E438eB17880fB6A83040d6cf13eF03b,0xFf00000000000000000000000000000000042069,0.0,0.001000004,confirmed
2025-10-24T17:56:42.075961,ethereum_tx,0x6b245178748c96ed01ecc454c85791e16621ef757a57925c2171975df128f56f,9481665,0x3Da763C42E438eB17880fB6A83040d6cf13eF03b,0xFf00000000000000000000000000000000042069,0.0,0.001000004,confirmed
2025-10-24T17:56:42.075961,ethereum_tx,0x0505b7f9e51f8458a15c0c8f6d23d90bed29e5921cc8efc18d12708486a5252e,9481665,0xBf389beCd498E1a07bd011489F6982DbC7E31897,0xFb13dE1C5aC28fc8335Ec5721b06eB4eA6e3897b,0.0,0.001000004,confirmed
2025-10-24T17:56:42.075961,ethereum_tx,0x1d0d99c56fafc8190537768b932a0b2bac826b182cc573e81240db618aed5931,9481665,0x5d72984B2e1170EAA0DA4BC22B25C87729C5EBB3,0xd4116f515A6958da851080B390DDE4B81f408978,0.0,0.001000001,confirmed
2025-10-24T17:56:42.075961,ethereum_tx,0xff4a6b1d483e25fc0b669faac59141f4e918750229fe9fe7780230b7bc2aad96,9481665,0x5CD3C4Da12935e3162EE390B2d7660A23D6a12C0,0x956962C34687A954e611A83619ABaA37Ce6bC78A,1e-07,0.001,confirmed
2025-10-24T17:56:42.075961,ethereum_tx,0xfcb8be47ec66362bea67fc541de012cc6b9451a8cd5e01f6161d69d8967f8a55,9481665,0xaf431247b2B3d56BA1980DCc5154b5F58E0ea383,0x956962C34687A954e611A83619ABaA37Ce6bC78A,1e-06,0.001,confirmed
2025-10-24T17:56:42.075961,ethereum_tx,0xf83eaadde0a6f64915ca7e8e4b8bc4f067421fecb083ee21f3984ec9e2090cdf,9481665,0x0Ba98B78fd93721879e92963C1ea31401171CC41,0x87A3effB84CBE1E4caB6Ab430139eC41d156D55A,0.00063,0.001,confirmed
2025-10-24T17:56:42.075961,ethereum_tx,0xf5af46695e30df1cc7ffacbd37ebb9559480ac21be858231a611b8c37127588f,9481665,0x90091E5333591499e61E5F20eD403732F698F213,0xd749de2438ba3169d8A20b2c0595D87fedD99cc0,1.38e-06,0.001,confirmed
2025-10-24T17:56:42.075961,ethereum_tx,0xf161c87498eb06bcbb025075b4b950f1975f75ba87077513f04f94c02f190c07,9481665,0x7153852766e2E2aC23fA90E5D5FdaFCC59C5CEed,0xB05d273b05F57F0BF857a5b898eDeE951Fd6d0E5,1.38e-06,0.001,confirmed
2025-10-24T17:56:42.075961,ethereum_tx,0xf0cc451033f05d74d44ac2c066dcbe2780d21b7592a524ee7cecb1dc9ed5bddc,9481665,0x0835a809F7353D260FFeacC68AD31B60F006849d,0x956962C34687A954e611A83619ABaA37Ce6bC78A,0.00012,0.001,confirmed
2025-10-24T17:56:42.075961,ethereum_tx,0xed9b3dc57f1d282fe8c9bb97eca788e2c365565c683ffdaefa8dcb645ccf2a29,9481665,0xcD12Ed9b63603bc9685Cda552c0156d9b297b41F,0x87A3effB84CBE1E4caB6Ab430139eC41d156D55A,0.0,0.001,confirmed
2025-10-24T17:56:42.075961,ethereum_tx,0xeb4e4949a5b265a30cbb21d24748fecea137a69e8632d4e0b05001dfca381d2a,9481665,0xFFe3f0FF44A672fA92f262708EB1e95F2B25ec6c,0x956962C34687A954e611A83619ABaA37Ce6bC78A,0.0001,0.001,confirmed
2025-10-24T17:56:42.075961,ethereum_tx,0xe8a96f8253cda01a8eb92756c020ee3f47ef73172272f64a4f24352a9909318f,9481665,0x22eF655e70e2C810F5F475B2740F0E01fD57e626,0x956962C34687A954e611A83619ABaA37Ce6bC78A,1e-10,0.001,confirmed
2025-10-24T17:56:42.075961,ethereum_tx,0xd447bdf715d6cbdc29cdf585e65781bb297311dd849caabdb5176a82317b9b5b,9481665,0x13e6009357AF52E7D564b5914aa97719C8304A28,0x956962C34687A954e611A83619ABaA37Ce6bC78A,1e-05,0.001,confirmed
2025-10-24T17:56:42.075961,ethereum_tx,0xcdfddc0ce849e7adc756b3bba02003baacf5930ba2004c03557142c0054edf99,9481665,0x7D58DfEbffe0A279e9cAE7c0CeDEf649E276e642,0x956962C34687A954e611A83619ABaA37Ce6bC78A,0.0001,0.001,confirmed
2025-10-24T17:56:42.075961,ethereum_tx,0xcdf4f8d6a46556462e77536f1bd772eb68c8ba831dc877139803c61d7f9c435e,9481665,0x69cDf38fc92276ece115B896fE2145C6a7ab3301,0x956962C34687A954e611A83619ABaA37Ce6bC78A,0.001,0.001,confirmed
2025-10-24T17:56:42.075961,ethereum_tx,0xcd476895d9af34b2f28fb591fc25e78aec952a61a84865d6346beb2449ef38d4,9481665,0x4De52544c78c1b56F37f7E86A4815A7cE46ecDfe,0x956962C34687A954e611A83619ABaA37Ce6bC78A,1e-06,0.001,confirmed
2025-10-24T17:56:42.075961,ethereum_tx,0xca53e3f8fa0dd147798fe6e4de3ad3c81e22b28085c4b2463222e607a5daf727,9481665,0x61Da2fC6F36248fb687D9305564485F594A5b1C0,0x956962C34687A954e611A83619ABaA37Ce6bC78A,1e-07,0.001,confirmed
2025-10-24T17:56:42.075961,ethereum_tx,0xc555d4855c19a778df7614280099ad363667564fb57e87cc4c8e5b7c9165b362,9481665,0xb2364dDe3efc7E1e88d474fAa1DBBC46566B03dC,0x853758425e953739F5438fd6fd0Efe04A477b039,0.0001,0.001,confirmed
2025-10-24T17:56:42.075961,ethereum_tx,0xc171ae61ece63ea9a7706ff7d4c72c9e4c469fbbe1a0d25e2afa7dafc507df92,9481665,0xcC05E956be7B2F3AdCD13cc6005C1C87bc3E5F78,0x956962C34687A954e611A83619ABaA37Ce6bC78A,0.0001,0.001,confirmed
2025-10-24T17:56:42.075961,ethereum_tx,0xc037e92d4f31600c499dd35c2506180a662e288adf3b70b32a561bff2bee6066,9481665,0x0c55dFbd31D22F94695695eb83F4320494131DB6,0x956962C34687A954e611A83619ABaA37Ce6bC78A,1e-05,0.001,confirmed
2025-10-24T17:56:42.075961,ethereum_tx,0xbea1843ca27145d5f839fec78de53eb2fe2fe458c48c21d199e25a3170d634ee,9481665,0x7bf2C575E6Bc6813DF4018d4765d65A1504DD9bF,0x956962C34687A954e611A83619ABaA37Ce6bC78A,1e-07,0.001,confirmed
2025-10-24T17:56:42.075961,ethereum_tx,0xb75877783371966b023206160749ddee03212949f6598adfcb35b57e002af758,9481665,0xA1AF343a63056B1CBcDb008e1c67AF87B28e420a,0x956962C34687A954e611A83619ABaA37Ce6bC78A,1e-07,0.001,confirmed
2025-10-24T17:56:42.075961,ethereum_tx,0xb65c21db71f35cb8486bd777bdea44e4c99094b7011452a417a97a0bc644306c,9481665,0x2bF78d2268Ed1776E41323D6A5aE694d8c8F7968,0x956962C34687A954e611A83619ABaA37Ce6bC78A,0.0001,0.001,confirmed
2025-10-24T17:56:42.075961,ethereum_tx,0xb43b76deb2071b44fddbaa36b38cfe3dbcaf60e1eb188382f4ac3c7d1081cef1,9481665,0xafdcCe1Cad7a083860D73f2d62C2090292DBA171,0x956962C34687A954e611A83619ABaA37Ce6bC78A,1e-05,0.001,confirmed
2025-10-24T17:56:42.075961,ethereum_tx,0xb01e46479e67c09e1c1b5a79cd2941f8c07d93cb0af64d9528303dba6587504d,9481665,0xD8798dbEba71fe491e5c32dfA27B6A970A12eBF2,0x956962C34687A954e611A83619ABaA37Ce6bC78A,1e-07,0.001,confirmed
2025-10-24T17:56:42.075961,ethereum_tx,0xae0be1aec639e6e9fad415d8e3595604eecb656b29d79b2f3a814cf37f28e134,9481665,0xD263eE97e96736a41A5272968Fa8B8fD854bBFe6,0x853758425e953739F5438fd6fd0Efe04A477b039,0.0001,0.001,confirmed
2025-10-24T17:56:42.075961,ethereum_tx,0xac20163990c4437b0fa840a9def2760adae5adee28fcd50b55bcfecaac5d0454,9481665,0x65367E1A2584abCA637E4bB4B3EaCc307d81a9A8,0x956962C34687A954e611A83619ABaA37Ce6bC78A,1e-07,0.001,confirmed
2025-10-24T17:56:42.075961,ethereum_tx,0xaa389b9e21f3dcada1d9521c46851e3b84f16da9e7d664f06363274f2a9291ec,9481665,0x112c7722C9A6AE8E407325C43DBdAF385153cD0E,0x12919da72bE9427DCD3AFA4Eb19CAD818f816df8,1e-06,0.001,confirmed
2025-10-24T17:56:42.075961,ethereum_tx,0xaa0c9a9d972271afa64d413e7b8f28b0f317bbe82b9e605f324a9f2839a82c33,9481665,0xaDaC91dF9053b34f1f22FeF5c72872aC7E10F0E3,0x03C66CB1826BDB0395BF31E68Bf7E873e9564fFB,0.0,0.001,confirmed
2025-10-24T17:56:42.075961,ethereum_tx,0xa9c8919f13f4dc876e5d3cd45ce9fab174febbb9bfed819b11c33a57c17c3288,9481665,0x1581efa440AD8e49b69e0c1Fe403327278EE6aA8,0x95cC0960F8e79Ca6eF15881A9c8Ba51104a4f4F0,7.46e-06,0.001,confirmed
2025-10-24T17:56:42.075961,ethereum_tx,0xa43c48dc753a2587b5796355a1d9d17de133dbcbdffd55d1a65b09f8a530e1e9,9481665,0x168d110180E2992e7c23ae4BEA7581EC591187bd,0x08d2b0a37F869FF76BACB5Bab3278E26ab7067B7,3e-05,0.001,confirmed
2025-10-24T17:56:42.075961,ethereum_tx,0xa27542e893025e12fa30d5a6ccd87e3ae402868a22a17d7e9d03c6a8edbe142d,9481665,0x78411EcC79e238E6077b3f29Ec3191AA9ccaFe71,0x956962C34687A954e611A83619ABaA37Ce6bC78A,1e-06,0.001,confirmed
2025-10-24T17:56:42.075961,ethereum_tx,0xa17ad5301eb9925bbe89e83e1847a4ff31586f51515f9f4e72c586d5580f819f,9481665,0x20CE9f32397df7d1590296cbb354Fb59662A3034,0x956962C34687A954e611A83619ABaA37Ce6bC78A,1e-07,0.001,confirmed
2025-10-24T17:56:42.075961,ethereum_tx,0x94b9adcd4f2071012f8e2ad1c40d976b7a0e8ccecc8936a52fe7922e2d37dc87,9481665,0x354a51D1DCcDA868405c4336E160154e014b7c47,0x03C66CB1826BDB0395BF31E68Bf7E873e9564fFB,0.0,0.001,confirmed
2025-10-24T17:56:42.075961,ethereum_tx,0x9482903c353aef530cdcab0253d4d57fdcbd2a20a892441d61b8734d5aad4972,9481665,0xe03F5Eea59b3e719653d522811A49E089FA0DE8e,0x956962C34687A954e611A83619ABaA37Ce6bC78A,0.001,0.001,confirmed
2025-10-24T17:56:42.075961,ethereum_tx,0x94198f252dd0927d1a115ce281145a728ba5ae70d74c50d89e243a44796bd1ff,9481665,0x7AC242f6246Fa1A59B2907833A8e11317b319269,0x853758425e953739F5438fd6fd0Efe04A477b039,0.0001,0.001,confirmed
2025-10-24T17:56:42.075961,ethereum_tx,0x8e2d50f1706abe5d5428a88319e52628c3e7be4b073cc3acef2743bcd36733d3,9481665,0x0D5BDAd21E8C439033e705F8907947f730D1ce84,0x956962C34687A954e611A83619ABaA37Ce6bC78A,1e-07,0.001,confirmed
2025-10-24T17:56:42.075961,ethereum_tx,0x8acd1cd12ed5b03d1a3a0c6fbaa7332376c9e4ad4490f965f67393bb5dffd0d9,9481665,0xA6023AfBd84A167F4C83fC115d57433F41E9d05B,0x8d939eA3279a9e2afffdf33005967469b3e3D329,0.1,0.001,confirmed
2025-10-24T17:56:42.075961,ethereum_tx,0x8ab253d9b27d21fd8e20b6d90cd24e0fff0a88207930747d6b4b5a688f583ed8,9481665,0x659ed420e29E9b9a3F2b3988069c05e7b569d193,0x03C66CB1826BDB0395BF31E68Bf7E873e9564fFB,0.0,0.001,confirmed
2025-10-24T17:56:42.075961,ethereum_tx,0x8a5c2ef137ebf2dd33dcf75ea4cb7b3fe12267e5ce373ee6eb48ce1dbba16cf6,9481665,0x099BA97a37FA019c064a2517026e3c2Ea8DB9964,0xF6e7F84d9cee738ec59c08B7a7260152C236813a,0.0,0.001,confirmed
2025-10-24T17:56:42.075961,ethereum_tx,0x8902e8f6367e0606fd2a4737d7169cc804736b547d009c2d420f20a208c5fc97,9481665,0x976C95e6fE5D39e0b1daB5Beeb927Fe849418607,0x08d2b0a37F869FF76BACB5Bab3278E26ab7067B7,4e-05,0.001,confirmed
2025-10-24T17:56:42.075961,ethereum_tx,0x889b32f6db99f5dade31f0309cfb558a64604b3cb020d27358e5b58d74d789d4,9481665,0x5178b703072819C21C2F68B31932162517146AF4,0x956962C34687A954e611A83619ABaA37Ce6bC78A,1e-07,0.001,confirmed
2025-10-24T17:56:42.075961,ethereum_tx,0x819e4de77841f7161271d7e07a6d08f331c61a0b72d66973e32f2f4e2bfa2060,9481665,0xD72cd1a43923b4Ad362B7a6BcD5AfEd7C92AC2Fc,0x956962C34687A954e611A83619ABaA37Ce6bC78A,1e-06,0.001,confirmed
2025-10-24T17:56:42.075961,ethereum_tx,0x7d8d93643ac0b98d2c391b7b1279f6e1f7ae79f84ed8d67a843a1328fd321ef4,9481665,0xa4627e2F3BEFB52ae6f471AFE9d2a709d1d00e25,0x956962C34687A954e611A83619ABaA37Ce6bC78A,1e-06,0.001,confirmed
2025-10-24T17:56:42.075961,ethereum_tx,0x7c19193073d788b5cc63375bd46e8ed344e76d52207de11cedc0cf84f732db3c,9481665,0x6A517E94fac0b5543af0871b0D192761E1F988D1,0x03C66CB1826BDB0395BF31E68Bf7E873e9564fFB,0.0,0.001,confirmed
2025-10-24T17:56:42.075961,ethereum_tx,0x767179cea556250e27f2a3d396bb3db26ef856f74c3aaf0c84f7471d20c237cc,9481665,0x91695Ff8b629bCC152dD6B5bDc6C650B1c49100B,0x03C66CB1826BDB0395BF31E68Bf7E873e9564fFB,0.0,0.001,confirmed
2025-10-24T17:56:42.075961,ethereum_tx,0x6c89e906639116edbe056c05202c7e6feb12851a6fb6a6125eaffa86fbd4f093,9481665,0xa0Be15C8AeaBD5aBC01Dc0fd1A4aa3481737A41C,0x956962C34687A954e611A83619ABaA37Ce6bC78A,1e-07,0.001,confirmed
2025-10-24T17:56:42.075961,ethereum_tx,0x6ab8a34d06c9c9262ebfb6f43d50701aca656ed0b9b4577e9b47a03cda0678bd,9481665,0x56FcBfd5e4d07eE49C58B3a0e3DF9A0310005944,0x956962C34687A954e611A83619ABaA37Ce6bC78A,1e-06,0.001,confirmed
2025-10-24T17:56:42.075961,ethereum_tx,0x64b9054c792efd6f54011e66693ea1c56b1f5f2c3ee636564b2db0ec6fcfa04e,9481665,0x26cDc7A5B7b2411e1fE3fe1b486210E2227Bf7Ca,0x956962C34687A954e611A83619ABaA37Ce6bC78A,0.0001,0.001,confirmed
2025-10-24T17:56:42.075961,ethereum_tx,0x6461bb58fc8320240b379861f0b1cd78c77d2d02c850bb9ea0edb0132b780d6b,9481665,0x05a53cD91a4946DE2a615d129bE71823F0Bbd6E8,0x956962C34687A954e611A83619ABaA37Ce6bC78A,1e-06,0.001,confirmed
2025-10-24T17:56:42.075961,ethereum_tx,0x63e0465d22a2261326f4a41541a047a292c0c97dfa72a51df7292d608879ea0e,9481665,0x86691F300edeA1246fb8d4ee5fA492aa131af526,0x956962C34687A954e611A83619ABaA37Ce6bC78A,1e-06,0.001,confirmed
2025-10-24T17:56:42.075961,ethereum_tx,0x615120e84cc57593f6a1ca104b9366cd61c7719de04325d4bb6f97fbe8bd3cb3,9481665,0x62C3af6653aD2d2bFF5cfCA231b1de9a68A810A2,0x956962C34687A954e611A83619ABaA37Ce6bC78A,1e-06,0.001,confirmed
2025-10-24T17:56:42.075961,ethereum_tx,0x5e84a3dd2219ddac5552473a9cd29d29630b329c6bc0389e689b297aa4a8f3e0,9481665,0x94B794E59838De302CCf043d1c7C5E14fc6473A1,0x956962C34687A954e611A83619ABaA37Ce6bC78A,1e-07,0.001,confirmed
2025-10-24T17:56:42.075961,ethereum_tx,0x5e377709401bbae6e671fe6c159e79fcfb248b2dca3ab430190ff21f2f13e781,9481665,0xDEa0fe3d8c247187a8E5d362274e3C0456528d02,0x03C66CB1826BDB0395BF31E68Bf7E873e9564fFB,0.0,0.001,confirmed
2025-10-24T17:56:42.075961,ethereum_tx,0x58505a3ac1f65e5ccdf6ab69d543115e946df691e87c1d901f82e4fc22985242,9481665,0x6d50EDC485a5c5C8E57e45994de1C8f8A11A7cee,0xb0eaa121Cf389f29b7Af61bBE9367530877E1558,2.1e-05,0.001,confirmed
2025-10-24T17:56:42.075961,ethereum_tx,0x56970909bc30694b25fe4e03c28daba7054acb76166440b03a24d0245cffdae0,9481665,0x987a749c382292c53c4Ec87A3Bd2d5dB6fd7ADDe,0x03C66CB1826BDB0395BF31E68Bf7E873e9564fFB,0.0,0.001,confirmed
2025-10-24T17:56:42.075961,ethereum_tx,0x53ecce9ed80c388b17d54be29a355638c69901522a48885a92f2565a6ebf4939,9481665,0xB0752cCA8b78aAB13eA9bE15f9C2b88Fd8B6F043,0x956962C34687A954e611A83619ABaA37Ce6bC78A,1e-07,0.001,confirmed
2025-10-24T17:56:42.075961,ethereum_tx,0x4005154d7545efca8954d8d42c039e58d879f4d40cd0d48cc188c3b29c6b4c45,9481665,0x9872A31A35Abb98CC70F0879551B3172910EDbD2,0x03C66CB1826BDB0395BF31E68Bf7E873e9564fFB,0.0,0.001,confirmed
2025-10-24T17:56:42.075961,ethereum_tx,0x3dccddbead214b1426ad3429e59cd6b42eea7d816811548ad78a46667161a25a,9481665,0x2B167882e52363A902f4Ab1C49229dCE54FeD182,0x956962C34687A954e611A83619ABaA37Ce6bC78A,0.0002,0.001,confirmed
2025-10-24T17:56:42.075961,ethereum_tx,0x3bb5fa1d0803dbda98b98f66bef845b5e01c901f93cc838ed1fa8d0d4783f1de,9481665,0x874EceDe87C63D40FE64fe1115BD0EFCFcDe91FC,0x956962C34687A954e611A83619ABaA37Ce6bC78A,1e-06,0.001,confirmed
2025-10-24T17:56:42.075961,ethereum_tx,0x3401bc1427a3261bee831f491af51a994a8ee275c8b5c463f0c70c0d633da3d3,9481665,0x1EBBbc0966414eB010e347179f9e0301694A0C1F,0x03C66CB1826BDB0395BF31E68Bf7E873e9564fFB,0.0,0.001,confirmed
2025-10-24T17:56:42.075961,ethereum_tx,0x326e49570ee9c7d64b5d87b8adb0fc0472eaa947aad41b3900b24bb62b395048,9481665,0x18401291B58b203196d9Deb9acf83d6bB549D6a4,0x956962C34687A954e611A83619ABaA37Ce6bC78A,3e-06,0.001,confirmed
2025-10-24T17:56:42.075961,ethereum_tx,0x2fd2b7e33c58277eeae48aa411a637be6e9bd41a2dc080f231e2735ca3961781,9481665,0x4d04cEEF3F58Ee6Daad60f30950225ce2f1aE50A,0x08d2b0a37F869FF76BACB5Bab3278E26ab7067B7,6.92e-05,0.001,confirmed
2025-10-24T17:56:42.075961,ethereum_tx,0x2e61430fe42e1e465d0e026aa64e08331e1f2f60204b31e3729d1850563bbcba,9481665,0x5e05065E0b888229FeF3dB32E04762f4DA663638,0x956962C34687A954e611A83619ABaA37Ce6bC78A,1e-06,0.001,confirmed
2025-10-24T17:56:42.075961,ethereum_tx,0x2bddc0095e933dcdbbf910335c4b02f83a41adf3a65be077eac5aceae96bcc11,9481665,0x0B61fd795242cAED2FEd5DB1c83E8F46D390aFD5,0x956962C34687A954e611A83619ABaA37Ce6bC78A,0.0001,0.001,confirmed
2025-10-24T17:56:42.075961,ethereum_tx,0x1c5309cf1d40e2c9d01d2b5dccc59017f38521ef3d2abfd88b6d10b320316025,9481665,0xf28836a07eb2C2cF82d61210C2B767eb8171e95e,0x956962C34687A954e611A83619ABaA37Ce6bC78A,1e-07,0.001,confirmed
2025-10-24T17:56:42.075961,ethereum_tx,0x1c05a04b68c82eca87fa5a78be2235a581ece4f590abe5be6931bc1a854dcc74,9481665,0xDA4bc6D9f9E8676502538C7476901CB4c891bc04,0x956962C34687A954e611A83619ABaA37Ce6bC78A,1e-07,0.001,confirmed
2025-10-24T17:56:42.075961,ethereum_tx,0x18dc1d369181692ca7fc69fc1f16595134ef42a71f64275a1269389fea6ae7c3,9481665,0xc1b0365EDc276a589131765d508711fb6d0D732c,0x956962C34687A954e611A83619ABaA37Ce6bC78A,1e-07,0.001,confirmed
2025-10-24T17:56:42.075961,ethereum_tx,0x162687439b282e92b200de58d4333f572062438cdc88014b61a47c404c7403df,9481665,0xA4433d246950eD75E66928C8e86BD93522454C30,0x03C66CB1826BDB0395BF31E68Bf7E873e9564fFB,0.0,0.001,confirmed
2025-10-24T17:56:42.075961,ethereum_tx,0x0e8dadddc40c9ac4cdc6e153cbe7fecc3a6bead49030f67ce99974fe5e9efc4c,9481665,0x0Af5254180351A7D1c4FCA40671538fB2aB9e672,0x956962C34687A954e611A83619ABaA37Ce6bC78A,0.0001,0.001,confirmed
2025-10-24T17:56:42.075961,ethereum_tx,0x07167c0216f3f67327ff8009c90c410a54d882050780316d3d289b08702fe9f6,9481665,0x3b8B36d71C8BC254439dAd20ECb2aF2eC838445b,0x87A3effB84CBE1E4caB6Ab430139eC41d156D55A,0.0,0.001,confirmed
2025-10-24T17:56:42.075961,ethereum_tx,0x06ea287aa17d3d766959a87cf8bed87a10c0644932ed6b7012f7f428395d3796,9481665,0x9C8FaA60ac71ad698FA1E9ba77C7F409eF4834cf,0x956962C34687A954e611A83619ABaA37Ce6bC78A,0.000132,0.001,confirmed
2025-10-24T17:56:42.075961,ethereum_tx,0x04e180b9b2524e8b50262bac335c99d21a02ab463f5264b30d1b1a1f02904e30,9481665,0x8356B1EE8Ab99dE3583F0A01e2d247959B665173,0x956962C34687A954e611A83619ABaA37Ce6bC78A,1e-07,0.001,confirmed
2025-10-24T17:56:42.075961,ethereum_tx,0x0370b6558dcc022404c4a16d804dbe3badfcd579d107919d6b2c676e76a7b1a8,9481665,0x0ff68711c5439A666ab1b89c4D0A5A63df06A1D2,0x956962C34687A954e611A83619ABaA37Ce6bC78A,0.001,0.001,confirmed
2025-10-24T17:56:42.075961,ethereum_tx,0x28aaf9c17caaca13f03b03b96e33163e3f0a139c128c281e8c8be8cf421856dc,9481665,0x13CB6AE34A13a0977F4d7101eBc24B87Bb23F0d5,0x0c06B6D4EC451987e8C0B772ffcf7F080c46447A,0.006564088293124447,9e-09,confirmed
2025-10-24T17:56:42.075961,ethereum_tx,0xefac7de36d653be2ead683d20fc88fc0085f6f0705fa824e1810d324f43251af,9481666,0x4EA09D8f3fb494a11072ff05b1BE2241adCeEd09,0x006B2223248D0e45296d7d4F3cffF325579954C4,0.0,5.010000009,confirmed
2025-10-24T17:56:42.075961,ethereum_tx,0x7d5261d3444aa35a28716cc6cdc64fdbfef9d6730fcc84011113e8c475e0db3d,9481666,0x3C95c2633296B264d051498C4b2e982EbB526A53,0x3C95c2633296B264d051498C4b2e982EbB526A53,0.0,4.1,confirmed
2025-10-24T17:56:42.075961,ethereum_tx,0x1925fe2873eb55a1a23f6e34699a6a690653e1c46fa2eb97b7a52d267b1de06a,9481666,0x4337017D2e3F5E4160a27f6FDbDc38719343c62f,0x0000000071727De22E5E9d8BAf0edAc6f37da032,0.0,3.310375949,confirmed
2025-10-24T17:56:42.075961,ethereum_tx,0x15040d9f331a292b6a82f1a2107804220a4190a81cc1746a661e22dfdab92568,9481666,0x4c1f6eCF12Cdd9eBadF865041e549eC812BD0764,0xcA11bde05977b3631167028862bE2a173976CA11,0.0,3.000000009,confirmed
2025-10-24T17:56:42.075961,ethereum_tx,0x164cf487d601551a6bfdb2a7c3db5dce5dd283855b29f991e8b49d84d329898a,9481666,0x6Cc9397c3B38739daCbfaA68EaD5F5D77Ba5F455,0x2Ce671fB97a7F620CaBBF54d8674C5250822065D,0.0517226,2.000000009,confirmed
2025-10-24T17:56:42.075961,ethereum_tx,0xc941c91f435a1045d3b930aaeda3b6e48a5f8f69a8941e0cef0601ab795ae4e9,9481666,0x0E330A204599C30b0072E31421b06a78b7B07705,0x51372558b0b9205E6c42d804311be7DaBE532885,1.55538349,2.0,confirmed
2025-10-24T17:56:42.075961,ethereum_tx,0xd7e1d7340e37f49fe19560417205bccc1ca176e517b8dbbd01fdd52f4de28fca,9481666,0x817c2966FD0D50851ec2Ce7d26fE0DEB64D685B7,0x51372558b0b9205E6c42d804311be7DaBE532885,0.8555921,2.0,confirmed
2025-10-24T17:56:42.075961,ethereum_tx,0xd34ded27a0a6c2405794847900ece0c9a132a31f20d244a64de362deb8d30fc2,9481666,0x1494EDffE1614aA2844B1a2ca11B8e468409E1CE,0x51372558b0b9205E6c42d804311be7DaBE532885,1.05815583,2.0,confirmed
2025-10-24T17:56:42.075961,ethereum_tx,0x046d6ceb596a37def62eb2cffa9800fd734d57d9bda8caae8b3d7f48c53f05c1,9481666,0xE7EFEade53bB84222a7b5362DC960F307344580d,0x51372558b0b9205E6c42d804311be7DaBE532885,0.47458727,2.0,confirmed
2025-10-24T17:56:42.075961,ethereum_tx,0xf852517b245cdca3a2c479d49065447aa95ae9151f99d9edd6ec6a9a1aa9ad09,9481666,0x3798E2A0E4701586b7a697B7a9206CC894fc6bCc,0x51372558b0b9205E6c42d804311be7DaBE532885,0.05685074,2.0,confirmed
2025-10-24T17:56:42.075961,ethereum_tx,0x56c0b00b27b562e376a7bb98b5159362762ee55d268861bda7fbae894b6c6ee3,9481666,0xAc9c572b83e265b49c47B6D89C029F799bdA1f05,0x51372558b0b9205E6c42d804311be7DaBE532885,0.61184388,2.0,confirmed
2025-10-24T17:56:42.075961,ethereum_tx,0xe8f67bc81f012a1e18e2380ad5282d010e54dd88912e3dfdd9ae24b5acea22bb,9481666,0xe7F38E2D57a0eA80240B5E65A69AF66812CbCd0C,0xcE1D713ac20b5a642b949fC2db34949B10F233D7,0.01,2.0,confirmed
2025-10-24T17:56:42.075961,ethereum_tx,0xbcdf0dfccc7340ee7488cb2f9679667d283c3a62c22112aa88d253fb0521cbd8,9481666,0x7834E7a7BDBaAD7Bc54688520108C57aE78DD971,0xB7C3874f5017d191E9703862ba541852f57888F0,0.0,1.500000009,confirmed
2025-10-24T17:56:42.075961,ethereum_tx,0x4986f5ffcb4eb1b215ba94f5722297e9ffb8e1ee8eabb86ad6651cea1a1b263f,9481666,0x9261432cab3c0F83E86fa6e41E4a88dA06E7ecc6,0x280A2E9790D1d036870c1B563CF05bC07d55fA7E,0.0,1.500000009,confirmed
2025-10-24T17:56:42.075961,ethereum_tx,0x6e77babd965a9882f38bce94b362355714bd18472ea17a5d36ec2632ed532276,9481666,0x758bADcc4760Ce3f569026D61EaA130F70db8851,0x87ed6AFaFe5B4F6B4975D2FC39a4e25268061e78,0.0,1.5,confirmed
2025-10-24T17:56:42.075961,ethereum_tx,0xe761030dc44cb52d5ef09d140b926383418a5be20a99fd0146c37e9ed76b77b2,9481666,0xd45E9963E97a68C6d2E10D8972C1dB13733234a7,0x2A4496bbC344414e3bDbE6a8E7c40EF007DAeEd1,0.0,1.5,confirmed
2025-10-24T17:56:42.075961,ethereum_tx,0x73991ed9576d56367c674f0db354c70740255807d121f06571fd1549d831f223,9481666,0xa0eE2cF4AB9Cebf08eDB1B1360dFA26ec6845CD0,0x2A4496bbC344414e3bDbE6a8E7c40EF007DAeEd1,0.0,1.5,confirmed
2025-10-24T17:56:42.075961,ethereum_tx,0xbdcad6ceb82dd42f0e8dca4623e35015e03f8670ce0a5da2e8bc3e1575a57964,9481666,0x962D73a362de46c14Ca604a42236D0Df009fe45D,0x2A4496bbC344414e3bDbE6a8E7c40EF007DAeEd1,0.0,1.5,confirmed
2025-10-24T17:56:42.075961,ethereum_tx,0xbb0bf6eedec4c03fd24ec303027071f8ee1d0f09dad164f7804d621adf9fb00e,9481666,0x63113d2fDe221e8a5e051615b1749C7226f6AF79,0x57c5dC670eB6f571bDD8Fc1CF178c46c9A917A74,0.0,1.5,confirmed
2025-10-24T17:56:42.075961,ethereum_tx,0xefae523b68b0968e50fa564a5eac2abc196aef86c61dd9d76f9aebb2d251dfc5,9481666,0x58420F9d81A27DA54886221967a9327F6589c0E4,0x2A4496bbC344414e3bDbE6a8E7c40EF007DAeEd1,0.0,1.5,confirmed
2025-10-24T17:56:42.075961,ethereum_tx,0x54f2e7a0d0683e12773f5b7dc77e995fb2b369c2fab588c1733a84242fb0e506,9481666,0x266aEAA6d43994B657e91A1C70E55C5E1da4D196,0x57c5dC670eB6f571bDD8Fc1CF178c46c9A917A74,0.0,1.5,confirmed
2025-10-24T17:56:42.075961,ethereum_tx,0xef1a1c8c006f0082be29de91fc3d51e8992e7e12a80295c0b7fea99b2309c6cf,9481666,0xb2248390842d3C4aCF1D8A893954Afc0EAc586e5,0x6c97864CE4bEf387dE0b3310A44230f7E3F1be0D,0.0,1.000000009,confirmed
2025-10-24T17:56:42.075961,ethereum_tx,0x98b4b7b97b51d87c9354369bb12e078dfce01836f0e8b1388d53e4c2dc8e7f04,9481666,0xC1E8c91f521d312aCe2A07a0f2F6771EcB087319,0xd257FdA8806Eb5A61c9008cef86c660475C1F35b,0.0,1.000000009,confirmed
2025-10-24T17:56:42.075961,ethereum_tx,0xfcdde0a625cb29fec9d1a2696fbafc64c0198e5375453b161fd31e8d1b9155ce,9481666,0x3c31c5a151A64e30fcf8907cD1D0B0102D70F62b,0x4b677E8F1f0507aEBd621b50A1F9F82566B319f1,0.0,1.000000009,confirmed
2025-10-24T17:56:42.075961,ethereum_tx,0x31acc179bc4f0350a0579d844841c5f7114abbf1afb0d50335174b6091db62f9,9481666,0x966FE75Fa5D1D8016804e25E56CAea711491Ab78,0x00575cf7B2115De7CCDe34CF68f1E63E54FBAa25,0.0,1.000000009,confirmed
2025-10-24T17:56:42.075961,ethereum_tx,0x060d873217b26cab4f779e83817fa3428f1a20be26270b987fcf2082dbb0e656,9481666,0xDc4723e606d9461f97F04Fdc3410C623eA12090C,0xaB48F99148AA7CE14165100D9d424849a9aBdB53,0.0,1.000000009,confirmed
2025-10-24T17:56:42.075961,ethereum_tx,0xb32712a32b1abec62d75c946c52fe976120e6249d903bf877733ed6b37766d21,9481666,0x93A844F64bc2C192f2d925A9caf51036d92eA7c8,0xFf0000000000000000000000000000000002b7C5,0.0,1.000000009,confirmed
2025-10-24T17:56:42.075961,ethereum_tx,0x3a9beb03cfe88d09ebefd9d55f74d930557d15d42fab132c5ddfcc8c056f49d1,9481666,0x9F37C931347665e7dbD863faDb2602E69351F201,0x9E4EE87554c89Eb079873d3773E63Ca4cBD7817A,0.0,1.000000009,confirmed
2025-10-24T17:56:42.075961,ethereum_tx,0x4b9ff787b4dc4851082e5b396b8abc964409694ee804aa4ff1925cf9d75089f5,9481666,0x7fAB555c17a0A8989Cf30CD41314F3eBA4A9dDf4,0xebB6e00dDf6D776dD1F0BFb17546f9696D17Bc70,0.0,1.000000009,confirmed
2025-10-24T17:56:42.075961,ethereum_tx,0x0ce9e45ab8bd47b71d41a96a8cfadfe9e788004c1161dda7a25445e6d3023094,9481666,0x5433Edc9F6490408a2D01DA6292c18Ead2AaeA6f,0x7976dFd7fB1293F61aD32c4396B89fCB65D07246,0.0,1.000000009,confirmed
2025-10-24T17:56:42.075961,ethereum_tx,0xa2514ee4a4914954fa5438fcc63324849d2b7b523c86485307324f9513085aad,9481666,0xF0FEd0C0192539a1076d8BDa1233f414704d98Be,0x00D22efF04CF7d0f5A355A6D9A06E43120398dA6,0.0,1.000000009,confirmed
2025-10-24T17:56:42.075961,ethereum_tx,0xd53a9bb7061835aec7a94b899ff0adde17de35231ab7b10ecfd0ee6046a1d469,9481666,0x7E0f32d2Ea8AfE3eDD67E33dccaf1A01BdEcCE6f,0xd82F42477B6A1D8521866Cbf394e75eC3136CE7e,0.0,1.000000009,confirmed
2025-10-24T17:56:42.075961,ethereum_tx,0x5d748049e290df9af6fb79480f69ee5ce5ea86004a1f91826f82073b875b9b9d,9481666,0x04FbDCcD98E3A7c7CC40B15E2E1E13d2842D7Bf9,0xfA451d9C32d15a637Ab376732303c36C34C9979f,0.0,1.000000009,confirmed
2025-10-24T17:56:42.075961,ethereum_tx,0x088fe9d698efab311ce27615ce4a0a9d70bfffee4006ef5522a1bc7f7d670974,9481666,0xB5Ed3CfEcB5524dEEb19540a9c94f494C37cE65a,0x7b79995e5f793A07Bc00c21412e50Ecae098E7f9,0.001,1.0,confirmed
2025-10-24T17:56:42.075961,ethereum_tx,0x3c2f9a6f2aa2f4e166eb2dfdbdef21c56e02decf78824db33cd34699b6f01997,9481666,0xE7f8c3459c924989654F51ad8f923E4A1691f7bB,0x7b79995e5f793A07Bc00c21412e50Ecae098E7f9,1e-07,1.0,confirmed
2025-10-24T17:56:42.075961,ethereum_tx,0x403ed8f93cbdeb73b408a094cfbd83978711fb4622a5df87055c18b803c2d0c5,9481666,0xDB09a6B3846Cbdc2360Bf2f6f9ba5125840Cd244,0xf993E10C83Fe26DddFc6cb5E82444C44201e8a9C,1e-06,0.020000009,confirmed
2025-10-24T17:56:42.075961,ethereum_tx,0x221cde8044157ad8e8620cff131f82f0835a833df6d50c0da70a08d311334579,9481666,0x3D50b8d42129e8564530EAC4479Fad1b56eC5d0D,0xf993E10C83Fe26DddFc6cb5E82444C44201e8a9C,1e-06,0.020000009,confirmed
2025-10-24T17:56:42.075961,ethereum_tx,0xed3635d7450f03258a9700a83eb1505e20ab0c7a6ffdf03216de2cff94cc9977,9481666,0x42F53a21dc1B63Ce5356b8f5E48EA95a5f061213,0xf993E10C83Fe26DddFc6cb5E82444C44201e8a9C,1e-06,0.020000009,confirmed
2025-10-24T17:56:42.075961,ethereum_tx,0x6426ac5c82a52b7d01aef191097077bf7af12b848806e5f4d3ddc8aa9f9b17db,9481666,0x42e329A2263eEa77C5d23c0A39fA7CDe41E8de98,0xf993E10C83Fe26DddFc6cb5E82444C44201e8a9C,1e-06,0.020000009,confirmed
2025-10-24T17:56:42.075961,ethereum_tx,0x84ba02bf97c249144e7a3e926e9ad15d25aa0486d210c54bed953d1ac9a74320,9481666,0xB4fC80AEc34911C5d761259E74aE8a24c2C5D995,0x72de35dC43acfC49B6B21e559F8cA586e0E12011,0.0,0.020000009,confirmed
2025-10-24T17:56:42.075961,ethereum_tx,0x9b8d4c5009d2df98a2e90d176653e7285603b68e18e97d8ce681e18f57014a13,9481666,0xB26fA6654007E1bFc8C1753475CE07F3180944ef,0x7cb512008ECD844FCab522d1F8683aA6a8Dd075B,0.1,0.020000009,confirmed
2025-10-24T17:56:42.075961,ethereum_tx,0xb0b1ebab0821c9655c10c5e501d71f15020401f04e681e95dd66a44cd91416d3,9481666,0xb3a1956Cff1ecc8054B81b0C83b9847CB71384b8,0xCf8EDB3333Fae73b23f689229F4De6Ac95d1f707,0.0,0.005296937,confirmed
2025-10-24T17:56:42.075961,ethereum_tx,0xcad95223593524042a3b656ec1060f952b276f80bea27f3caf25d1da6d871993,9481666,0xb3a1956Cff1ecc8054B81b0C83b9847CB71384b8,0xCf8EDB3333Fae73b23f689229F4De6Ac95d1f707,0.0,0.005296937,confirmed
2025-10-24T17:56:42.075961,ethereum_tx,0xd8612dfc48ba277e5479624ca23e8e5032c28c1db64772e366e74cab2552da2e,9481666,0x61d8838f9A00250C9AF13D622DA7c08c372ee587,0xCf8EDB3333Fae73b23f689229F4De6Ac95d1f707,0.0,0.005296937,confirmed
2025-10-24T17:56:42.075961,ethereum_tx,0x2b4e80c9cad88444cf321aa283888bdea175ad57cb18075830653eef8d806d53,9481666,0x61d8838f9A00250C9AF13D622DA7c08c372ee587,0xCf8EDB3333Fae73b23f689229F4De6Ac95d1f707,0.0,0.005296937,confirmed
2025-10-24T17:56:42.075961,ethereum_tx,0x0b36db34dc9d507165687a76427bb6e7384f552a428f27da7bbbe743d525f0f3,9481666,0x5B55E1f98800012AD42AafEE2585AA61BaBf1752,0x1348947e282138d8f377b467F7D9c2EB0F335d1f,0.0,0.00200002,confirmed
2025-10-24T17:56:42.075961,ethereum_tx,0xc391a48e9e5efa00e8d969dccb62a737b860b6719ccfc745da5841f033b1db34,9481666,0x7e62c5e7Eba41fC8c25e605749C476C0236e0604,0xBdCC405C59ED6075088E600f25DF922d76bCcB64,0.0,0.001300011,confirmed
2025-10-24T17:56:42.075961,ethereum_tx,0xff9d98ff67651349f6d6d0b51e4763caf6f9af294b3d5e5792085e1a2605d850,9481666,0x4EE37f848A8C91776C0Ed2B154D146e6955114b0,0xc6255a594299F1776de376d0509aB5ab875A6E3E,0.0,0.001200011,confirmed
2025-10-24T17:56:42.075961,ethereum_tx,0x57bd1b52fd611f3f25136c3f0764786d46a6da3ba039631ae4765fa048bc762f,9481666,0xc4126266E8BA270F1370765308b9D01480556DA6,0x87A3effB84CBE1E4caB6Ab430139eC41d156D55A,0.0,0.001200011,confirmed
2025-10-24T17:56:42.075961,ethereum_tx,0x7a60500c6d4e3472b591c5c66842d0239f61abba93cf024aff09ac023b895423,9481666,0x5d72984B2e1170EAA0DA4BC22B25C87729C5EBB3,0xd4116f515A6958da851080B390DDE4B81f408978,0.0,0.00100001,confirmed
2025-10-24T17:56:42.075961,ethereum_tx,0xcaefeb15b620f744926373c6154c1f06c5be6c00a0b5129f76dc35a3f6e359fb,9481666,0xA7E4EF0a9e15bDEf215E2ed87AE050f974ECD60b,0x851fdcb4e6b7739A88c3875722ce3Daf6d206f1b,0.1,0.001000009,confirmed
2025-10-24T17:56:42.075961,ethereum_tx,0x893c2a19657e205bdbd8ed3bfefa43fd4ad34b9bf58174b870d03d927311440c,9481666,0x4f70C13Bec4f452167eb27Ecf8Dd4066Da89dA09,0x0000000000000000000000000000000000000000,1e-05,0.001000009,confirmed
2025-10-24T17:56:42.075961,ethereum_tx,0x828c0f9692d40a39c0e2ba1a6c3d855cb8729c2efb41e421e8a52a38c59b550e,9481666,0x0eFd0baf52feb154a8A1677CBdbeaAf350D85d3C,0x63C471985f6Cc4A22ba137D1F69f93Af9e87fe6B,1.06e-06,0.001000009,confirmed
2025-10-24T17:56:42.075961,ethereum_tx,0x54fbc15f793312a1c2e632cf9ea62acd59ce9bb4ade138b75f6ef63e5d870bdc,9481666,0xa1098A7E61112A7D8602eC63de227c22aF6E5d25,0x03C66CB1826BDB0395BF31E68Bf7E873e9564fFB,0.0,0.001000009,confirmed
2025-10-24T17:56:42.075961,ethereum_tx,0x29ff14c44b41f939d58e634b0bb873cf64622739f227ebf135c2c38d45710f50,9481666,0x638e65fE66e0C1d20a06bB58a07079118B96237C,0x03C66CB1826BDB0395BF31E68Bf7E873e9564fFB,0.0,0.001000009,confirmed
2025-10-24T17:56:42.075961,ethereum_tx,0x67de595972f4fe0e60016563ec27ca068398d921ec519a3d8d3154cdc6e8c8ef,9481666,0x7153852766e2E2aC23fA90E5D5FdaFCC59C5CEed,0xF9f32D8D64A1AccCe00C2ab5aA473D8DA2B2CD4c,1.37e-06,0.001000009,confirmed
2025-10-24T17:56:42.075961,ethereum_tx,0x0dab4de43f56a6edd03142d00b7e63cbb2b9a77298c69f6ae8b0bad5d534fed9,9481666,0x1459730d4cC4B15d2b2c8A689E084040Bfe50D5A,0x03C66CB1826BDB0395BF31E68Bf7E873e9564fFB,0.0,0.001000009,confirmed
2025-10-24T17:56:42.075961,ethereum_tx,0x49e488e026b5c02c081b88dc32d4bfa5c684e14102216ef7c3e14a84014cef6a,9481666,0x776aF30AC28B1527E23AB3D185711387539dafB2,0x03C66CB1826BDB0395BF31E68Bf7E873e9564fFB,0.0,0.001000009,confirmed
2025-10-24T17:56:42.075961,ethereum_tx,0xa8210182893c613b79183dc3a753988c252760e2466108a53378d8f39d6ea4b2,9481666,0x79c5B45384526f082d3b290d3Cb113a965B5F889,0x03C66CB1826BDB0395BF31E68Bf7E873e9564fFB,0.0,0.001000009,confirmed
2025-10-24T17:56:42.075961,ethereum_tx,0xc6dc6f58d16919589e2a22faa54fb2199a06b456ca9cfe052710214c75462b5f,9481666,0xB027D0d7Bdb782ABa0AB385A8Dc0D125DdE2BDe7,0xb2E77e80372C56373941c02B94A83d37f8bB4Dbc,0.0,0.001000009,confirmed
2025-10-24T17:56:42.075961,ethereum_tx,0x1c220c5e54b4dc1069dda801c8e1059684f821fbb87ce2cd44018c39e4fa5fd9,9481666,0xB3C259f1235A50Bd0B8aA2E588648c106F6F3816,0x0215f8e5e81B75799Ae38232420377339d811796,0.0,0.001000009,confirmed
2025-10-24T17:56:42.075961,ethereum_tx,0x5d8447fcd35a01ac0b0347dd980a4ee73df7a2c10107e249c1f8d52b9ef06d73,9481666,0xE7b8C28eC3E630172AB0eDe3A06838B432CacFF4,0x93fACfb642917529A9C7354545F6444239eF6Ac9,0.0,0.001000009,confirmed
2025-10-24T17:56:42.075961,ethereum_tx,0xcd3d249052cbf383ee697ae1cd31942b4f3611667787212db7afdbcc0a2bcbd3,9481666,0xE7b8C28eC3E630172AB0eDe3A06838B432CacFF4,0x93fACfb642917529A9C7354545F6444239eF6Ac9,0.0,0.001000009,confirmed
2025-10-24T17:56:42.075961,ethereum_tx,0xadf4ca2221e043582fbc07ac41d4ad8a8bcc26e1364091d128173a9f2919083f,9481666,0x29c014C9da9C9Fd8d959f126A87Dc09dfE384b1a,0x08d2b0a37F869FF76BACB5Bab3278E26ab7067B7,1.16e-05,0.001000009,confirmed
2025-10-24T17:56:42.075961,ethereum_tx,0x1486c6cff334ebafecf55fbdb8eafcafd286746de50ead920f1b2879d3fdcf38,9481666,0xB723Bc4c1342C9eE2b8C028D4fc8Bf0603955b7C,0x2c02c4F3DB094788bdb60C093D96F834F0FB4bcE,0.055746649693084085,0.001000009,confirmed
2025-10-24T17:56:42.075961,ethereum_tx,0x25758f18916deef4170d5f1831e7198d6f44bb1d76870456e4067040dd71b752,9481666,0x1581efa440AD8e49b69e0c1Fe403327278EE6aA8,0xCEeC470EaF3D35B1e6Ca06898fAFc0Af95309894,8.14e-06,0.001000009,confirmed
2025-10-24T17:56:42.075961,ethereum_tx,0x90f98f0743a2b3af01c4daf046973cdbdc89a2d4f2804a5756fff8e87423d9a3,9481666,0xc3252278994b662d2754828426a94A3Feb4ed2e4,0x853758425e953739F5438fd6fd0Efe04A477b039,0.0001,0.001000009,confirmed
2025-10-24T17:56:42.075961,ethereum_tx,0xc03e201f000046ae374809f17f08cbbdc95964b8d06d3fca1c53d17274a506af,9481666,0xcc7a3706Df7FCcFbF99f577382BC62C0e565FcF0,0x7554E3D8544CC2eb8Becaa7b6dEc64802Ff2d34C,0.0,0.001000009,confirmed
2025-10-24T17:56:42.075961,ethereum_tx,0xacd5c000d64380ebd365e53a5717144f42319885a1151ea203eeaf4eb1c07b8b,9481666,0x3Da763C42E438eB17880fB6A83040d6cf13eF03b,0xFf00000000000000000000000000000000042069,0.0,0.001,confirmed
2025-10-24T17:56:42.075961,ethereum_tx,0x9c9b8f2aa050ef7e656f99a352401a78321c3c32fb6f4e1c2e752f2a54582de7,9481666,0x56FcBfd5e4d07eE49C58B3a0e3DF9A0310005944,0x956962C34687A954e611A83619ABaA37Ce6bC78A,1e-06,0.001,confirmed
2025-10-24T17:56:42.075961,ethereum_tx,0x5cec99357b979cd47eb2875723a269981b40ca2e026452d1f2f45715e1ebd145,9481666,0xB08d27cdac0d70774dc6EbafC7d99EaC3E546785,0x956962C34687A954e611A83619ABaA37Ce6bC78A,3e-06,0.001,confirmed
2025-10-24T17:56:42.075961,ethereum_tx,0xc20a813488e521687171f83a7d6354b6b3abfe1a702dd91003fc003147ba9259,9481666,0xB9dda213031EC9c96ed3f01d8358EA6Ba70ee23d,0x956962C34687A954e611A83619ABaA37Ce6bC78A,1e-05,0.001,confirmed
2025-10-24T17:56:42.075961,ethereum_tx,0x22f17bb2b6bae8f201e342659c167ef4227412d8b69ac6fee42cd2a014b77688,9481666,0x2524e14D30EF2f2419aD12D8048F6b797a2cCFA6,0x956962C34687A954e611A83619ABaA37Ce6bC78A,1e-07,0.001,confirmed
2025-10-24T17:56:42.075961,ethereum_tx,0x093ed6ec1fe41c0adf9c6bde2bf712b88ce7e813fdf3b2e05f7e7b201df03020,9481666,0x78411EcC79e238E6077b3f29Ec3191AA9ccaFe71,0x956962C34687A954e611A83619ABaA37Ce6bC78A,1e-06,0.001,confirmed
2025-10-24T17:56:42.075961,ethereum_tx,0x5150f75d83f09dfc564bb5f71d08fc219e50f6bcb0fea7142232300bb77adc18,9481666,0xeB23746F20CA8Bca63d99bf0c201c9f4892BfD01,0x956962C34687A954e611A83619ABaA37Ce6bC78A,1e-07,0.001,confirmed
2025-10-24T17:56:42.075961,ethereum_tx,0xb1bc4bb6957f7ee2e0981c709851066e96e10e843bc6f7fdddad7b8fa62586e6,9481666,0xAB3070DDa030ed0115b23AB74B7Af9B73b2781F2,0x956962C34687A954e611A83619ABaA37Ce6bC78A,1e-07,0.001,confirmed
2025-10-24T17:56:42.075961,ethereum_tx,0x789683006bea2c8ff96ecbfc24e688055cd93e59fe6f5d34f08054dd66b5646c,9481666,0xa20F74Bf625c6d64B353aA6d3B1f64c48099A26d,0x956962C34687A954e611A83619ABaA37Ce6bC78A,1e-06,0.001,confirmed
2025-10-24T17:56:42.075961,ethereum_tx,0x733af5f83f326d8194e871b4aa83cd7df1a44111a1b2f6d5c120d84a1e7b1c73,9481666,0xda99Bc27F8E03Cb88b7CC27B9317eE3cbBE77DdA,0x956962C34687A954e611A83619ABaA37Ce6bC78A,1e-07,0.001,confirmed
2025-10-24T17:56:42.075961,ethereum_tx,0x66646df2e5ae68af289dd4f253f63207bbc19c70669dfe3e68138d178cdbc5f2,9481666,0x69cDf38fc92276ece115B896fE2145C6a7ab3301,0x956962C34687A954e611A83619ABaA37Ce6bC78A,0.001,0.001,confirmed
2025-10-24T17:56:42.075961,ethereum_tx,0x54da818ec62844595cf8e3e7b6e1f853d783062d9baadbf3e8abaf11fc1dd257,9481666,0x9C8FaA60ac71ad698FA1E9ba77C7F409eF4834cf,0x956962C34687A954e611A83619ABaA37Ce6bC78A,0.000132,0.001,confirmed
2025-10-24T17:56:42.075961,ethereum_tx,0x79c0f4dd33ba037d873e95879b36f433ca829ff312c959f82566d150abc2a68b,9481666,0x3E2aEB729b82Edb5ce1Af01c02746625C71C79f5,0x956962C34687A954e611A83619ABaA37Ce6bC78A,1e-07,0.001,confirmed
2025-10-24T17:56:42.075961,ethereum_tx,0xcae804c30da631a4d7e664b34a15ec7c56298701ff5c446482c13b06e678e656,9481666,0x8Dfe90E5a0E285741723cdDEa9615ECbF6E2A2cb,0x956962C34687A954e611A83619ABaA37Ce6bC78A,1e-07,0.001,confirmed
2025-10-24T17:56:42.075961,ethereum_tx,0x62b9066cb431d6b983dcfc05315c5a3140398fd128c037779ded8c0989f29c43,9481667,0x8Cf9e09e6735cE09FC27631A5DCbc026f8cCd673,0xcA11bde05977b3631167028862bE2a173976CA11,0.0,3.000000009,confirmed
2025-10-24T17:56:42.075961,ethereum_tx,0x68e348785464144a8ca3ae33319cb43113a0d8712f95afc1189a50f9330aa9bb,9481667,0xc2c36161322DbC76a9Bb39fe70cAe4830e6b85cB,0x73B668d8374DDB42c9e2f46fd5B754Ac215495bc,0.0,2.000000009,confirmed
2025-10-24T17:56:42.075961,ethereum_tx,0xc44a77dfdd3ffd087ab494c8fc3d63bb657eaa9a4c023961ec9ec372c24ef844,9481667,0x9BbEbB8728Bd57bf9941d079d659FB6142EF105a,0x00fAB86Cc44a9de93bA104619626EFd0Ea6063B3,0.0,2.000000009,confirmed
2025-10-24T17:56:42.075961,ethereum_tx,0x9976db9b5c1d210c42ed529e8c3a8453170e87697bac9080bd434dc736b1a878,9481667,0x4e6116e7FDFCBa0112568CdC570a220cFB14a81d,0x51372558b0b9205E6c42d804311be7DaBE532885,0.20644059,2.0,confirmed
2025-10-24T17:56:42.075961,ethereum_tx,0xa6a0fd3bfdff68f5ecc806bedd0e676f147f9b7a4df01ed059cfd65708d85a9b,9481667,0x1C0120285EF87BE3f3d2284D5B81Cd70Cba4CC2a,0x51372558b0b9205E6c42d804311be7DaBE532885,0.461838,2.0,confirmed
2025-10-24T17:56:42.075961,ethereum_tx,0xf56768e1d23e59bf5ea301a3e5b811be62110c854f6c173712b825e7fa0d20ed,9481667,0x21C0c2C704360625Eb70D5B34103a6B1D6312838,0x51372558b0b9205E6c42d804311be7DaBE532885,0.36233065,2.0,confirmed
2025-10-24T17:56:42.075961,ethereum_tx,0x4cb75591822138ca7904bad963f75abc90482210dcbdec6b6f989e5ce12c4f0f,9481667,0x379261D90f66cB6F2348190065a97957dC020742,0x51372558b0b9205E6c42d804311be7DaBE532885,1.11944839,2.0,confirmed
2025-10-24T17:56:42.075961,ethereum_tx,0x8af314a33370705f7da445698cfb013d18142853f5e6629ac3ae2e02040b54bb,9481667,0xdc4BaDd36504FE631E575CD617b06b263CF65866,0xadDD620EA6D20f4f9c24fff3BC039E497ceBEDc2,0.0,1.500000009,confirmed
2025-10-24T17:56:42.075961,ethereum_tx,0x6fa46111edf4138dab0919a18ecc4cceffff698aae9bbe11a590302fa5969fdc,9481667,0xbFA1bA181a07bc4889e20280400D645189d80277,0x2A4496bbC344414e3bDbE6a8E7c40EF007DAeEd1,0.0,1.5,confirmed
2025-10-24T17:56:42.075961,ethereum_tx,0x244c92ebf0bc92d20e3c5f7b81d5ae509e964a5afbdf79359144c24f5d37e1df,9481667,0x2378317d20F628efE6C9c15d4fF6689695c01212,0x2A4496bbC344414e3bDbE6a8E7c40EF007DAeEd1,0.0,1.5,confirmed
2025-10-24T17:56:42.075961,ethereum_tx,0x6893370df891c259a3f0858d39d053de27749959749cad8ee15b8462d41708d8,9481667,0xC87412c0d7767Ee287D2e4B6F4a580c1087ECe1A,0x2A4496bbC344414e3bDbE6a8E7c40EF007DAeEd1,0.0,1.5,confirmed
2025-10-24T17:56:42.075961,ethereum_tx,0x5b3ea0c37faa99db703a6c1eabafca13c9f0c5857cc12c8e5b3a0deba1ea6022,9481667,0x7b0D3F61C1C4343D2Ea2e9aeC13cB4a7f04E0A5e,0x2A4496bbC344414e3bDbE6a8E7c40EF007DAeEd1,0.0,1.5,confirmed
2025-10-24T17:56:42.075961,ethereum_tx,0x1b13f224e3bd31f0f0d78850d8239a2dba419ad0cc169d3ce513da8a25397830,9481667,0x55418060A3F777BC740DE4cAcEE4E67D1B3E94F9,0x2A4496bbC344414e3bDbE6a8E7c40EF007DAeEd1,0.0,1.5,confirmed
2025-10-24T17:56:42.075961,ethereum_tx,0x212f1381f46e8a63bc604ea2e6d418e3128f8aae02752643e2d1d9d0d6e9af32,9481667,0x568921948c5Cb18D7ffbD4b31422Ab22197880A4,0x297F9E629fEBCB455aaC2208d36BD85a6eD5fa87,0.0,1.000000009,confirmed
2025-10-24T17:56:42.075961,ethereum_tx,0x3f142c99d4790b4d958821bf17d0fabc2d7945e188b38af1378f20b553b0a6ad,9481667,0xc4786b06b0F527B6DC034A9491e4Ca5EAcbd4276,0x00ccF7738245A8F8256D26fC84D6928E917698d6,0.0,1.000000009,confirmed
2025-10-24T17:56:42.075961,ethereum_tx,0x4472c55a27a8e48ccbec317b53039bfd2e3a441ec8c299b25a493c0b7064643f,9481667,0xA93314b0a8A2AB412ccaf4aE879854EB547890E2,0xfD4559b473fbcEABc0F68631646d6CEadF7B7040,0.0,1.000000009,confirmed
2025-10-24T17:56:42.075961,ethereum_tx,0x3e1a4c52447b0a4c77471d2a4f5ff7a926048a18d9463befac6e7e459b132de6,9481667,0xA93314b0a8A2AB412ccaf4aE879854EB547890E2,0xfD4559b473fbcEABc0F68631646d6CEadF7B7040,0.0,1.000000009,confirmed
2025-10-24T17:56:42.075961,ethereum_tx,0x75adcd0277681336db9bbd8ba6f4156f15d3bd6745d2242ecb335134c3a69e47,9481667,0x0F801fADe05143616983E0184f828797092a7bBE,0x0C2754257db00e44dc7785Ba6983a43d560C92C6,0.0,1.000000009,confirmed
2025-10-24T17:56:42.075961,ethereum_tx,0x1d27fef9c68f0d8ae007e09ed66e5712696ef14e974ba642266bbf1f84b1365b,9481667,0xF0FEd0C0192539a1076d8BDa1233f414704d98Be,0x00D22efF04CF7d0f5A355A6D9A06E43120398dA6,0.0,1.000000009,confirmed
2025-10-24T17:56:42.075961,ethereum_tx,0x6817c02376b0377d39c2817758a13a79723f92f32a2aac65c6a493be7c764bcd,9481667,0x06F5C815679E1323c87791bEC055Bc7afaEF04AB,0x445FeAc4bB99779EAe59C3BE74948149AC8bB0F9,0.0,1.000000009,confirmed
2025-10-24T17:56:42.075961,ethereum_tx,0x0e4e5cf64d93a93c9abfc3c3e01a338a9384cc3a2bc2f130f9ef90d34b1a02be,9481667,0x251B0Dc2f8dE5017423674Ba9A15dEfe0ba07F04,0xF24ad7ebbe408558e5CD84Fc15bA8E3430D202e3,0.0,1.000000009,confirmed
2025-10-24T17:56:42.075961,ethereum_tx,0x94043bd00030a5b9bfed9e194fb9304edf295893fd96a633219cd0a7d23efdc7,9481667,0x49a2F09A0C59f425A0b9958549FEB2Af5d8E2518,0xD74A3607E861C482F6bfBc072155649A37f359d3,0.0,1.000000009,confirmed
2025-10-24T17:56:42.075961,ethereum_tx,0xcdd3341fa09b5e41b840e1faf90ef6d1ef7493b03de3ff6fe92b650b27cd554c,9481667,0x04FbDCcD98E3A7c7CC40B15E2E1E13d2842D7Bf9,0x2Cf848B370C0Ce0255C4743d70648b096D3fAa98,0.001,1.000000009,confirmed
2025-10-24T17:56:42.075961,ethereum_tx,0xd87a8265aac58d6428ce210353c967900a7f92dbde039ba5a0ede856b8192238,9481667,0xe7F65cD5c17fcEF2B4c194cA0576eACd0bfc6f52,0x00074B4a66ed1570B0915Bb596e000380A890e83,0.0,1.000000009,confirmed
2025-10-24T17:56:42.075961,ethereum_tx,0xef13a68db246602501badb50beb1cfb783e665f84ef25ee87a068247813abb87,9481667,0xc8E400FE8594e3AA7332802F9c51109BcBD488C5,0xFf00000000000000000000000000000000048898,0.0,1.000000009,confirmed
2025-10-24T17:56:42.075961,ethereum_tx,0xd03df5f603374d73b863ee0c2e6fcfe6fab3568bb5840a96858c3940243b4eb3,9481667,0x5Eb2341d1adc7e008fADE9a17f84E1CD09078a5E,0x00Ef1E4644F719F15aBaf4Ec0c5e0CAE7a63f317,0.0,1.000000009,confirmed
2025-10-24T17:56:42.075961,ethereum_tx,0x207fc098677a12642c941d111fb73784da8a655852b6d6eda047e9d29877ec66,9481667,0x75AE8B6bA31f09C5a09d3FDE0Da801f3AA72e280,0xf993E10C83Fe26DddFc6cb5E82444C44201e8a9C,1e-06,0.020000009,confirmed
2025-10-24T17:56:42.075961,ethereum_tx,0x63e99596409f39c170759bcb4cf1d5ca12b1b2990209e42feec5c6c7b218031b,9481667,0xA845b845dF135e3d9bAFd8Ba0531d88eac9f35E6,0xf993E10C83Fe26DddFc6cb5E82444C44201e8a9C,1e-06,0.020000009,confirmed
2025-10-24T17:56:42.075961,ethereum_tx,0xa37cca5c5b139b34cea3ae7a4b62f3ca559df7d6c6213d8e66ff6d6da41b13c2,9481667,0x007e80b9c1dbA53fb01d9883679E5C0f8B321659,0xf993E10C83Fe26DddFc6cb5E82444C44201e8a9C,1e-06,0.020000009,confirmed
2025-10-24T17:56:42.075961,ethereum_tx,0xbeac7eb20286cde03db9363e2a74f953020cfdf1e467feed708862f00f04adb5,9481667,0x626365Bc1436bE09f52B2ECB2B618b133CF325bB,0xf993E10C83Fe26DddFc6cb5E82444C44201e8a9C,1e-06,0.020000009,confirmed
2025-10-24T17:56:42.075961,ethereum_tx,0x4f088fcc7a6b05480bba0e9e160d8480683e2654660aca8cbb48baf45a31cb6b,9481667,0xb3a1956Cff1ecc8054B81b0C83b9847CB71384b8,0xCf8EDB3333Fae73b23f689229F4De6Ac95d1f707,0.0,0.005296937,confirmed
2025-10-24T17:56:42.075961,ethereum_tx,0xc7e5e379116d04b56406e90dd41dd417f004bffd06be091b63e5be76b5c81348,9481667,0x8CA61190fFd2Cc9E61Cc2Db6133534604480C60B,0x956962C34687A954e611A83619ABaA37Ce6bC78A,2.718619126024e-05,0.001500013,confirmed
2025-10-24T17:56:42.075961,ethereum_tx,0xe4005f310ca1b55e8b449b688c4905dcb08b140b6ee9e320b4f7869640ba50f1,9481667,0xbAc0d304468991dA874589fD6bAF08Ea2c47DD4b,0x956962C34687A954e611A83619ABaA37Ce6bC78A,2.01370263137e-06,0.001500013,confirmed
2025-10-24T17:56:42.075961,ethereum_tx,0xb5156310946419860a49e3301bacadef41f6a722f08caa54e9b1f16f8d53914f,9481667,0xB5988d5d9ADd3d98CF45211bE37cf9b3372054C9,0xd0dbB2486e3Fbf371D1B2e35Fa330bef6529d2f4,0.0,0.001500013,confirmed
2025-10-24T17:56:42.075961,ethereum_tx,0x01374c089c4296da8499c2cf1ebcac9a3ace3c9b46573f1d5cf9f57e1cb6deab,9481667,0xB5988d5d9ADd3d98CF45211bE37cf9b3372054C9,0xd0dbB2486e3Fbf371D1B2e35Fa330bef6529d2f4,0.0,0.001500013,confirmed
2025-10-24T17:56:42.075961,ethereum_tx,0x47d27a7ec3c5ee6d5e9706a4af66ae8ad79d9cbfd373e65364d79247f88d3403,9481667,0x6676296E4e1873fc88A4FDF035A40c7032da6390,0x956962C34687A954e611A83619ABaA37Ce6bC78A,0.001,0.00120001,confirmed
2025-10-24T17:56:42.075961,ethereum_tx,0x84e8a463d0b1030e69888041a52cb3c0e51a8a8769f5fc9c39023e4bc1896ad3,9481667,0x65141CA3329DA9A83458017474b5Bc62097Cf24f,0x69C6b28Fdc74618817fa380De29a653060e14009,1e-18,0.001200009,confirmed
2025-10-24T17:56:42.075961,ethereum_tx,0x60a17aea5580a90dcecc63134391dec63245da51c4eab25aabcc860afb0bf6d7,9481667,0xf6aC8a8715024fE9Ff592D6A3f186E2B502B356a,0x1417178178d35E5638c30B4070eB4F4ccC0aEaD0,0.0,0.00110001,confirmed
2025-10-24T17:56:42.075961,ethereum_tx,0x0bc97a8ff42d5247a1adf2948aa5b2d13e7e47a49ab3ccaffdf2ffbbed0dafce,9481667,0x15095Ec8FB1Fc9C664b3223459dFF43158ACe7aD,0x4A5F10E57A6D661D0cdA5bD727aC1968C1E03053,0.05,0.001100009,confirmed
2025-10-24T17:56:42.075961,ethereum_tx,0x4ddc6f6420e721a3f530bae03c80fbc2fb849ef41ea86e9ef7296b7b6a1e83ad,9481667,0x58F92be9DC0B9c6D84BDC4F01429a204C94b058e,0x3eDF60dd017aCe33A0220F78741b5581C385A1BA,0.0,0.001052641,confirmed
2025-10-24T17:56:42.075961,ethereum_tx,0x6d75676cfc04d1136e0a45af1e4e18d56c6bcf00075829385de2e9bb691d53f5,9481667,0x0c9cD49378ef12245Bba0B40C08870AfBA3947E3,0x3eDF60dd017aCe33A0220F78741b5581C385A1BA,0.0,0.001052641,confirmed
2025-10-24T17:56:42.075961,ethereum_tx,0xbea412dd46a3cc1af74a0b549bdc3ce0e802222016e85d700fc9dd00d6e2c309,9481667,0x5d72984B2e1170EAA0DA4BC22B25C87729C5EBB3,0xd4116f515A6958da851080B390DDE4B81f408978,0.0,0.00100001,confirmed
2025-10-24T17:56:42.075961,ethereum_tx,0xe752a9290bba19d8b5d573d7fc8781f54cee2a0702d08f77a2e3dd652bda03d4,9481667,0x8D69Ec4029c7d634a06FaB50da4b538499FC8598,0xC6E13d97d73721ecA623F6d6c77ceBAFD2fF6431,0.0,0.001000009,confirmed
2025-10-24T17:56:42.075961,ethereum_tx,0x0381d117ef4e4b7b1cff245dd9cbebd4e492a75502927ac581a3d06997dbc2c9,9481667,0xcB499cf9d71FBD345e9BF8A37434e5C92d290Efc,0xb3975b4294ed871013d2B47ADe5da9015Df5C54a,0.0,0.001000009,confirmed
2025-10-24T17:56:42.075961,ethereum_tx,0xa3610a9e87c4d263a561071be23da8b923eee50512acd9d6a2ccaff9993a564d,9481667,0xcc7a3706Df7FCcFbF99f577382BC62C0e565FcF0,0x0a75d56Bc081dEe7Ff837630a216f1702B14978e,0.0,0.001000009,confirmed
2025-10-24T17:56:42.075961,ethereum_tx,0x3076093f2c20f3fe06eda231e3af23b163729cabd1cd69c23c574d4016980c09,9481667,0x9f78E00Ab5E79670679eA843b312fA09b1D951A9,0x03C66CB1826BDB0395BF31E68Bf7E873e9564fFB,0.0,0.001000009,confirmed
2025-10-24T17:56:42.075961,ethereum_tx,0xab518a2565678865686e999f3b71170b8088a847ecf0881ad2cfa36016062511,9481667,0x79B49c39454362b375185F1dAD12A78852170daa,0x03C66CB1826BDB0395BF31E68Bf7E873e9564fFB,0.0,0.001000009,confirmed
2025-10-24T17:56:42.075961,ethereum_tx,0x55ac1011a9c65dd0503d108796505c9666f347e462d144f1f116f68330dba9d3,9481667,0xA74b419ED8b10Afbe60Bfa809C84F01e6CD970a9,0x87A3effB84CBE1E4caB6Ab430139eC41d156D55A,0.0,0.001000009,confirmed
2025-10-24T17:56:42.075961,ethereum_tx,0xf0435fc84947ca00594d6477b3d92e61232c3f2fcf0a1a1969c715162720b3a4,9481667,0xFd4A64d3F546f0dF86b6F5fEbf78728769DDD99F,0x18e75dAbeD7aea55DA355ACB6165F38fd9FC6111,0.0,0.001000009,confirmed
2025-10-24T17:56:42.075961,ethereum_tx,0x56e21d1275f96bb98e1bafb970dcaac1cedb3018f74ce71f323f239ca413ed21,9481667,0x6d95AbF89c16Bb1682DEa4b31C85e311D569567e,0xEa1499503adDDC74Fc284a5707D29bCAc8cd48ca,0.0,0.001000009,confirmed
2025-10-24T17:56:42.075961,ethereum_tx,0x587d4cfe7602e0b48ad2736abbe64296acf7f0c07f80f6f1798eacd6be8ca02c,9481667,0x36760519827d082E2bA5aaCF7fe2EB3272978F13,0x08d2b0a37F869FF76BACB5Bab3278E26ab7067B7,2e-05,0.001000009,confirmed
2025-10-24T17:56:42.075961,ethereum_tx,0x256b169f370425253b0775168f58253ee16bab042aa3c30f8724cb43049b6d86,9481667,0x6d50EDC485a5c5C8E57e45994de1C8f8A11A7cee,0xcfD5dDc974005CDfCE04286a4E96a28Bb9366b8c,6.3e-05,0.001000009,confirmed
2025-10-24T17:56:42.075961,ethereum_tx,0xa8d786dc773d76d870927607e566a5974eb5162c7a2a36e69bd87c52a288d67b,9481667,0x686Fc0f0a04b1564aea07a2a68C1c7A2a141C6a8,0x03C66CB1826BDB0395BF31E68Bf7E873e9564fFB,0.0,0.001000009,confirmed
2025-10-24T17:56:42.075961,ethereum_tx,0xb0e5912d92b198260b0a3942ece39e668f6e3fb83573549d0382bcfbc80e5474,9481667,0x4f70C13Bec4f452167eb27Ecf8Dd4066Da89dA09,0x0000000000000000000000000000000000000000,1e-05,0.001000009,confirmed
2025-10-24T17:56:42.075961,ethereum_tx,0x4831eeeeb805f61e929f1f1b61166b58b51c63d87fabbb7efc7d33207f22402a,9481667,0x894CCE5Cf703D3Cde22bA9930F8B01d78C795651,0x03C66CB1826BDB0395BF31E68Bf7E873e9564fFB,0.0,0.001000009,confirmed
2025-10-24T17:56:42.075961,ethereum_tx,0x4b56f2d0d2bef3b7cdc53c4f09d96fb4527f20e264efef217938dce88a2a499d,9481667,0x7153852766e2E2aC23fA90E5D5FdaFCC59C5CEed,0x6f004C2b7aD277c26261bcb3B7a63658E7dF9aD5,1.61e-06,0.001000009,confirmed
2025-10-24T17:56:42.075961,ethereum_tx,0x91f46e8c62103f1266f70a2c1867ceaed5bfe40eb6162ed132a355d77d80f4e4,9481667,0x2dFd65fea95061E488Eb84BE033a310E17E8D87b,0x2c02c4F3DB094788bdb60C093D96F834F0FB4bcE,0.07173420930068086,0.001000009,confirmed
2025-10-24T17:56:42.075961,ethereum_tx,0x2759a735f1017b6369db92c12829eeeb2d1846519f5a47db39573e89657b83e7,9481667,0x08Ead59BD1311C854bf09aD56A6d89a7c3DCf503,0x03C66CB1826BDB0395BF31E68Bf7E873e9564fFB,0.0,0.001000009,confirmed
2025-10-24T17:56:42.075961,ethereum_tx,0x6b9bef8970f085b710cda6f8cc4b27762af27cd98d5198c6992744158f12d1c4,9481667,0xbfB331f5383C9dE87Dba14E0229C9e46B2Aa33C3,0x853758425e953739F5438fd6fd0Efe04A477b039,0.0001,0.001000009,confirmed
2025-10-24T17:56:42.075961,ethereum_tx,0xa0d34d697bf318848fa6dcd23ff06d21f5121c204bf13781cccffed22427100b,9481667,0x26886d3A7d1d46D9F1382bECeF14fa0C7e247Bf5,0x03C66CB1826BDB0395BF31E68Bf7E873e9564fFB,0.0,0.001000009,confirmed
2025-10-24T17:56:42.075961,ethereum_tx,0x2aaf002c4f8eaf786168c75f1723097be37f98eae428eee3bf9ae81c4a7b017d,9481667,0x0eFd0baf52feb154a8A1677CBdbeaAf350D85d3C,0xD075947507Cd6069B22E03E0f329841958fF842B,1.32e-06,0.001000009,confirmed
2025-10-24T17:56:42.075961,ethereum_tx,0x838ad62932bb75cf8070e6e22b8e5222d2683e30e7c9cd7b9cc1d476927b2b6d,9481667,0xBdEdB0bf52dF7Af7575d87011eD5c4D0FD832Ce7,0x87A3effB84CBE1E4caB6Ab430139eC41d156D55A,0.0,0.001000009,confirmed
2025-10-24T17:56:42.075961,ethereum_tx,0xc7dfb34c933c4068b29fdc512099e638b9d152c66d7b852dc80bacb11c783d46,9481667,0x0Ba98B78fd93721879e92963C1ea31401171CC41,0x87A3effB84CBE1E4caB6Ab430139eC41d156D55A,0.0,0.001000009,confirmed
2025-10-24T17:56:42.075961,ethereum_tx,0x3bdea1e98c8a82d752cc0245b9e6665d22e2151fe234392fd7fb370a99d14277,9481667,0x20E3DE02735E18885bb95aa36F40E61b2D4a52F5,0x03C66CB1826BDB0395BF31E68Bf7E873e9564fFB,0.0,0.001000009,confirmed
2025-10-24T17:56:42.075961,ethereum_tx,0x5b303ad4e9748c9f69618e07a5cd6444d2f26d35a94abd90c0253fe8fcb57313,9481667,0xC180805d6c52f1E4Cb765030CAEc6B3BD455892e,0x03C66CB1826BDB0395BF31E68Bf7E873e9564fFB,0.0,0.001000009,confirmed
2025-10-24T17:56:42.075961,ethereum_tx,0x49b1fb2d15341d5881d250f6fb637ba3ec0080763fb1197005c28f8d0a81b537,9481667,0x39f310995e8B77252e4d282086104f107486D8a9,0x03C66CB1826BDB0395BF31E68Bf7E873e9564fFB,0.0,0.001000009,confirmed
2025-10-24T17:56:42.075961,ethereum_tx,0xa0142a6ac2fe042c18a8684b3359f22148890e4206624272d6a4bef57ebb3792,9481667,0x9716f049A6851c750173d23ACD3A9970Fa2E06D3,0x93fACfb642917529A9C7354545F6444239eF6Ac9,0.0,0.001000009,confirmed
2025-10-24T17:56:42.075961,ethereum_tx,0x7a1f61f8267cea9b6d8e9feed530275e288a6038f20774b224afa61f07d18e79,9481667,0xcD12Ed9b63603bc9685Cda552c0156d9b297b41F,0x87A3effB84CBE1E4caB6Ab430139eC41d156D55A,1.4e-05,0.001000009,confirmed
2025-10-24T17:56:42.075961,ethereum_tx,0xe5e909c7590a5cb664896e8355163df1da20d37987efd8ea7bae1d2e1a5ecb50,9481667,0x8D7A26d8122F5Eb66a27B9a65fEF25556413C575,0x93fACfb642917529A9C7354545F6444239eF6Ac9,0.0,0.001000009,confirmed
2025-10-24T17:56:42.075961,ethereum_tx,0x61841931c6101edecfc28fac620819fb541dcaa9624e99b24d1d15177d52a93c,9481667,0x0f625bD1bAB39396DaE1D855264c473C0fAcE85c,0x08d2b0a37F869FF76BACB5Bab3278E26ab7067B7,6.66e-05,0.001000009,confirmed
2025-10-24T17:56:42.075961,ethereum_tx,0xe0d0e9063e35a8f24a4ab0b60ad13bdcedd152ef0f99a41db42cbad037a5ed62,9481667,0xD9599db6B0ad62b4E79c78E3296693EB899b6038,0x2eD1474706cc3D5B754281D4D43b84CAB676b1E2,8.2e-06,0.001000009,confirmed
2025-10-24T17:56:42.075961,ethereum_tx,0x76c78567f40398fb4bee6e72fd4a7d8418f4a4594d7ae340c3fc6c206e854e4f,9481667,0x71A6D6a1ca08FFC667F85050f72d9aAE327Aa29A,0xB440907E5f80C931d3ada7d392AfEa4C2828c5e7,5.4e-05,0.001000009,confirmed
2025-10-24T17:56:42.075961,ethereum_tx,0xda646382fe5d495e3695662d90cfe6f0c6f99184672f2207c7c53b3926a5a486,9481668,0xfc56E7272EEBBBA5bC6c544e159483C4a38f8bA3,0xfF00000000000000000000000000000000084532,0.0,16.000000009,confirmed
2025-10-24T17:56:42.075961,ethereum_tx,0x58c76da78ee5a6d50bbf38dac00769c8fdf598cf2d16b28e35c99b60ceed1846,9481668,0x3C95c2633296B264d051498C4b2e982EbB526A53,0x3C95c2633296B264d051498C4b2e982EbB526A53,0.0,4.1,confirmed
2025-10-24T17:56:42.075961,ethereum_tx,0xa0be778fa8e4499d139aacf0738b51f0b38fae5e157f8194f446494046a708f6,9481668,0xBd43FeC5F67ef3153797AD786E7a3d20fe92b72f,0xcA11bde05977b3631167028862bE2a173976CA11,0.0,3.000000009,confirmed
2025-10-24T17:56:42.075961,ethereum_tx,0x14cc13c057035ba32be7e0bd38fa1f22f4e05054d3fa0547e613aec79436453e,9481668,0x55A07F9f7eD7F110c2Ddd8f2f5d8677Dc94aF4E2,0xeA30c4B8b44078Bbf8a6ef5b9f1eC1626C7848D9,0.0,2.200000009,confirmed
2025-10-24T17:56:42.075961,ethereum_tx,0xb0d3791edcbc82a94306e2c89abe6b6c5e592c3969a66efb4541103d301f7188,9481668,0x6Cc9397c3B38739daCbfaA68EaD5F5D77Ba5F455,0x8bC34CE70714502068B79356Ca6906aF55DfbB95,2.5,2.000000009,confirmed
2025-10-24T17:56:42.075961,ethereum_tx,0x803c949ec68d6a63eef561bcd835dfec2f8370ba396a1ba0896564eac3879bdc,9481668,0x7FA3e6393D8aA34b95F87c4f875A14223C4FAEf0,0x00d6dD19efaecf34B4D15994AF160FedA3f7dcAC,0.0,2.000000009,confirmed
2025-10-24T17:56:42.075961,ethereum_tx,0x9a5342dfcdbb290adc8c1c1ef7342f556be402c13cbc4b77e974a82f1d3aebed,9481668,0xe7F38E2D57a0eA80240B5E65A69AF66812CbCd0C,0xc38762Acbac009F0F4BB0453708735331F5D2A3c,0.01,2.0,confirmed
2025-10-24T17:56:42.075961,ethereum_tx,0x1f900df831e78c12d75dad62b2485160da673342263354b56a843282d0df02b3,9481668,0x0eCbaD0f2757FfdB089ef446430916aF77a82caa,0xE78C74907EECA9C897DAd657cA770c6c9B92E5C5,0.0,1.500000009,confirmed
2025-10-24T17:56:42.075961,ethereum_tx,0xf5fa9dd5ef7263bd2a4846ad2887a89a8b10fcbb31b1c6d5db92dcae44e42aa3,9481668,0x25D40008ffC27D95D506224a246916d7E7ac0f36,0x3692aF62148947126f1A1E4010f508892e586B96,0.0,1.500000009,confirmed
2025-10-24T17:56:42.075961,ethereum_tx,0xf30ca81b79fef47cf4393106b03b67fbf117af4519f6133c8ffd9815d6a76600,9481668,0xC88DfFCC3D7492D23A06cdf97C2fEFb165B6cC9b,0xCb47f0bb29f44e00fbb00324f0E104330Ee1072F,0.1000016506600504,1.500000009,confirmed
2025-10-24T17:56:42.075961,ethereum_tx,0x193780ab0b62cecbd7d7103d21ce831aa01d681378587a3c3a12dcf6ee5eccd0,9481668,0x96bDC6b5dFB67deBbae37Ec582193c61217d13B6,0x87043a5a759D2A47DA5270e59E62679aab1F13D8,0.0,1.500000009,confirmed
2025-10-24T17:56:42.075961,ethereum_tx,0x3c9a6a15aa40598743d3ff49f90d0de233f13231e054930f8291b03456ecdee7,9481668,0x627213A2A9e49c2868cA0ddb1541d1F235d5Be03,0x7cb512008ECD844FCab522d1F8683aA6a8Dd075B,0.1,1.500000009,confirmed
2025-10-24T17:56:42.075961,ethereum_tx,0x498eb6e74b20c624d5327cbc17f50437cd993d3d34f6de569a910b1b75bf69ab,9481668,0xc150eD8eEe9B61a8dA1f2BaCE3087CA845d1Cb81,0xc150eD8eEe9B61a8dA1f2BaCE3087CA845d1Cb81,9.999e-09,1.500000009,confirmed
2025-10-24T17:56:42.075961,ethereum_tx,0x8a29954036f5d34df4294647790844a047c00d25a7aeecfdf47a078722f260df,9481668,0x5E415aD9F91ba2fFE78c053eD90Dc3CE0A171C91,0x2A4496bbC344414e3bDbE6a8E7c40EF007DAeEd1,0.0,1.5,confirmed
2025-10-24T17:56:42.075961,ethereum_tx,0xbf2c0b194dcdf2614a8ac4df9eef097a9163145fceab40d7c3f733b18fe224fc,9481668,0x8CFC2644e690D45709B9B8FC87B055c1771dD8FD,0x2A4496bbC344414e3bDbE6a8E7c40EF007DAeEd1,0.0,1.5,confirmed
2025-10-24T17:56:42.075961,ethereum_tx,0x9a7a219b9e227601e17ebcd757c506d3a69ed6f8b29a9534bd6c58c71dbac658,9481668,0xc39Ab29406cf7F5e6eD12320B667F5A26ce9127b,0x9b94B4886A8151299c62F6e6289e19230c298268,1.11e-05,1.5,confirmed
2025-10-24T17:56:42.075961,ethereum_tx,0x00674c1ad4f269c108eaf624976f94815b3fc10e05c622a3e5a82336c8ce4214,9481668,0x63B3c43DC73936F6D43dFb61Cb736aDfbe8f0541,0x6d97FD868bb5Cc95DE826a65e1DF7fA742AcF518,1e-05,1.5,confirmed
2025-10-24T17:56:42.075961,ethereum_tx,0x19b65858b777f7655aad61ef5179b60f2411763d657c94104327c9050e477bcc,9481668,0x7D1E1555Be66c794eb1E382D3e90AB6947e3307F,0x2A4496bbC344414e3bDbE6a8E7c40EF007DAeEd1,0.0,1.5,confirmed
2025-10-24T17:56:42.075961,ethereum_tx,0xe7596f4e3b3a870f782e0d13f3f9ea055a196d8a329a2cf99937076851f7f049,9481668,0x5DA8eF4603D0a59acb9B0BD73a72E1ee468A44Dc,0x57c5dC670eB6f571bDD8Fc1CF178c46c9A917A74,0.0,1.5,confirmed
2025-10-24T17:56:42.075961,ethereum_tx,0xa29f788281b2d4f2bad2ed9456bc57dcb132d042ba199e099b74cd512893d13d,9481668,0x4C86bB55922f904CbFbC99BB9EE08fbfA99355D9,0x2A4496bbC344414e3bDbE6a8E7c40EF007DAeEd1,0.0,1.5,confirmed
2025-10-24T17:56:42.075961,ethereum_tx,0x5fae0c09ff2e85ab28ddb03ee93fcf9e1fe3ba61359d035fe6e84d50543fa725,9481668,0x293c02Fa6323f3660c605547DF44Feda52c6A834,0x2A4496bbC344414e3bDbE6a8E7c40EF007DAeEd1,0.0,1.5,confirmed
2025-10-24T17:56:42.075961,ethereum_tx,0x58413a13044bf5e3a830000717c0513eb51640261b349391095a82c9f6aa224f,9481668,0x758bADcc4760Ce3f569026D61EaA130F70db8851,0x57c5dC670eB6f571bDD8Fc1CF178c46c9A917A74,0.0,1.5,confirmed
2025-10-24T17:56:42.075961,ethereum_tx,0x22002c7f9faa67f5979bb09e1973012895ee25e8f5609c7ca6c5b40a13850a8e,9481668,0xF6b87F0B1c1c22BDEEa68CADA830B8525A66B56a,0x2A4496bbC344414e3bDbE6a8E7c40EF007DAeEd1,0.0,1.5,confirmed
2025-10-24T17:56:42.075961,ethereum_tx,0x7e045814a9364393648c2ed7fa751fa47f1677e2b7e9757b057a5b78ae9243e7,9481668,0xA97668B86feED20fB1425Fd6Aad110C1b38ed680,0xd3256A9836a3DA7a9cff337D89DeD0a8f630Ef8f,0.0,1.000000009,confirmed
2025-10-24T17:56:42.075961,ethereum_tx,0xcce840f769a6a2473ed7a17566137a538a98b1d02840bf0bbabc0044e26b62cb,9481668,0x915f69d7c1ed69c26182DC7E87e74ac03Be10628,0x34041d45AE65F80b40d01Fcd196C2d53c0e0B2c4,0.0,1.000000009,confirmed
2025-10-24T17:56:42.075961,ethereum_tx,0xacd1d7ae7caec3e30d4abfbdd8a1e60482032e6c6d819d038eed14a6a282f2ef,9481668,0x9041cAC58f326392478AE65320f5FD5a1BdA8A0a,0x5F4F344d16aa165344a3f35c919C7Dd0875c0075,0.0,1.000000009,confirmed
2025-10-24T17:56:42.075961,ethereum_tx,0x82006aae520760fdf1e4a83122f6725d318c2c6e259100a4cff128eaa31fbd75,9481668,0xF0FEd0C0192539a1076d8BDa1233f414704d98Be,0x00D22efF04CF7d0f5A355A6D9A06E43120398dA6,0.0,1.000000009,confirmed
2025-10-24T17:56:42.075961,ethereum_tx,0x751ef7b511e900b73d0d3a520a9880ad2c886965d3f4329eecbe5641f967ac7d,9481668,0x396F2A890F790470c984249D4302df089440C9A7,0x248894108C9e5c64B195f0482aFf4415021B002E,0.0,1.000000009,confirmed
2025-10-24T17:56:42.075961,ethereum_tx,0x1f53fefc277cad01fdd05a797559a0af9fd7c72bc0bbf74d8c4a1b5bf0787939,9481668,0x001C124488545022f32c963CAFA2CEf7fCb2796F,0x5627B89Ec33CEce4D22Cf99d6C775490de31d18D,0.0,1.000000009,confirmed
2025-10-24T17:56:42.075961,ethereum_tx,0x93adc22559b5f0374b9f7df136c01b5598f5a1843f2061e4356976e8ed41b7ab,9481668,0xe1ee4fF2833f1F35F4a095FEed8C91901469908A,0xe837cA440131639A392d1408877ef74f14fb9bbb,0.0,1.000000009,confirmed
2025-10-24T17:56:42.075961,ethereum_tx,0xe50b37056ae53706f7c4fae6970f7189ba07c72cdd57c0153cc53e8369ba90bd,9481668,0xAf6b508bF1f658fa9DF0FEB1E431b3334E1EC8fA,0x18bCB94F6334100A6f9b942D7E5DF214287238b0,0.0,1.0,confirmed
2025-10-24T17:56:42.075961,ethereum_tx,0x45a0d1a021b232044f0707c11d2ffb7695c2df694b9677b51cfa4a03164c078f,9481668,0xAf6b508bF1f658fa9DF0FEB1E431b3334E1EC8fA,0x18bCB94F6334100A6f9b942D7E5DF214287238b0,0.0,1.500000009,confirmed
2025-10-24T17:56:42.075961,ethereum_tx,0x6ab923af2d24563ab63d8fb9647ea93d0937631af385413f992cb3a30d210499,9481668,0xBfdAA7CeB85bDd2B858c6906bb15A7b68c74926C,0x2f1fD5282bB46F05456fb039221C53E6d9d1F5a4,0.0,0.050000009,confirmed
2025-10-24T17:56:42.075961,ethereum_tx,0xc9c202b8747f421dec3f0783f18d16bb1778cca95fab35b4a576415b363248e7,9481668,0x672Ab4455ED5704bBdCE37872336ca9e0cc1DC2f,0x9f54e6A87429E7bB2fe7B9f0ACCA3A31560FF198,0.0,0.020000009,confirmed
2025-10-24T17:56:42.075961,ethereum_tx,0x0b71dddc981f9b320a1848131278f1a3d2b80193bef6ac9d4f3a7688546c15b5,9481668,0x093A3408B3C154cB0C55E235F5613dda34484cba,0xf993E10C83Fe26DddFc6cb5E82444C44201e8a9C,1e-06,0.020000009,confirmed
2025-10-24T17:56:42.075961,ethereum_tx,0xd98cd3bec05c69ba0077c6599c5393450d48c6f115d9881a5c71bc8836bf2932,9481668,0xE85781aE982c7ee82A272734DfE075b91b58472c,0xf993E10C83Fe26DddFc6cb5E82444C44201e8a9C,1e-06,0.020000009,confirmed
2025-10-24T17:56:42.075961,ethereum_tx,0xabde0c0b051ac0954f7882a63053289a74099bfb8fe43a268d3f1ea756a6b2c7,9481668,0xA4B9C62DED9614728a32Bc0E5fed81d5554CC539,0xf993E10C83Fe26DddFc6cb5E82444C44201e8a9C,1e-06,0.020000009,confirmed
2025-10-24T17:56:42.075961,ethereum_tx,0x6355702ca751a89e04805bb37c676731bcaf80b01360f237790da62adf46596c,9481668,0x8985be63DC6b6e6C8BD537F2D83e25a97D2E4E8f,0xf993E10C83Fe26DddFc6cb5E82444C44201e8a9C,1e-06,0.020000009,confirmed
2025-10-24T17:56:42.075961,ethereum_tx,0x00ed05c2622fe8d1881ad8fb52dd7145749ba25118317641cc6445c49c779c9b,9481668,0xc9b174b565dfeDa4FD9D6e7c75542Cf58842Aa52,0x9f54e6A87429E7bB2fe7B9f0ACCA3A31560FF198,0.0,0.020000009,confirmed
2025-10-24T17:56:42.075961,ethereum_tx,0xf577bea7ac30abf2b4f846bf9c445820755c0923dbeb2f17a2d0b1c9d4ef6450,9481668,0xb3a1956Cff1ecc8054B81b0C83b9847CB71384b8,0xCf8EDB3333Fae73b23f689229F4De6Ac95d1f707,0.0,0.005774374,confirmed
2025-10-24T17:56:42.075961,ethereum_tx,0x5a879655e40c3f8d47e6c3c21e2886e69025aa4ccfbc2395b86acebcf0f9ba47,9481668,0x4BA56bDa2009816e260921970041d6Eb005D7272,0xC764A997C86dC22B50Eb637626e3f46bfd82534A,0.0,0.001500014,confirmed
2025-10-24T17:56:42.075961,ethereum_tx,0x235a241c2b754ae58c3851970b55778acd22f061d7c3a97e37a0d2d0234aee03,9481668,0x6d7927C0D236388319864007681BC0C6b844Def8,0x12e1181a741b70BE6A9D81f85af3E92B6ba41897,0.0,0.001300011,confirmed
2025-10-24T17:56:42.075961,ethereum_tx,0x6d0edebc671daf480027837b7091b560864589708279e80d20a9d32930de8224,9481668,0x0530CD763828cdCBFE7fD6e1239bBd8c96F0E8eE,0xB88Ca91Fef0874828e5ea830402e9089aaE0bB7F,0.0,0.001200011,confirmed
2025-10-24T17:56:42.075961,ethereum_tx,0x7dbab59a0432386f055f4664a570627855c71c01817257ad45d032f413e74a41,9481668,0x851fdcb4e6b7739A88c3875722ce3Daf6d206f1b,0xc6255a594299F1776de376d0509aB5ab875A6E3E,0.0,0.001200011,confirmed
2025-10-24T17:56:42.075961,ethereum_tx,0x1f4c3e41cb04b2e1ed8b29f7b4e5d8bd7c8900e5ffd6353320a7b03a9c36ef42,9481668,0xC088Db0D32639182D4a3C13FcC34B51e0F052578,0x0e799F44B4EAFAdC008205e75CBA36dd32ac55b2,0.0,0.001200011,confirmed
2025-10-24T17:56:42.075961,ethereum_tx,0x52e093fa79d67048e028a90321626696353e4187d12d41488ab2982e9c1ffcf0,9481668,0xd25DB2Ff2263A31b192EE117eB83E7792C01d58f,0x956962C34687A954e611A83619ABaA37Ce6bC78A,0.000203,0.001200011,confirmed
2025-10-24T17:56:42.075961,ethereum_tx,0x61059581826593c9f35e54ae3d7b4e50b5027e868579d386f6e0f83484c83444,9481668,0x68ED36eE90E5A6Cb757090898AC6Dc26E0662469,0x3eDF60dd017aCe33A0220F78741b5581C385A1BA,0.0,0.001052641,confirmed
2025-10-24T17:56:42.075961,ethereum_tx,0x507c42041e5ffb0427a6c0eb1739d0d7063d56d3b3beb9e3f5d38280750b304c,9481668,0x261638cebe8610471E33BCdE49fa09956Fb6fdE7,0x7215691F60C4fA7Bb82c5Ac44c7d57dc32bB0493,0.0,0.001050009,confirmed
2025-10-24T17:56:42.075961,ethereum_tx,0x4ae61b0d5d7be546538c084368bba4b68f2208ed3eadae9b70a0187cc4567552,9481668,0x5d72984B2e1170EAA0DA4BC22B25C87729C5EBB3,0xd4116f515A6958da851080B390DDE4B81f408978,0.0,0.00100001,confirmed
2025-10-24T17:56:42.075961,ethereum_tx,0x92c7fa2858c382896a112cc627c98829886cfa5e77dbf6d9d8e44b88cfb8f689,9481668,0x107d06ed747ECf5E79aBd82e726Ce0640EcadF76,0x03C66CB1826BDB0395BF31E68Bf7E873e9564fFB,0.0,0.001000009,confirmed
2025-10-24T17:56:42.075961,ethereum_tx,0x2c1c3d0d93de7d5e1be6cd066bf9a7a5f4fd7eed95b8c6f10b7aaea475a4e065,9481668,0x8D69Ec4029c7d634a06FaB50da4b538499FC8598,0xC6E13d97d73721ecA623F6d6c77ceBAFD2fF6431,0.0,0.001000009,confirmed
2025-10-24T17:56:42.075961,ethereum_tx,0xc03587d938af2a51020ea5012fdaa73cd66f44d8cd9383b8fbb2e17354d7c732,9481668,0x7ACa63fdDE2356E85bb98Ceee79BAad1b8955f3A,0x69C6b28Fdc74618817fa380De29a653060e14009,0.0,0.001000009,confirmed
2025-10-24T17:56:42.075961,ethereum_tx,0xe04a2a5d61e37d247f04b4b3ecf3e671b86c2a12b0276e1b0fd8034e3284967e,9481668,0xcc7a3706Df7FCcFbF99f577382BC62C0e565FcF0,0x0a75d56Bc081dEe7Ff837630a216f1702B14978e,0.0,0.001000009,confirmed
2025-10-24T17:56:42.075961,ethereum_tx,0x078f43d5a0c9b8a6c05c341ac992e1c948819be5744513f39a7fb6eeeb435dc0,9481668,0x976C95e6fE5D39e0b1daB5Beeb927Fe849418607,0x08d2b0a37F869FF76BACB5Bab3278E26ab7067B7,4e-05,0.001000009,confirmed
2025-10-24T17:56:42.075961,ethereum_tx,0x2ce64f473a6a03d2c01fe82c2848d20878667a44d8b334ad8fbff3b19c8dcfe3,9481668,0x0Ba98B78fd93721879e92963C1ea31401171CC41,0x87A3effB84CBE1E4caB6Ab430139eC41d156D55A,0.0,0.001000009,confirmed
2025-10-24T17:56:42.075961,ethereum_tx,0xc8742da9832560b7e1a3df341c9a24f8aaee3b0823085111fea5cb810b5ff5e0,9481668,0x4f70C13Bec4f452167eb27Ecf8Dd4066Da89dA09,0x0000000000000000000000000000000000000000,1e-05,0.001000009,confirmed
2025-10-24T17:56:42.075961,ethereum_tx,0x385ae702057cd32ffad2b688fdc8f0732f16fe3aa1e506264981593263d31939,9481668,0xDBdbCe3dD1fA638adfE0488834BBF17C8c5D62C1,0x03C66CB1826BDB0395BF31E68Bf7E873e9564fFB,0.0,0.001000009,confirmed
2025-10-24T17:56:42.075961,ethereum_tx,0x0b9d0ab4ab90dfb8a3303608aa857dc1134148aed82d4312058df52b1cd8ccef,9481668,0xD9599db6B0ad62b4E79c78E3296693EB899b6038,0xca4502E8e3237Bc72100C92dfC0320CED8997D43,6.26e-06,0.001000009,confirmed
2025-10-24T17:56:42.075961,ethereum_tx,0xedce0c36eea9211c50066358c1e61d26a19baf9faa8e9d9677be138d0d3acb9b,9481668,0xE4d74Dfa6B48aD9E707Cc950c86e5933b21Ed881,0x03C66CB1826BDB0395BF31E68Bf7E873e9564fFB,0.0,0.001000009,confirmed
2025-10-24T17:56:42.075961,ethereum_tx,0x07d9ca3dcdb586b65dddfd115ee757543f338af832b38829eb04387c468e4b73,9481668,0x9967aeD437F4f149ECe21cCdc39D88B2dD8aeD5D,0x03C66CB1826BDB0395BF31E68Bf7E873e9564fFB,0.0,0.001000009,confirmed
2025-10-24T17:56:42.075961,ethereum_tx,0x4d6a45722be36e62177ada92035449e561b49ccd996b385b6d70159afeebb7d8,9481668,0x168d110180E2992e7c23ae4BEA7581EC591187bd,0x08d2b0a37F869FF76BACB5Bab3278E26ab7067B7,3e-05,0.001000009,confirmed
2025-10-24T17:56:42.075961,ethereum_tx,0xfc1f94b9d863d7052d7f59c8f2ea490465bf4b3fc42428c8bba7661968b77bf0,9481668,0x598De7F0c17b406c8adA31190C2807652d0489a7,0x03C66CB1826BDB0395BF31E68Bf7E873e9564fFB,0.0,0.001000009,confirmed
2025-10-24T17:56:42.075961,ethereum_tx,0x2204d34b45d37f0b69c3cbdabaf8307c4927d248318111cf1be6a838db3104be,9481668,0x7153852766e2E2aC23fA90E5D5FdaFCC59C5CEed,0x924b1DcFA3598716a4DF8955C7f58582B8FC2361,1.76e-06,0.001000009,confirmed
2025-10-24T17:56:42.075961,ethereum_tx,0x49d90272104b34c0b03652cbb5280917fa79fc4ab0537e788c12a5d8adb03bbf,9481668,0x2dCD2db36e43B988f5B2C450BD34c1592aA8c741,0x03C66CB1826BDB0395BF31E68Bf7E873e9564fFB,0.0,0.001000009,confirmed
2025-10-24T17:56:42.075961,ethereum_tx,0xdfa5728f7eb16aa0e010b52fdd8dbf8d7bd563bc237825299fea8a9d34c5b66b,9481668,0x2564b515b2019C4795F563A517E893945799B0F2,0x03C66CB1826BDB0395BF31E68Bf7E873e9564fFB,0.0,0.001000009,confirmed
2025-10-24T17:56:42.075961,ethereum_tx,0x276d60dad11465437ff36e07cb105c990c06ea9a52a889994846394dc84f9374,9481668,0xE79517bcbBE8042bF5D29ec661EB5cFFf72B3e10,0x03C66CB1826BDB0395BF31E68Bf7E873e9564fFB,0.0,0.001000009,confirmed
2025-10-24T17:56:42.075961,ethereum_tx,0x57f92cd9be8d21cf97e7c039e28da3bc89f74ccb02c0b999d25730e20c442b3c,9481668,0x15aD499F4BF0A8156Ad142a8Bad234dE7a011588,0x03C66CB1826BDB0395BF31E68Bf7E873e9564fFB,0.0,0.001000009,confirmed
2025-10-24T17:56:42.075961,ethereum_tx,0xc3e572026c6dd04ec379afcf707f7d589b21731c20e2574cff3757098082d2ff,9481668,0xb075E3363F5f0aC3f1A441c6d7e5267A6a18a5A4,0xb075E3363F5f0aC3f1A441c6d7e5267A6a18a5A4,0.001,0.001000009,confirmed
2025-10-24T17:56:42.075961,ethereum_tx,0x6b039f13b89f22e2abddc469c83c37bdea1f574cdd14dcf5a57fed5a22696075,9481668,0x87c9B02A10eC2CB4dcB3b2e573e26169CF3cd9Bf,0x46E5B4aF52C6130341Da5d8c993030D89c923B70,0.1,0.001000009,confirmed
2025-10-24T17:56:42.075961,ethereum_tx,0x671af8ff796b7039a10201c8ae2fc754cbcb2e44b3ece047bdcc02df55017265,9481668,0xDcd82CB3787d2e40eA52748Da3C61baf1d0a9C33,0x2c02c4F3DB094788bdb60C093D96F834F0FB4bcE,0.000144069069442677,0.001000009,confirmed
2025-10-24T17:56:42.075961,ethereum_tx,0xcbb0f532f5b89ad99316d3173dddea95c0d1aad2185011edfdd5a508e9aa13b3,9481669,0xB9703147dB83CBfC5f5B77074ebade1FA366d98a,0xedf4B1C6AF6520bb76826525adef7e0e09Af2c8d,0.0,1.000000009,confirmed
2025-10-24T17:56:42.075961,ethereum_tx,0x06c4540d9ce86c7d7803273d1037720fec7ec58465910050e81d4b3d46ff511f,9481669,0xA59ce7b786CBfEc43541101e1FdCB18a30AA4883,0xcA11bde05977b3631167028862bE2a173976CA11,0.0,3.000000009,confirmed
2025-10-24T17:56:42.075961,ethereum_tx,0x12e5ffe9a27491b6a1ffc3f7596f167df10f1a463da128d86c726983db20a045,9481669,0xc995CB934667733e0fBDBEaD76a4CD01B66dA721,,0.0,1.500000009,confirmed
2025-10-24T17:56:42.075961,ethereum_tx,0x951663d8efb000bf8b94a699d6eb31a16ee4bcb818ea5d030f1e95f140f146ed,9481669,0x25D40008ffC27D95D506224a246916d7E7ac0f36,0x3692aF62148947126f1A1E4010f508892e586B96,0.0011,1.500000009,confirmed
2025-10-24T17:56:42.075961,ethereum_tx,0x7490f2b617f0095d7a113677ddd3698c721b093d647bb44e21336667d7849752,9481669,0xeCDd53e6a54941f2D9f47DCe2e4de7b6Aad33fEb,0x7Bd93C0b314E930c2766B3d85018dEBe9D859f08,0.0,1.000000009,confirmed
2025-10-24T17:56:42.075961,ethereum_tx,0x2addace3c3ba16ddd15624e7fc1c838656ff5c601416be46dfa0ce7e2abf63cf,9481669,0x6b936d1a77B971E87925C63c327659008114b761,0xedf4B1C6AF6520bb76826525adef7e0e09Af2c8d,0.0,1.000000009,confirmed
2025-10-24T17:56:42.075961,ethereum_tx,0xa0104fba697e75d7cc031ca316b2484426ada09992a1c75d67a0129fa728c045,9481669,0xAf6b508bF1f658fa9DF0FEB1E431b3334E1EC8fA,0x18bCB94F6334100A6f9b942D7E5DF214287238b0,0.0,1.500000009,confirmed
2025-10-24T17:56:42.075961,ethereum_tx,0x189c159a1e9d230abb9d581bd7607357315161a232210599e574951e6f56e334,9481669,0xAf6b508bF1f658fa9DF0FEB1E431b3334E1EC8fA,0x18bCB94F6334100A6f9b942D7E5DF214287238b0,0.0,1.500000009,confirmed
2025-10-24T17:56:42.075961,ethereum_tx,0x201ff0a305515a417de84b2092c63449d2ae59da3642d5f31e18cbcd65064634,9481669,0x3C95c2633296B264d051498C4b2e982EbB526A53,0x3C95c2633296B264d051498C4b2e982EbB526A53,0.0,4.1,confirmed
2025-10-24T17:56:42.075961,ethereum_tx,0xd16d7ab14b609aed94f10fa87ccafc20216647ba471e57dacf2e71728e0f72af,9481669,0xAA397907a6a1DBF181715a282C95E522B84c9375,0x38528f56a7Cd7c3688830bAe68373360b0489033,0.0,1.000000009,confirmed
2025-10-24T17:56:42.075961,ethereum_tx,0x15bb3b30f8ebc1ff9bf818285d1db2b176377e67dee48f58008dabcc4442ab58,9481669,0x48BcB4065C0D9194aDa8EDd7FB3E6d8c8C5abBBc,0xBB478d897ffF53fC09a52Dade83032c612F48c93,0.0,1.000000009,confirmed
2025-10-24T17:56:42.075961,ethereum_tx,0xf49e330691945f8673fbfecb6d90b19c19897dc6a7539cd8c70b4292533db2fc,9481669,0x06Da314915a32792B5C2d0a9A8d0E06195aE1124,0xFA3B05F2A7B318b0A0c484c529cF4f707c6277ff,0.0,1.000000009,confirmed
2025-10-24T17:56:42.075961,ethereum_tx,0x2ec9e3b43181c2a3b027e76865caa0f0002f9533034f7d1a9dfb2dc8390a1727,9481669,0xA97668B86feED20fB1425Fd6Aad110C1b38ed680,0x6fF1684d2094a9307461f4C704cc6a4F7AB2D7bD,0.0,1.000000009,confirmed
2025-10-24T17:56:42.075961,ethereum_tx,0xee5907f863c5fe35aac65da51b7f15c9825fe89635ed9dad66baa162003144f8,9481669,0xFd987e38C5f39083f74E293B9FB38d0363801108,0xD94Ce9E4886A6dcEbC7cF993f4b38F5276516643,0.0,1.000000009,confirmed
2025-10-24T17:56:42.075961,ethereum_tx,0x942637b1a674dab6278bc4b5c8f1052f34cef8b8c1cfde3fe462a50997d3bcf6,9481669,0x4538a3D9328014cE32e569D874952aEC48b8CE5E,0x57c5dC670eB6f571bDD8Fc1CF178c46c9A917A74,0.0,1.5,confirmed
2025-10-24T17:56:42.075961,ethereum_tx,0x25ee10998427cf1d857a3fcc12bd2030917ff228affb02eb1361e01c571685c3,9481669,0xfC0DefFA2B3d4e0cDC7d54A9ad2a11032AfD70E4,0x956962C34687A954e611A83619ABaA37Ce6bC78A,0.02,1.500000009,confirmed
2025-10-24T17:56:42.075961,ethereum_tx,0xe3dc7b02d64973eb7666094fbd6ebdf2794184c448235ce459fe614e33c8d68c,9481669,0x22d72dB063dd9cE6b96bDE48331E6984c1570F38,0x1E59A308BAFAd671F63BA5d440489f0a84bF0F7C,0.0,1.000000009,confirmed
2025-10-24T17:56:42.075961,ethereum_tx,0xf9164eb4077a7e16bc659dded76a6911c46ff6207bebdf02358bc3d0334eea2b,9481669,0x63113d2fDe221e8a5e051615b1749C7226f6AF79,0x2A4496bbC344414e3bDbE6a8E7c40EF007DAeEd1,0.0,1.5,confirmed
2025-10-24T17:56:42.075961,ethereum_tx,0xe396a83eaeb1443f1294e70c064fc5d2968065dc4544915f2253b56ea474cbbb,9481669,0xFBa2583898Ae86A13dA4F46c4Fa12C0851e731F1,0x2A4496bbC344414e3bDbE6a8E7c40EF007DAeEd1,0.0,1.5,confirmed
2025-10-24T17:56:42.075961,ethereum_tx,0xc4d14dbb5bf1411f7b2bf65494586e946126444fd32484bacc9faae1344b79d9,9481669,0x7A6b0aee3FAF2a2b464C5309FDD94783094Da2f9,0x2A4496bbC344414e3bDbE6a8E7c40EF007DAeEd1,0.0,1.5,confirmed
2025-10-24T17:56:42.075961,ethereum_tx,0xb7e4d4c99688859d7da66792a7f85a9034802e71718be9db024806244b35cece,9481669,0x4CD8C496577d4Bf3564B85DBa2b56D1a495707E6,0x2A4496bbC344414e3bDbE6a8E7c40EF007DAeEd1,0.0,1.5,confirmed
2025-10-24T17:56:42.075961,ethereum_tx,0xb43819c3d43ad2fbd305fd8269bc6a3dc8a43266007cc6ac3d6b98f04e812a93,9481669,0xb0225F83f6DC5ac3ea3a69920A3e354A5c973489,0x2A4496bbC344414e3bDbE6a8E7c40EF007DAeEd1,0.0,1.5,confirmed
2025-10-24T17:56:42.075961,ethereum_tx,0x6559b7e435cc873421f9123806d818e55abcae8e96aa856c725d866cbc6e971c,9481669,0xd45E9963E97a68C6d2E10D8972C1dB13733234a7,0x2A4496bbC344414e3bDbE6a8E7c40EF007DAeEd1,0.0,1.5,confirmed
2025-10-24T17:56:42.075961,ethereum_tx,0x5f493ce4177cfbe0b488d71970103c8fbb9de68790316b3425690b844de09658,9481669,0xa0eE2cF4AB9Cebf08eDB1B1360dFA26ec6845CD0,0x2A4496bbC344414e3bDbE6a8E7c40EF007DAeEd1,0.0,1.5,confirmed
2025-10-24T17:56:42.075961,ethereum_tx,0x22024386b1e0c83231ee0f413721018b568a5d1b709901677ae50c3f771b5c77,9481669,0x962D73a362de46c14Ca604a42236D0Df009fe45D,0x2A4496bbC344414e3bDbE6a8E7c40EF007DAeEd1,0.0,1.5,confirmed
2025-10-24T17:56:42.075961,ethereum_tx,0x4dae0723714114f4b3fd0ffe3afea76544cba2614c2fea2ce524b3c46761eb4c,9481669,0x35AFbA56fAcbdCDD764daa91945B1b115Dae7253,0x2A4496bbC344414e3bDbE6a8E7c40EF007DAeEd1,0.0,1.5,confirmed
2025-10-24T17:56:42.075961,ethereum_tx,0x261e4c43771acda58844d778c75f0d84924abb717c63546914f2925bbcba45cc,9481669,0x6Cc9397c3B38739daCbfaA68EaD5F5D77Ba5F455,0xc5d392294fe73419afd7f2a39C7D1d27c6040e16,2.30136078,2.000000009,confirmed
2025-10-24T17:56:42.075961,ethereum_tx,0x28630b235f844fc107a20ce3ef28d5bdbba89091b00944e97885124d91e05897,9481669,0x6Cc9397c3B38739daCbfaA68EaD5F5D77Ba5F455,0x98E1EE16575d57Aa5899225adE43e6127ADE5F62,0.1729688,2.000000009,confirmed
2025-10-24T17:56:42.075961,ethereum_tx,0x400f22e01487b790ac662f04dbea3abfb0085a79f76febfb2635d5618340a3ba,9481669,0x6Cc9397c3B38739daCbfaA68EaD5F5D77Ba5F455,0x63103A1d670F76447d8e18925c36D87bB3d87bEC,2.5,2.000000009,confirmed
2025-10-24T17:56:42.075961,ethereum_tx,0xfe60e086c361514de5cf4b33078e91e4930bd51c1d500ff2460bc6aa4ed3e402,9481669,0x6Cc9397c3B38739daCbfaA68EaD5F5D77Ba5F455,0xE656274a4cA7354C93c4bf0A2c066Af30f6D2916,2.5,2.000000009,confirmed
2025-10-24T17:56:42.075961,ethereum_tx,0x8368c7aede49dc1c6feb4c2c208a5c070dbeca1002dfd763edc233c1e1fe0292,9481669,0x3c31c5a151A64e30fcf8907cD1D0B0102D70F62b,0x4b677E8F1f0507aEBd621b50A1F9F82566B319f1,0.0,1.000000009,confirmed
2025-10-24T17:56:42.075961,ethereum_tx,0x45fde12a3288da643cdd6f9d3f5428651a179b4ceb6f9aefcc06cc9c5c456088,9481669,0x0F1E5b5Fa8fCDCE8603Bb570903C3bAC4841850c,0xBC04d69Ecd7890699b2BE7924eA86474e15098E6,0.599968499999874,1.500000009,confirmed
2025-10-24T17:56:42.075961,ethereum_tx,0xcd7eef35698b36a8391c4d5d5438e3d973b7f2f024610b3aa9e6f628e8b53dd8,9481669,0xF0FEd0C0192539a1076d8BDa1233f414704d98Be,0x00D22efF04CF7d0f5A355A6D9A06E43120398dA6,0.0,1.000000009,confirmed
2025-10-24T17:56:42.075961,ethereum_tx,0x4cd713315f95356ca1adb770cba9c33be4ad8e2e3e69591686bc8af2e1acc146,9481669,0x05a43918b6886C7a77EBF093Fa1af2daCAEF6058,0x00d0fD03FB25e20697C131F4365003D718f7935a,0.0,1.000000009,confirmed
2025-10-24T17:56:42.075961,ethereum_tx,0x3768eb8b636d8f462aa35938e9760b47cb69bfd92a0a0793e0033531c47b6b40,9481669,0xc916A0e5Bc527D4F875DB972c2E4db160bC0D4b3,0x00cEDEE7282e105b9B3D360eAcF900faF627018F,0.0,1.000000009,confirmed
2025-10-24T17:56:42.075961,ethereum_tx,0x31036a32fed4d9d9c370cb95fd2a824d735d2b80b3493852531a3e714e7855bf,9481669,0xCCa7De1de8a01EBF1a4Bb466cFe0199ED3c82747,0x8Aac168A9212685296eE79B0FA2fFcBFF294d963,0.0,1.000000009,confirmed
2025-10-24T17:56:42.075961,ethereum_tx,0x1dc0885f5d4af12b6fc2c0f1d3015d8f3a5b38c09bb05fdcc98ed81fd8854660,9481669,0xA896970936181ebd5B13D1da98c3409C8068755c,0x005CDbd2Ab08335c0a1E485b9Ac51b0f3E6aE0A9,0.0,1.000000009,confirmed
2025-10-24T17:56:42.075961,ethereum_tx,0x4105b4626ab2a56535604f6071b97a2bc26a3f9c9afbe11780dfb72131c8f9ac,9481669,0xED7378B2eCeF54536339f6E029accF40D873Dfcb,,0.0,0.001000009,confirmed
2025-10-24T17:56:42.075961,ethereum_tx,0xcf293d41903a5b8761caa01dc06b06e8fe26eed46b5b32ac670afee0474662dd,9481669,0x7A7025825443a0340176cBe0CE66aDE360C6Bf36,0xf993E10C83Fe26DddFc6cb5E82444C44201e8a9C,1e-06,0.020000009,confirmed
2025-10-24T17:56:42.075961,ethereum_tx,0xbb662dd5d3232f2905113518d10d5b583a6ab9bc1b428f131d279d438f38b3dd,9481669,0x737B57197C4EB8bA55cE1865CAE6afd268CE20d0,0xf993E10C83Fe26DddFc6cb5E82444C44201e8a9C,1e-06,0.020000009,confirmed
2025-10-24T17:56:42.075961,ethereum_tx,0xb33d5996c289254374ff2000823a714a5deb8466c57b1124e3d37e610e9749c8,9481669,0xA49561Bb727B48b6284d24a03e6C7506926cAD85,0xf993E10C83Fe26DddFc6cb5E82444C44201e8a9C,1e-06,0.020000009,confirmed
2025-10-24T17:56:42.075961,ethereum_tx,0x2f1e2c542ac365069ebb95d210bb0a9fe26cc418b058bf7c06c2944135c47249,9481669,0xf0aDa63160D0b2223527E7a80F8c0BE74ae792A3,0xf993E10C83Fe26DddFc6cb5E82444C44201e8a9C,1e-06,0.020000009,confirmed
2025-10-24T17:56:42.075961,ethereum_tx,0xd73ddd13264a75ac1723a548677ff4df9948da003a056d1f6ef59b5b15a9e4c3,9481669,0x79E272e0149C2E8Bf97f01b3B24eE1B01b04D54a,0x9f54e6A87429E7bB2fe7B9f0ACCA3A31560FF198,0.0,0.020000009,confirmed
2025-10-24T17:56:42.075961,ethereum_tx,0x8fad94c00e0dab4cd13fe137cdf42c0e382d122e79dcf4ca05899fd5e018e8d1,9481669,0xb3a1956Cff1ecc8054B81b0C83b9847CB71384b8,0xCf8EDB3333Fae73b23f689229F4De6Ac95d1f707,0.0,0.005774374,confirmed
2025-10-24T17:56:42.075961,ethereum_tx,0xd38090ff00743e1c537427f5363b10f11f22216a495ed15ad2f9ee3ee4ea9eaa,9481669,0xb3a1956Cff1ecc8054B81b0C83b9847CB71384b8,0xCf8EDB3333Fae73b23f689229F4De6Ac95d1f707,0.0,0.009052153,confirmed
2025-10-24T17:56:42.075961,ethereum_tx,0xdf3a7107597bdb92a22aa6ccdac3f471210b2813095b28a1509db32e9ff8f140,9481669,0xC088Db0D32639182D4a3C13FcC34B51e0F052578,0x6dc9a6b1A3A408FB556e737fe58A73626D5F9594,0.0,0.001200011,confirmed
2025-10-24T17:56:42.075961,ethereum_tx,0x8ed08f6d5c4e1c571465375338c26f5a1fb7f3144c03c27620f7483b690a0d2e,9481669,0x61d8838f9A00250C9AF13D622DA7c08c372ee587,0xCf8EDB3333Fae73b23f689229F4De6Ac95d1f707,0.0,0.00571882,confirmed
2025-10-24T17:56:42.075961,ethereum_tx,0x65ad227f1a33710b28256106e20504a04343129a5aba5cf071fc2b92d06aaa32,9481669,0x61d8838f9A00250C9AF13D622DA7c08c372ee587,0xCf8EDB3333Fae73b23f689229F4De6Ac95d1f707,0.0,0.00571882,confirmed
2025-10-24T17:56:42.075961,ethereum_tx,0xc0a45c74cf31e8758b8bd0d37bcfb9aefcd8a331f51a5bd951cd416afe809698,9481669,0xd0FF1c43e0dB70eDfBeb2c0DE2175D7Ab9F1a50D,0x93fACfb642917529A9C7354545F6444239eF6Ac9,0.0,0.001000009,confirmed
2025-10-24T17:56:42.075961,ethereum_tx,0xa4e38af056a17464b1058d9ddbff10230bf99a8575bb253be9e11b13f1d8b984,9481669,0xb3a1956Cff1ecc8054B81b0C83b9847CB71384b8,0xCf8EDB3333Fae73b23f689229F4De6Ac95d1f707,0.0,0.00571882,confirmed
2025-10-24T17:56:42.075961,ethereum_tx,0x4f5efdfcfd319f204e3830ef9e6880a1d227328259f5cd114ad61ebd23ad341d,9481669,0xD306Eb1a56fE2F841f10746e9CCa18dB98d1785B,0x93fACfb642917529A9C7354545F6444239eF6Ac9,0.0,0.001000009,confirmed
2025-10-24T17:56:42.075961,ethereum_tx,0x20eb031ecf376eb0534cec4935d3beabbc4a5e8328bf848fe92c9e86d3df742c,9481669,0xcD12Ed9b63603bc9685Cda552c0156d9b297b41F,0x87A3effB84CBE1E4caB6Ab430139eC41d156D55A,0.0,0.001000009,confirmed
2025-10-24T17:56:42.075961,ethereum_tx,0x1b61ad1792146419360524b1aa066cbeba0fc33ac7fda4a93198fb82e023cda1,9481669,0x58F92be9DC0B9c6D84BDC4F01429a204C94b058e,0x7215691F60C4fA7Bb82c5Ac44c7d57dc32bB0493,0.0,0.001052641,confirmed
2025-10-24T17:56:42.075961,ethereum_tx,0x79b6aa98d6fcc7e22abdfcd7ce825fec9585df7d40e3d2de685ab229d88ee707,9481669,0x4A2f6c9E3f7339095f35e51C192B7F0eB8846B5c,0x87A3effB84CBE1E4caB6Ab430139eC41d156D55A,0.0,0.001000009,confirmed
2025-10-24T17:56:42.075961,ethereum_tx,0x6c8c9520f3d009052325f782e3efaf3a6af60813de9864b962f47bdf0759f9e9,9481669,0xf0F4A7E35BaE2bda0a792998038c730889B96406,0x87A3effB84CBE1E4caB6Ab430139eC41d156D55A,0.0,0.001000009,confirmed
2025-10-24T17:56:42.075961,ethereum_tx,0x9e008aecdb0af446cc49d01cbfdf40b30b5feab62a8466083e8e2986ea2c9323,9481669,0x5d72984B2e1170EAA0DA4BC22B25C87729C5EBB3,0xd4116f515A6958da851080B390DDE4B81f408978,0.0,0.00100001,confirmed
2025-10-24T17:56:42.075961,ethereum_tx,0x96a479f012f9ab0476ee5534d857bab39211aa75b6520826c6d6c0e4a71d9a2c,9481669,0x3503D478a2E87f6054e3d28850606cbE14221d95,0x833affB2982969E474E66c91EC879285c55942c0,0.0,0.001000009,confirmed
2025-10-24T17:56:42.075961,ethereum_tx,0x01119f0728d429eaa031fbb09c96062efb48d1c693d3813091d4cf3c6933925a,9481669,0xD7865E25B4276764c3109863e92978b2B149Afc1,0x1e46bAC486Dd878cD57B62845530A52343e39693,0.0,0.001052651,confirmed
2025-10-24T17:56:42.075961,ethereum_tx,0x3209a4bb5eed9be2eb1c828a3c35168f3dda96c072d81a6abe1949b19ae6c60e,9481669,0xCd8080b5A4e828232a6390Fb0D5dcA790AE90C85,0xa7155e6e596D9B92Ec05602e1Db3616322Fdc2d3,0.0,0.001200011,confirmed
2025-10-24T17:56:42.075961,ethereum_tx,0x18a054ffcdbd9362cb4a9a68e2e85896e7951095a7d945ab6928a1b0948daa4e,9481669,0x49c36b3BEc6b6e0e77305273FAFC68f479630535,0xd0dbB2486e3Fbf371D1B2e35Fa330bef6529d2f4,0.0,0.001200011,confirmed
2025-10-24T17:56:42.075961,ethereum_tx,0xe4703a291ca0642ece55c954f8ff810e19bff3130f59676be18dee9b5f1bee65,9481669,0x49c36b3BEc6b6e0e77305273FAFC68f479630535,0xd0dbB2486e3Fbf371D1B2e35Fa330bef6529d2f4,0.0,0.001200011,confirmed
2025-10-24T17:56:42.075961,ethereum_tx,0x296165eaac22103d8dbb8a718d8c5d81df12e9e1d13891c622507aac4352c408,9481669,0x4BA56bDa2009816e260921970041d6Eb005D7272,0xC764A997C86dC22B50Eb637626e3f46bfd82534A,0.0,0.001500014,confirmed
2025-10-24T17:56:42.075961,ethereum_tx,0x2d2723e0ea9ab977b58bcca33e73123f0d784925ca7a6a80b0c016a1fc6aef1a,9481669,0xAbB0E5650F26626A72c772fc30Af0766441A71C1,0x956962C34687A954e611A83619ABaA37Ce6bC78A,2.9093527128332e-05,0.001500013,confirmed
2025-10-24T17:56:42.075961,ethereum_tx,0x7f072b33f69f66556cf184e0229875f74bcc56fefdf435df6f94b27374c6bd5a,9481669,0xA2dB0FA531226fE8e4B4Ea1dD81EDF5B340B927e,0x956962C34687A954e611A83619ABaA37Ce6bC78A,2.14319104427e-06,0.001500013,confirmed
2025-10-24T17:56:42.075961,ethereum_tx,0x4c6eba2859413608896f9c03b8bf9df012ef6b7203eed20e011b13d2704f1c82,9481669,0x4b492780F70b31baF328f6f59Fdb904b7BafF419,0xAe6AC1f360a1DA18AB673A60A7B76FDad4d85A1F,0.0,0.001000009,confirmed
2025-10-24T17:56:42.075961,ethereum_tx,0x06c49d9b81671d8d607f5989c7788f804ca0b544fb822cad4e873bc2f2e8746a,9481669,0x6676296E4e1873fc88A4FDF035A40c7032da6390,0x956962C34687A954e611A83619ABaA37Ce6bC78A,0.001,0.00120001,confirmed
2025-10-24T17:56:42.075961,ethereum_tx,0x1b22ef2ff12a4128e1ce0f26b2e03e589e580c145992b3f8498bd2b073f915cf,9481669,0x099BA97a37FA019c064a2517026e3c2Ea8DB9964,0xF6e7F84d9cee738ec59c08B7a7260152C236813a,0.0,0.001000009,confirmed
2025-10-24T17:56:42.075961,ethereum_tx,0x6bb9d055d6400548752aad0d728e468262577bef1cfd158aced10d0ca28f3c94,9481669,0x851fdcb4e6b7739A88c3875722ce3Daf6d206f1b,0xc6255a594299F1776de376d0509aB5ab875A6E3E,0.0,0.001200011,confirmed
2025-10-24T17:56:42.075961,ethereum_tx,0xeef0c12418742134d49ddc7637e59c119a2145f25fe68c88a330f9904502c2a6,9481669,0x0530CD763828cdCBFE7fD6e1239bBd8c96F0E8eE,0xc6255a594299F1776de376d0509aB5ab875A6E3E,0.0,0.001200011,confirmed
2025-10-24T17:56:42.075961,ethereum_tx,0xe7abd42ba6275ccb24ab6539597cf08740b61aeccaecb4f8aeeab9d0258fd452,9481669,0x3Da763C42E438eB17880fB6A83040d6cf13eF03b,0xFf00000000000000000000000000000000042069,0.0,0.001000004,confirmed
2025-10-24T17:56:42.075961,ethereum_tx,0x87b363ae29a1dfab587475c7d6db7758f77e3e9ca429c63cf834bddab6cacace,9481669,0x3Da763C42E438eB17880fB6A83040d6cf13eF03b,0xFf00000000000000000000000000000000042069,0.0,0.001000009,confirmed
2025-10-24T17:56:42.075961,ethereum_tx,0xe90f4b4b6c39b7efd00f3ecb2cc8777fda2c0c4c1dcebf9df512adb301abc9b4,9481669,0x3Da763C42E438eB17880fB6A83040d6cf13eF03b,0xFf00000000000000000000000000000000042069,0.0,0.001000009,confirmed
2025-10-24T17:56:42.075961,ethereum_tx,0xeccc4784a1c13aa5f41b5e4cd563c2e8b9c8d36274c6d27acf345e60af15b2f1,9481669,0x1fFD7C562335D06D5439E40Ca3d5c04a708B63A5,0xEA0A0f1EfB1088F4ff0Def03741Cb2C64F89361E,0.0,0.001000009,confirmed
2025-10-24T17:56:42.075961,ethereum_tx,0x602412322037a04fd1ee63eb14610fbac9654f5b89fcd7346429d44bae52aa45,9481669,0x2dE217e88cBb6f152496256Cf97CC4B3Bb770c68,0x956962C34687A954e611A83619ABaA37Ce6bC78A,0.001,0.001,confirmed
2025-10-24T17:56:42.075961,ethereum_tx,0x20f59b6d8b2ca801e680a00342dd95221bacdc165de0945dcf2a5884541b434d,9481669,0x69cDf38fc92276ece115B896fE2145C6a7ab3301,0x956962C34687A954e611A83619ABaA37Ce6bC78A,0.001,0.001,confirmed
2025-10-24T17:56:42.075961,ethereum_tx,0xfec634ba747ab73b3a966444f227077bbb27562e6b00b98cd3c9235eafd129a0,9481669,0x3bfAAdeB0eB854a2b338890dc4C37B60c4C5b3d5,0x956962C34687A954e611A83619ABaA37Ce6bC78A,3e-06,0.001,confirmed
2025-10-24T17:56:42.075961,ethereum_tx,0xfa897493d71733a37ffbfb5e897a602046e6dcfb7ddf970b56d0cf835b16ff1f,9481669,0x832F3678Af28d4A6e1026b9Da19638b17A47dC92,0x956962C34687A954e611A83619ABaA37Ce6bC78A,0.000242733,0.001,confirmed
2025-10-24T17:56:42.075961,ethereum_tx,0xd3ca479bc21a91e5523e74913370be2ac9cae92cb124b65a12298b1032f9fd70,9481669,0x880b27A0405a2C93816975a6b50786F3D75C7E91,0x956962C34687A954e611A83619ABaA37Ce6bC78A,0.0001,0.001,confirmed
2025-10-24T17:56:42.075961,ethereum_tx,0xb84f60593881a0c06f1d5124fd6ef715f2680beacb73bc0c82452b833c92dd0c,9481669,0x55fBf2DceC84485D92Fff4ff141C1e49e42f6A62,0x956962C34687A954e611A83619ABaA37Ce6bC78A,1e-05,0.001,confirmed
2025-10-24T17:56:42.075961,ethereum_tx,0xb201c7ed5e3ba69e024abee8ed3205fb703c31c3778f22e5e7386d1f026b23f9,9481669,0x442c38b1e7a544aC3d632D0d664a953c5a064471,0x956962C34687A954e611A83619ABaA37Ce6bC78A,0.0001,0.001,confirmed
2025-10-24T17:56:42.075961,ethereum_tx,0x87e9d84bbb8fe19fd49dbb0e8062ebabf545cd55688bde5a3bdc3444f23d48fc,9481669,0x9C8FaA60ac71ad698FA1E9ba77C7F409eF4834cf,0x956962C34687A954e611A83619ABaA37Ce6bC78A,0.000132,0.001,confirmed
2025-10-24T17:56:42.075961,ethereum_tx,0x6fbe0b45e407bb3d04ae95c1d3bf4a005b32c67e0c522c159a0ff59be85b4c1b,9481669,0x2B167882e52363A902f4Ab1C49229dCE54FeD182,0x956962C34687A954e611A83619ABaA37Ce6bC78A,0.0002,0.001,confirmed
2025-10-24T17:56:42.075961,ethereum_tx,0x42deee9a56ced7eaba94350d74bb2729d60e04d3ef90946158fba9280c84ed35,9481669,0x26cDc7A5B7b2411e1fE3fe1b486210E2227Bf7Ca,0x956962C34687A954e611A83619ABaA37Ce6bC78A,0.0001,0.001,confirmed
2025-10-24T17:56:42.075961,ethereum_tx,0x38382887d8f03c1c2bcfdb7398d0eb7b46d57af6a93ae847ac690c334ad018b3,9481669,0x0835a809F7353D260FFeacC68AD31B60F006849d,0x956962C34687A954e611A83619ABaA37Ce6bC78A,0.00012,0.001,confirmed
2025-10-24T17:56:42.075961,ethereum_tx,0xf447636880d294046902917ee4bfc69e8082c114e0d507cb4af224d0a4c490f4,9481669,0x61Da2fC6F36248fb687D9305564485F594A5b1C0,0x956962C34687A954e611A83619ABaA37Ce6bC78A,1e-07,0.001,confirmed
2025-10-24T17:56:42.075961,ethereum_tx,0xe6b4f5103012d007dfb2376d9a5b7f9709dfeba9dd777749f4107a7d30e3c690,9481669,0x4762AF5868dCb9c59B3F8cA8d701C603c1E6BA3F,0x956962C34687A954e611A83619ABaA37Ce6bC78A,1e-07,0.001,confirmed
2025-10-24T17:56:42.075961,ethereum_tx,0xdfc68c69280fa785c40a73bd4aa679e34fffbf42c43f1aac3bfa055b11e9e667,9481669,0xd2f4a061fb5b03170C5abBF7bd8161C50A69bcE3,0x956962C34687A954e611A83619ABaA37Ce6bC78A,1e-07,0.001,confirmed
2025-10-24T17:56:42.075961,ethereum_tx,0xdc875b43efc50857b3d2a7add7bdf6a50453d4f10dbcc7c411ecef2485267327,9481669,0xD17328B9e108222723AC2da1EAc5B66427600c36,0x956962C34687A954e611A83619ABaA37Ce6bC78A,1e-06,0.001,confirmed
2025-10-24T17:56:42.075961,ethereum_tx,0xd63f60d1ef35115ec6e16b049f5034ff0d9776601e0c93831ade8e4498b46b1f,9481669,0x782aD979f615E030076D4eb4be6aCeBF672E0ca0,0x956962C34687A954e611A83619ABaA37Ce6bC78A,1e-06,0.001,confirmed
2025-10-24T17:56:42.075961,ethereum_tx,0xb1b0c473ee246c87a09828008a8c71de9e14c0c9701e5757c0e6f4402021d25e,9481669,0xf8B98A48569293Da1a3c5fd26eAdefAc1249F610,0x956962C34687A954e611A83619ABaA37Ce6bC78A,1e-06,0.001,confirmed
2025-10-24T17:56:42.075961,ethereum_tx,0xa5443cd47b1dd016704e57392bf66eb6ddb248c2673aee96c08623cbfa0950a5,9481669,0x5178b703072819C21C2F68B31932162517146AF4,0x956962C34687A954e611A83619ABaA37Ce6bC78A,1e-07,0.001,confirmed
2025-10-24T17:56:42.075961,ethereum_tx,0xa0195c1df9c99d309737ef3163100906cb5a9881370800baa75b5bbb61ffada3,9481669,0xB0752cCA8b78aAB13eA9bE15f9C2b88Fd8B6F043,0x956962C34687A954e611A83619ABaA37Ce6bC78A,1e-07,0.001,confirmed
2025-10-24T17:56:42.075961,ethereum_tx,0x9e557b1ab0fea4f542c1a0374eec00c08e4254c04f1a4e88b76472f39ff48b71,9481669,0x0D5BDAd21E8C439033e705F8907947f730D1ce84,0x956962C34687A954e611A83619ABaA37Ce6bC78A,1e-07,0.001,confirmed
2025-10-24T17:56:42.075961,ethereum_tx,0x8469a5fd0707cd9710d676a77418ae16008d5784b3d21aca7f219568474088ed,9481669,0x8356B1EE8Ab99dE3583F0A01e2d247959B665173,0x956962C34687A954e611A83619ABaA37Ce6bC78A,1e-07,0.001,confirmed
2025-10-24T17:56:42.075961,ethereum_tx,0x789dc45138592f529e9327f7021e512ab65ca2e282961458e517d7bc7b5ca69e,9481669,0x377a8DCFfc8711fa1c6E56126F57496b7c932df3,0x956962C34687A954e611A83619ABaA37Ce6bC78A,1e-06,0.001,confirmed
2025-10-24T17:56:42.075961,ethereum_tx,0x60a7f79083c7a073e69809cfba18c2c45926120085e66bf75ce7db0603d72d73,9481669,0x20CE9f32397df7d1590296cbb354Fb59662A3034,0x956962C34687A954e611A83619ABaA37Ce6bC78A,1e-07,0.001,confirmed
2025-10-24T17:56:42.075961,ethereum_tx,0x57ee92c3a7eefcb151ff4bb9676bec5c33fe2595f31466438616ea1b6b39848b,9481669,0x1414942f6c103fAFd0Dea7aFeCA927255D902464,0x956962C34687A954e611A83619ABaA37Ce6bC78A,1e-06,0.001,confirmed
2025-10-24T17:56:42.075961,ethereum_tx,0x45f039dfa9d0f85fb7b10db622cf9b61bff3910dd16f0135447908875b1f50fa,9481669,0x5CD3C4Da12935e3162EE390B2d7660A23D6a12C0,0x956962C34687A954e611A83619ABaA37Ce6bC78A,1e-07,0.001,confirmed
2025-10-24T17:56:42.075961,ethereum_tx,0x40f56b4d3300ef04e7e2afc247e5c71b5a4073d44dc5b2384ace7b3ac9925fe4,9481669,0x86691F300edeA1246fb8d4ee5fA492aa131af526,0x956962C34687A954e611A83619ABaA37Ce6bC78A,1e-06,0.001,confirmed
2025-10-24T17:56:42.075961,ethereum_tx,0x38e20f5dd3fa7034a7f813e3064f40534b1ae37cd328e14200916fc94879f8cc,9481669,0x94B794E59838De302CCf043d1c7C5E14fc6473A1,0x956962C34687A954e611A83619ABaA37Ce6bC78A,1e-07,0.001,confirmed
2025-10-24T17:56:42.075961,ethereum_tx,0x37cc1f0f51de93516db3cea61b6f4e47236204f82312571d975c7bceb29c0acf,9481669,0x13e6009357AF52E7D564b5914aa97719C8304A28,0x956962C34687A954e611A83619ABaA37Ce6bC78A,1e-05,0.001,confirmed
2025-10-24T17:56:42.075961,ethereum_tx,0x31b9175502739482bf2fa4994a945a68cdda5ea97f01fc0edb4290d6743a5446,9481669,0x3E2aEB729b82Edb5ce1Af01c02746625C71C79f5,0x956962C34687A954e611A83619ABaA37Ce6bC78A,1e-07,0.001,confirmed
2025-10-24T17:56:42.075961,ethereum_tx,0x070d21c6d19507ae5108d30878217d5d7fc8f1682e90c91f554895d0b9975da6,9481669,0x7bf2C575E6Bc6813DF4018d4765d65A1504DD9bF,0x956962C34687A954e611A83619ABaA37Ce6bC78A,1e-07,0.001,confirmed
2025-10-24T17:56:42.075961,ethereum_tx,0x396feb70d3048c9ef9f4200166885e5196280f813239468c6abfd315305517d7,9481669,0xA1AF343a63056B1CBcDb008e1c67AF87B28e420a,0x956962C34687A954e611A83619ABaA37Ce6bC78A,1e-07,0.001,confirmed
2025-10-24T17:56:42.075961,ethereum_tx,0x1a59621ff4b3f6fcd97bbcd13ad71fd371863df1907ed53a77958db6c375cd90,9481669,0x56FcBfd5e4d07eE49C58B3a0e3DF9A0310005944,0x956962C34687A954e611A83619ABaA37Ce6bC78A,1e-06,0.001,confirmed
2025-10-24T17:56:42.075961,ethereum_tx,0x1926c9a2a7b66c135738a14a4d76cc3f96c502d378e85a7ac62d87fb0d08c870,9481669,0x10cC718d23dc63c1AF31D6995e00B11d9D37ED13,0x956962C34687A954e611A83619ABaA37Ce6bC78A,1e-06,0.001,confirmed
2025-10-24T17:56:42.075961,ethereum_tx,0xd2915100c456cbf7c65ce31092f3bd74866f9ed632bf1ab76dbc369daa0c82e2,9481669,0x94b6cEfE36Ef5FB68F3e6a04DB85219404b74126,0x0dBe699e2DA0c5eB5F232f10CE736022C6c85E53,0.0,0.001,confirmed
2025-10-24T17:56:42.075961,ethereum_tx,0xf488b48b2cb30be37e0799ce4619b8d9ccdc977223f26001fdc041049c3b1b40,9481669,0xdcC8dB3296eA8bAF6a7Ae681f4a47CDfEB1A61bD,0x0dBe699e2DA0c5eB5F232f10CE736022C6c85E53,0.0,0.001,confirmed
2025-10-24T17:56:42.075961,ethereum_tx,0xe2c7ee8911c989a07c01d243790b1ba5ea3bbf1d0e2c5f71fd9cd70f65b3ffcf,9481669,0xE4765a5D7335DAd51b3058d0b8eDeE540D149a21,0x83458E8Bf8206131Fe5c05127007FA164c0948A2,1e-18,0.001200009,confirmed
2025-10-24T17:56:42.075961,ethereum_tx,0x15ca9c8ea457a58e63136436340ac8148ea80ed8f43caf89585aabc22f56a3e3,9481669,0x8D69Ec4029c7d634a06FaB50da4b538499FC8598,0xC6E13d97d73721ecA623F6d6c77ceBAFD2fF6431,0.0,0.001000009,confirmed
2025-10-24T17:56:42.075961,ethereum_tx,0x23fc44e6781785074a635dfed2082b7561cc04556c70dd2d0dac8925b4077164,9481669,0x762fcb5a7DA58481c0ac88C7579ef1fC5527C11D,0x1552573d9cEa305c82F998C120e19c2aF8BFfF56,0.0,0.001100009,confirmed
2025-10-24T17:56:42.075961,ethereum_tx,0xfbfdc169213fb6ebcd5e1cf075483e39d0a14a133634e4888b6d29c73b7b3502,9481669,0x7101cd07cF04101b1aCC5aa231141B9B013E3aB6,0x3eDF60dd017aCe33A0220F78741b5581C385A1BA,0.0,0.001052641,confirmed
2025-10-24T17:56:42.075961,ethereum_tx,0xdc5770eb66068d262a942f112f84e724dbd8f95bbce1927af5dde35eba945a7e,9481669,0x64A1c6e43c03CB31234295446794Bf7C702Fba90,0x15B0E3766B144fbB190AeA6F01d8676af20C5aef,0.0,0.001000004,confirmed
2025-10-24T17:56:42.075961,ethereum_tx,0xe87732b426fea034750196cb1a3ca8a6df745cd6c91ca28706b555e2f0920fdb,9481669,0x552860465F48eaa2a95b4F16AFb6773EFEa862C2,0x03C66CB1826BDB0395BF31E68Bf7E873e9564fFB,0.0,0.001000009,confirmed
2025-10-24T17:56:42.075961,ethereum_tx,0xdb5fb1e32904987c9ae17df8c520a71f8e5bda35599d7f603a2f1e7aeed82e74,9481669,0x448465FB2337E4E47211469574436a46b9cCd299,0x03C66CB1826BDB0395BF31E68Bf7E873e9564fFB,0.0,0.001000009,confirmed
2025-10-24T17:56:42.075961,ethereum_tx,0xd67865be4de3ef834875db85ce85363b6f5d4c6b334b3171728ddb020e8c63a3,9481669,0xc4A56bF98286C8438c87662A2FEd38C60C9aFC5f,0x03C66CB1826BDB0395BF31E68Bf7E873e9564fFB,0.0,0.001000009,confirmed
2025-10-24T17:56:42.075961,ethereum_tx,0xbbed749a98b3f59d349ddf66157bf7055f2c19cc94f6e3156de71a432ccf5edb,9481669,0x99fdFEfc57BA145df6D534cc1aF674CdFaB465B2,0x03C66CB1826BDB0395BF31E68Bf7E873e9564fFB,0.0,0.001000009,confirmed
2025-10-24T17:56:42.075961,ethereum_tx,0xa43f23db05698cf93d7fbec4c65665512f65142412561a340e18c769d9d33c5b,9481669,0xc25B5BAdd019C7951B054ffBc26Ada1B04ef90aa,0x03C66CB1826BDB0395BF31E68Bf7E873e9564fFB,0.0,0.001000009,confirmed
2025-10-24T17:56:42.075961,ethereum_tx,0x9da4047d61db6c64bc558524edbb77c300a0e13a2d41edbe0f0b1bd1e3bd898f,9481669,0x37B8c13C5Efece7f60aDbF4014F893071e7E3215,0x03C66CB1826BDB0395BF31E68Bf7E873e9564fFB,0.0,0.001000009,confirmed
2025-10-24T17:56:42.075961,ethereum_tx,0x8a9b290ba1b57e037a8ff7b4168455baee679f89126c93dcabb78206065ed219,9481669,0xF8325Fc60834aFDE707Ef6A414510c6C8bFA3803,0x03C66CB1826BDB0395BF31E68Bf7E873e9564fFB,0.0,0.001000009,confirmed
2025-10-24T17:56:42.075961,ethereum_tx,0x85b82419fae8cfef77496913bad9e78a4c772c44d91aef9f5a0dd8ae0fd79f83,9481669,0x17A4960C43d986FF79C0E43b5032c34f3809393f,0x03C66CB1826BDB0395BF31E68Bf7E873e9564fFB,0.0,0.001000009,confirmed
2025-10-24T17:56:42.075961,ethereum_tx,0x722af66f4f8964129cf990c70ed43137b4b01e0988935251810981433b81a864,9481669,0x59056cabb7B77964664f46401db0b9359Eb251f3,0x03C66CB1826BDB0395BF31E68Bf7E873e9564fFB,0.0,0.001000009,confirmed
2025-10-24T17:56:42.075961,ethereum_tx,0x626cd9c84341165280f60ac46ba092ed3710cf480e29c0988462c2cc3cda2adc,9481669,0x515490D8D828F263631ec5516d9e6014b11b1391,0x03C66CB1826BDB0395BF31E68Bf7E873e9564fFB,0.0,0.001000009,confirmed
2025-10-24T17:56:42.075961,ethereum_tx,0x55d9ae4fa53b05d7e663b482d7ea731c76cfbfa271224481aa752a6e2cf814b5,9481669,0xaF1ED19F30Ee7b9B5120866BFdf3223B024524b1,0x03C66CB1826BDB0395BF31E68Bf7E873e9564fFB,0.0,0.001000009,confirmed
2025-10-24T17:56:42.075961,ethereum_tx,0x39aaceb8c1eacc6a730400543c81bda7b269371eca65b349812dc1295e6f0dff,9481669,0x3d292155109d6219F021bBD94a030F4EC89752aE,0x03C66CB1826BDB0395BF31E68Bf7E873e9564fFB,0.0,0.001000009,confirmed
2025-10-24T17:56:42.075961,ethereum_tx,0x3626431f21cadf7debb53105bfb805b1f5f4e4d52717736a4867b3f00230f7cf,9481669,0x305432Ccd09935D31dd610799Cd1a9b95b534467,0x03C66CB1826BDB0395BF31E68Bf7E873e9564fFB,0.0,0.001000009,confirmed
2025-10-24T17:56:42.075961,ethereum_tx,0x2007aadaa83c1ab320b80bdde9522a2b68601e6dd33eb1123fc34f5bae9c444a,9481669,0x308E5E308C533A86F03D0a22Dcc2b10d6ad35AB7,0x03C66CB1826BDB0395BF31E68Bf7E873e9564fFB,0.0,0.001000009,confirmed
2025-10-24T17:56:42.075961,ethereum_tx,0x0dab546427a8d36eb32f93475815c22b07acb7f06cfa5bbe7424e04a7c8c12d5,9481669,0x49007e5E6578Cc2e2fDf721B6520BCCF674F78C0,0x03C66CB1826BDB0395BF31E68Bf7E873e9564fFB,0.0,0.001000009,confirmed
2025-10-24T17:56:42.075961,ethereum_tx,0x5f0c4b96ab259ec9bda89dc035c20c5dd2d967be8a446840509bf8e7621f9163,9481669,0xc0aEdDBA68eAD5A34B1644196ff1EF000335B26A,0x83458E8Bf8206131Fe5c05127007FA164c0948A2,0.0,0.001000009,confirmed
2025-10-24T17:56:42.075961,ethereum_tx,0xf39d98e9e9057a462f56b1a4a737f751df49d80b01e0e4e4c98a761faa89079a,9481669,0x9484449f2BE7CD6E01eF55bC5438C733e0759e0f,0xb947EDDe9c797D83f785F491af389316b2BBd9dd,0.05,0.001100009,confirmed
2025-10-24T17:56:42.075961,ethereum_tx,0x75d150a320321396e9311da5999016591a1133a2b594d8e4da169c12e2d343db,9481669,0xAfEDA61dB9e162293b2eF2C2bC5A800b37Bb5E4a,0xEBA7A1d9d4cafDC08b13591C5F735064Cb8C6850,0.05,0.001100009,confirmed
2025-10-24T17:56:42.075961,ethereum_tx,0xf7cef87897e8d00215d1f2a022efee4fe28ec1432a361d12f3a898b81c9cdb7d,9481669,0xAede2703975E1B660f0804855fA64C4c8f69e98B,0x2c02c4F3DB094788bdb60C093D96F834F0FB4bcE,0.004890977350355534,0.001000009,confirmed
2025-10-24T17:56:42.075961,ethereum_tx,0xf2aef8ced14b1b337cf404388e277b45924662e1b30ff74977c7b51d1c941a06,9481669,0xa31989DE9680172ee76BfA984e8F65CEF23e5266,0x840e03C3DD32294e3790ee54a81273ba7C50ECaC,1.3e-06,0.001000009,confirmed
2025-10-24T17:56:42.075961,ethereum_tx,0xd99e6587458c784579e6d5c2c660659db9c1c681352a29a5ec3ce5cae43f46eb,9481669,0xd0df7330563aA552E4c9146c0742DcE48C88c766,0x853758425e953739F5438fd6fd0Efe04A477b039,0.0001,0.001000009,confirmed
2025-10-24T17:56:42.075961,ethereum_tx,0xba0d7b52c800698b36ab66c32f36a522a0a35ef62aedb8c302f02551b86013a7,9481669,0x4c33b96Dca2EEaB30b76881ccC189C5C0177B1F1,0xf1e0A81Ad4Fe161D5f1EB4B5777DEb55739b58cE,1.79e-06,0.001000009,confirmed
2025-10-24T17:56:42.075961,ethereum_tx,0xb6d9ff160919835268df1cce68f02ef0f6a5fc5e0d932c09755e036a1f7b22f2,9481669,0x8F93a779a562b47d530227b58d25882d74939652,0x2c02c4F3DB094788bdb60C093D96F834F0FB4bcE,0.14933168747297446,0.001000009,confirmed
2025-10-24T17:56:42.075961,ethereum_tx,0x9c1e18b1a8682839fea9b0f3625faabc28766536ad9fdeefc6686366b88478b2,9481669,0x0B2cBA631Fb01CAE83c8E24821bCF49650a33a07,0x9Ab042A70338C29656844d0ba4D785e60d3C1A36,8.23e-06,0.001000009,confirmed
2025-10-24T17:56:42.075961,ethereum_tx,0x9192e4c28612705c45d8319d6685d78eeb31d045f8d623476b395fd67aeb1acf,9481669,0x52A94fA3d42d8b34E22acBAbDB9c25C97F782C10,0x0000000000000000000000000000000000000000,1.8e-05,0.001000009,confirmed
2025-10-24T17:56:42.075961,ethereum_tx,0x887a002d54dbd2def011a6bdfe6d2c1e8a4dacd217e7f97b8f703f8e9c1e30aa,9481669,0x6d50EDC485a5c5C8E57e45994de1C8f8A11A7cee,0xA3A87819FC57CE09886eE8ee077E5e45398f4652,1.4e-05,0.001000009,confirmed
2025-10-24T17:56:42.075961,ethereum_tx,0x6bfbbc9c45446b14d7c91e2289b2283a7446d6f0a131593745d961eece58ef34,9481669,0x7F5FB2f7D2C2a676299eb31a4157AE695463cB4A,0x2c02c4F3DB094788bdb60C093D96F834F0FB4bcE,0.18904342679729733,0.001000009,confirmed
2025-10-24T17:56:42.075961,ethereum_tx,0x61f721b5fc1c5a2832ca7116e30c6aa9d4b3bbb582398db31e6258608b3be482,9481669,0xfFF256a355855557417ceef806fe6ddE534c9D15,0x0000000000000000000000000000000000000000,1e-05,0.001000009,confirmed
2025-10-24T17:56:42.075961,ethereum_tx,0x4cc20042b868fea012f09dd25f16499416b1c17171b419debdf9a155cd870763,9481669,0x29c014C9da9C9Fd8d959f126A87Dc09dfE384b1a,0x08d2b0a37F869FF76BACB5Bab3278E26ab7067B7,1.56e-05,0.001000009,confirmed
2025-10-24T17:56:42.075961,ethereum_tx,0xd4646e2c1d5d359404e1fa032816ebd8453a1ce07e814ee6c9cfe929f29f6284,9481669,0x13CB6AE34A13a0977F4d7101eBc24B87Bb23F0d5,0x0c06B6D4EC451987e8C0B772ffcf7F080c46447A,0.009373692329976117,9e-09,confirmed
2025-10-24T17:56:42.075961,ethereum_tx,0x0ecd76567538c437de0d79e3b7e3d29fc463d186ec777c0107c397b2071f49d7,9481670,0x55A07F9f7eD7F110c2Ddd8f2f5d8677Dc94aF4E2,0xeA30c4B8b44078Bbf8a6ef5b9f1eC1626C7848D9,0.0,2.200000009,confirmed
2025-10-24T17:56:42.075961,ethereum_tx,0x9e7e4e18353c9ea7e764c5b37b1432ae1d64a3a81d94267ff1804f84fe3f593e,9481670,0xAf6b508bF1f658fa9DF0FEB1E431b3334E1EC8fA,0x18bCB94F6334100A6f9b942D7E5DF214287238b0,0.0,2.000000009,confirmed
2025-10-24T17:56:42.075961,ethereum_tx,0xa65521f915e78d7941db98caeacefc38fceef51de782f1288ff017c50801e698,9481670,0xAf6b508bF1f658fa9DF0FEB1E431b3334E1EC8fA,0x18bCB94F6334100A6f9b942D7E5DF214287238b0,0.0,2.000000009,confirmed
2025-10-24T17:56:42.075961,ethereum_tx,0x8041607e85ee623f1d92329b6565a909f55afc2cefeb03ccd902a99b1be6926c,9481670,0xb5308362A82fBc46AB0Bb4BEd74c8E6645Aecb15,0x73B668d8374DDB42c9e2f46fd5B754Ac215495bc,0.0,2.000000009,confirmed
2025-10-24T17:56:42.075961,ethereum_tx,0x4d104754d2f0ce20c2a427a8695fa759917c78e56c27fcdc008105ed15786462,9481670,0x8F23BB38F531600e5d8FDDaAEC41F13FaB46E98c,0xff00000000000000000000000000000011155420,0.0,2.000000009,confirmed
2025-10-24T17:56:42.075961,ethereum_tx,0x0fe40a429d072fe682f8ea8596a863e640ccd8a712b08d66628932732e6524eb,9481670,0x5408806e3ED05423A6C112194b08d21d858193cD,0xfF00000000000000000000000000000033611633,0.0,2.000000009,confirmed
2025-10-24T17:56:42.075961,ethereum_tx,0x7c56d9f42819adece46ab2e0397205961c3aed95b544eee8906e8e26d39a057c,9481670,0xe7F38E2D57a0eA80240B5E65A69AF66812CbCd0C,0xa93D2aC58370D72Cc8f6034E3d3403D44e67ff2a,0.01,2.0,confirmed
2025-10-24T17:56:42.075961,ethereum_tx,0x007354b840dd184b421cb7cead7ffb4dd804bc9d18318745124a357539b72813,9481670,0x5B694fF6592F77958621595F94bFFa05aC0724A1,0xb1d8E5133eD37BF8b05cAa07A65c280F464A8229,4.34304162227e-06,1.500000009,confirmed
2025-10-24T17:56:42.075961,ethereum_tx,0xb96c4e4ea8f4a23e77ef87d1ee3c258548132244c77f25fbed96b4477eb51e81,9481670,0x776EB0520cfF23334BE2F1764cA7081c50712bB1,0x55a79fb515E04b1a3Db15f545dc5bDE186f22634,0.0,1.500000009,confirmed
2025-10-24T17:56:42.075961,ethereum_tx,0x7bff10b322fb36a5ff4b8df196c96a1404e4dd125ec36fd14ce09b09229c3ef2,9481670,0xD649F8D2436f2268318A71232AA4807763281aEa,,0.0,1.500000009,confirmed
2025-10-24T17:56:42.075961,ethereum_tx,0x5a34c3a4289847d1eb9d87e1d0aed7bd34347eb9a58a1ced6f05b9558aae013d,9481670,0x5a7439cD04f06Fc586B8Fea048bE4380550eb685,0xffD8e69183221c2363b0ae9166742f220fBFF844,0.0,1.500000009,confirmed
2025-10-24T17:56:42.075961,ethereum_tx,0x45bd91e9baf86589e748a32c10911cecc1667e67bba5385747ee9b69ff792a64,9481670,0x524Bc7C6237C9fDE722AB688fD581C3f14005EA1,0x2A4496bbC344414e3bDbE6a8E7c40EF007DAeEd1,0.0,1.5,confirmed
2025-10-24T17:56:42.075961,ethereum_tx,0xbe07e795d9e44f8e756f4105078360111c4f49e06961396f61c85d1416149d85,9481670,0x58420F9d81A27DA54886221967a9327F6589c0E4,0x2A4496bbC344414e3bDbE6a8E7c40EF007DAeEd1,0.0,1.5,confirmed
2025-10-24T17:56:42.075961,ethereum_tx,0xd62b034f69234883a0278fa9a44d3e55c7e6e6e440e15cab46e7b36e03f5dec0,9481670,0x266aEAA6d43994B657e91A1C70E55C5E1da4D196,0x2A4496bbC344414e3bDbE6a8E7c40EF007DAeEd1,0.0,1.5,confirmed
2025-10-24T17:56:42.075961,ethereum_tx,0x6650807fd8d585761422705f0b72f0cd61211b7a6a819a7ee744a3f26789e987,9481670,0x2378317d20F628efE6C9c15d4fF6689695c01212,0x2A4496bbC344414e3bDbE6a8E7c40EF007DAeEd1,0.0,1.5,confirmed
2025-10-24T17:56:42.075961,ethereum_tx,0x37140b3fbf06431381a2edb7f40d6d7f5f5e8a4716fff90ae9f7e2ecfa57ea03,9481670,0x5252399b6a42c57bC1a7973dAA6727a02786f8dD,0x2A4496bbC344414e3bDbE6a8E7c40EF007DAeEd1,0.0,1.5,confirmed
2025-10-24T17:56:42.075961,ethereum_tx,0x7cba8fac606bff1c119b5e38de13ef2902a2de8f66c57d758e20964354a10548,9481670,0x55418060A3F777BC740DE4cAcEE4E67D1B3E94F9,0x2A4496bbC344414e3bDbE6a8E7c40EF007DAeEd1,0.0,1.5,confirmed
2025-10-24T17:56:42.075961,ethereum_tx,0xc77b51c06de151ff9722134ba319311fb66155fd2d4cad94e2fdc0e3acbcf76a,9481670,0xCC7828094223D47EA31bfae48d4b05FA7c25957F,0x57c5dC670eB6f571bDD8Fc1CF178c46c9A917A74,0.0,1.5,confirmed
2025-10-24T17:56:42.075961,ethereum_tx,0x62ecade0851bfcedf7f006f23b5f8e276c3aab491d2fee23e75d8ed6614fbe11,9481670,0x7b0D3F61C1C4343D2Ea2e9aeC13cB4a7f04E0A5e,0x2A4496bbC344414e3bDbE6a8E7c40EF007DAeEd1,0.0,1.5,confirmed
2025-10-24T17:56:42.075961,ethereum_tx,0xde9005595b21a67c052314fb93fe50c30db335518564f81cfcd655e4d3fb393f,9481670,0x067225c3428D07924E7db9924e7776855405eD70,0x57c5dC670eB6f571bDD8Fc1CF178c46c9A917A74,0.0,1.5,confirmed
2025-10-24T17:56:42.075961,ethereum_tx,0xb5ba876fb8ca938d367daebea62ac203a3ea3b54bffe630e1f7d2c566b52bf0e,9481670,0x63B3c43DC73936F6D43dFb61Cb736aDfbe8f0541,0x4baDa4Ac6B6F625BBdcd45a485f84B550E2Bc2c3,1e-05,1.5,confirmed
2025-10-24T17:56:42.075961,ethereum_tx,0x60a5dccf9fb400614f4b3afddae47c01ea6c978d9a3615b60bbb4049670f2f32,9481670,0x4754ca6B3b0e20fbC66157cA7b937Db9f906d166,0x0051A0b15133C135366daeF258F0399799A0862A,0.0,1.000000009,confirmed
2025-10-24T17:56:42.075961,ethereum_tx,0x2937ce52d3f1602db55807a73678cca772f8ab2d6c69bc9178ce53652426f828,9481670,0xF0FEd0C0192539a1076d8BDa1233f414704d98Be,0x00D22efF04CF7d0f5A355A6D9A06E43120398dA6,0.0,1.000000009,confirmed
2025-10-24T17:56:42.075961,ethereum_tx,0x48561c391c9a0a366947f959dd43b5fde325c092243a9a8e4d155112e230a1b4,9481670,0x0a3eF2f39aa6acA5609C2454dfBA39e3FDFc0E92,0x243Ff439cAB8bfeC7CE883B3Dc82Fb98ABec7771,0.0,1.000000009,confirmed
2025-10-24T17:56:42.075961,ethereum_tx,0x4497974e1cc3cd3a8af3a6ae7963975ab14a238602cd694f9999fe5c32d0273e,9481670,0xb196E6d6262415B2be155e36662402Cc1d2b53dE,0xe2DbeF6C7E9769EF033808796153E75494DaEc57,0.0,1.000000009,confirmed
2025-10-24T17:56:42.075961,ethereum_tx,0x982bb5d3b36c2db88ecdc06dc791fece6d9dd62566274af86b17584b1c07b229,9481670,0xC06c40AD6B4538cBdDCEEBaC89FB2b5b085458dB,0x0045E29aa425DeC2683F6bB48b444dEa4159584E,0.0,1.000000009,confirmed
2025-10-24T17:56:42.075961,ethereum_tx,0x9f1d1fab5236f8705069d4c872ecb4c02d0317f2db5fa8a7d804168ac82eec16,9481670,0x015F4B67130B2A30E7a6aAeC790B3A56C3b0c682,0x45F4A38c161E6Fb912adc6b1B43B7C49Ce33150F,0.0,1.000000009,confirmed
2025-10-24T17:56:42.075961,ethereum_tx,0x4b496619bca76fef816c89fa3e6ba0f485419e0770bbd40bde9ca4dc87967478,9481670,0x8E0838fb6f4DF31A8AE02dD4d5B66bAC9d0dd133,0xb0E4435911c1811FA7Cbe1CE1906318C33B5F61C,0.0,1.000000009,confirmed
2025-10-24T17:56:42.075961,ethereum_tx,0x764d2773711638ff853e6a8516341158f8460e2a6844f3bb7988f31c3b15f588,9481670,0x263d8f55BAc71a42d0A822F46b1eC62Cd4183a8d,0x0Bf464f24D867ff0B20aE8f9C353a589138D6836,0.0,1.000000009,confirmed
2025-10-24T17:56:42.075961,ethereum_tx,0x337742af7a1e82bb48596a692d07eea7b74edca22fda11398c7a983838b5aa2e,9481670,0x2290B45B091ae331d733d4D94e3CbcdF7bD93B15,0x000C27D9F7e0f4C8Df959fC395B84A5a1359d570,0.0,1.000000009,confirmed
2025-10-24T17:56:42.075961,ethereum_tx,0xead7023ac867e95a51319f16aa51d61c64c8d57196f265819a3b530b80978b2b,9481670,0xE73D5A146e117Ff65d108f2cc2Bf4D92e88ab3b4,0x82ea947bB006690667225099cDf87D03A2dd56dC,0.0,0.050000009,confirmed
2025-10-24T17:56:42.075961,ethereum_tx,0x884e72a756ae84821f8cc25258b9409ba3f46052eb4672026d83579d96d85aa9,9481670,0xBEdCE660f20BF7873b4F3AdB0562A896f31ff245,0xf993E10C83Fe26DddFc6cb5E82444C44201e8a9C,1e-06,0.020000009,confirmed
2025-10-24T17:56:42.075961,ethereum_tx,0x941981fd801d1742d4ef054567d0dc559f30bfe7737219c234c0b9026ac42608,9481670,0xf0f0ff3c296B0000BC4225BBda914338F9816818,0xf993E10C83Fe26DddFc6cb5E82444C44201e8a9C,1e-06,0.020000009,confirmed
2025-10-24T17:56:42.075961,ethereum_tx,0xb50f188d8aec2bd346127d7ef937f487d929da828518016511f0ab8d6979ee69,9481670,0x1193d65e954CDe507Cc997687aED64C615129a29,0xf993E10C83Fe26DddFc6cb5E82444C44201e8a9C,1e-06,0.020000009,confirmed
2025-10-24T17:56:42.075961,ethereum_tx,0x27d0c6398af152a0fb07ba053dcace731a88a7998e168f31eba0ac204abd7809,9481670,0xE00eDe4d5b311c262Fd11Af623A6222093948263,0xf993E10C83Fe26DddFc6cb5E82444C44201e8a9C,1e-06,0.020000009,confirmed
2025-10-24T17:56:42.075961,ethereum_tx,0x109a895468425eae7a76d61802858773dac385d7daefab6533ebf019c31118ab,9481670,0xb3a1956Cff1ecc8054B81b0C83b9847CB71384b8,0xCf8EDB3333Fae73b23f689229F4De6Ac95d1f707,0.0,0.009052153,confirmed
2025-10-24T17:56:42.075961,ethereum_tx,0x489121bfc102dbea243b4ecccad304527b1218f3b9399eb392a9aa32e33aaba0,9481670,0xb3a1956Cff1ecc8054B81b0C83b9847CB71384b8,0xCf8EDB3333Fae73b23f689229F4De6Ac95d1f707,0.0,0.009052153,confirmed
2025-10-24T17:56:42.075961,ethereum_tx,0x0c8d3fc193af2af822aedf185cb59e650a7c1eae2ff48bb7f3411c43d67deda5,9481670,0x73E40220652D89786402dA38855971E0DdBC5D27,0x465C15e9e2F3837472B0B204e955c5205270CA9E,0.0,0.002500009,confirmed
2025-10-24T17:56:42.075961,ethereum_tx,0x6fcdffaa4631ae0bfba9fb354ac89cf739708cdcfae4bde5348eefca8764c652,9481670,0x6602297d99C5C0FA9E620CC485e1FE5d94722C55,0xEA24A5C778793A66B0cf58a229B728bA779a3921,0.01,0.002000018,confirmed
2025-10-24T17:56:42.075961,ethereum_tx,0xcdddce1ced571e689a739de7df5647ba029b88e468b92d156f665fc6be7c6fd8,9481670,0x6d7927C0D236388319864007681BC0C6b844Def8,0x12e1181a741b70BE6A9D81f85af3E92B6ba41897,0.0,0.001300011,confirmed
2025-10-24T17:56:42.075961,ethereum_tx,0x9fdeafaa2f12ceec0287d22094b2bf769417505179c7dd6107510b6aa85cc802,9481670,0x5201f735A84ADB64404C981903391AeD2d1d47aC,0x0A6D31Baddca5BB8169416FE4Eb40a045c72139C,0.0,0.001200011,confirmed
2025-10-24T17:56:42.075961,ethereum_tx,0x06ffa30915763116a1690816bacbdd379f39f5ad347589274578dda6284cbb1d,9481670,0x851fdcb4e6b7739A88c3875722ce3Daf6d206f1b,0xB88Ca91Fef0874828e5ea830402e9089aaE0bB7F,0.0,0.001200011,confirmed
2025-10-24T17:56:42.075961,ethereum_tx,0xab44fe6a4914e10eebd6dcc7acf3f5eb3ae135f79754499bb50a95f41c5010fa,9481670,0xFF1218066b4b5Cd9dE2A73639862082bcC98bf0D,0xd0dbB2486e3Fbf371D1B2e35Fa330bef6529d2f4,0.0,0.001100019,confirmed
2025-10-24T17:56:42.075961,ethereum_tx,0xa28db43393eb8176af148d32cb51153d2ace0e8f0def766a68161eb06a9aa066,9481670,0x36a46774A3743641D4C274b385608Cb455B5B6b8,0xd0dbB2486e3Fbf371D1B2e35Fa330bef6529d2f4,0.0,0.001100019,confirmed
2025-10-24T17:56:42.075961,ethereum_tx,0x6e6dc5a3f804023822c92c640fe043de7fd22266435186f925ffa6c2fc0eadcc,9481670,0x0816485BFF8571d05Fa81fd6089e2D91Ade4D618,0xF8344CFd5c43616a4366C34E3EEE75af79a74482,0.0,0.001100019,confirmed
2025-10-24T17:56:42.075961,ethereum_tx,0x68c97a399c8e4d19f9c8b941b3b50a1e4c73df5fb6053c7059ad777d2027b227,9481670,0xFfe4a49Dfa57aB92993Df36a4983F2F968159c1c,0xF8344CFd5c43616a4366C34E3EEE75af79a74482,0.0,0.001100019,confirmed
2025-10-24T17:56:42.075961,ethereum_tx,0xebda0f5a44035da985d53602a525056490f9f69be7c29095d52fabfd002b261a,9481670,0x30C796936FF5AC6aC28878B581BCe64A6C3eF43a,0xF8344CFd5c43616a4366C34E3EEE75af79a74482,0.0,0.001100019,confirmed
2025-10-24T17:56:42.075961,ethereum_tx,0x892af34713d2481f8e2a43deec8d75abb50714b68ef50a7860e0b342cd87eb84,9481670,0x2a94Eacf637B9D27E3d27FD76CeE0D331bC7a701,0xF8344CFd5c43616a4366C34E3EEE75af79a74482,0.0,0.001100019,confirmed
2025-10-24T17:56:42.075961,ethereum_tx,0xb44127a5d44daa4111d49b5210ede2b2c35babdf9b480b51d650f17526fe53c8,9481670,0x02e15Ba3104022f4B6741f883d0cC8C27F6ED203,0xF8344CFd5c43616a4366C34E3EEE75af79a74482,0.0,0.001100019,confirmed
2025-10-24T17:56:42.075961,ethereum_tx,0xe793d131dbc7f62e6b76f6515fe5d1d77811491c3f408441900917ee8f6eea65,9481670,0xDB9DE209C276E14bd36aAc18A1f551e09586e8Ba,0xF8344CFd5c43616a4366C34E3EEE75af79a74482,0.0,0.001100019,confirmed
2025-10-24T17:56:42.075961,ethereum_tx,0x1f3adaa44436526337817de96fed39c26d395ba26f928895532c353a5499b748,9481670,0x3846d5Cf02ed328C9aBF483A6075437B2A3b3720,0xF8344CFd5c43616a4366C34E3EEE75af79a74482,0.0,0.001100019,confirmed
2025-10-24T17:56:42.075961,ethereum_tx,0x6a1cd1392d53a233fcabece3d811bb6ecb42e6b6e62c0156c7fb04da445102f6,9481670,0xDaf7e62C3E562C6A5f9D6fcD1c6571Cad39DBABD,0x86EFBD0b6736Bed994962f9797049422A3A8E8Ad,0.0,0.001100019,confirmed
2025-10-24T17:56:42.075961,ethereum_tx,0x9dd122f0c6fcef40c4a5eb95a4055d1c0cdd56e2f0f56e3b366d4857881fa23d,9481670,0x30C796936FF5AC6aC28878B581BCe64A6C3eF43a,0xF8344CFd5c43616a4366C34E3EEE75af79a74482,0.0,0.001100019,confirmed
2025-10-24T17:56:42.075961,ethereum_tx,0xbcc65281e62d879878d5d4edc52775f15a17d8b503456d77fc996d67fa9c4c2e,9481670,0xFfe4a49Dfa57aB92993Df36a4983F2F968159c1c,0xF8344CFd5c43616a4366C34E3EEE75af79a74482,0.0,0.001100019,confirmed
2025-10-24T17:56:42.075961,ethereum_tx,0x8031f40033db36158c2d41a9163c2a0868684124842804e366e8068fe782b61d,9481670,0x0816485BFF8571d05Fa81fd6089e2D91Ade4D618,0xF8344CFd5c43616a4366C34E3EEE75af79a74482,0.0,0.001100019,confirmed
2025-10-24T17:56:42.075961,ethereum_tx,0x29e8001413e7e192794b3214fa7ce9a80f6423cbc6d34684110933da7b4d5505,9481670,0x3846d5Cf02ed328C9aBF483A6075437B2A3b3720,0xF8344CFd5c43616a4366C34E3EEE75af79a74482,0.0,0.001100019,confirmed
2025-10-24T17:56:42.075961,ethereum_tx,0x8ddf05d09a05d9fe819ad8568136caefa18eadee847ac6671672702d80a2cb72,9481670,0xDB9DE209C276E14bd36aAc18A1f551e09586e8Ba,0xF8344CFd5c43616a4366C34E3EEE75af79a74482,0.0,0.001100019,confirmed
2025-10-24T17:56:42.075961,ethereum_tx,0x5f681e8337de4dae31f4427e950e55c6af65fb5bdcb54cd00e954e8c2f65e811,9481670,0x02e15Ba3104022f4B6741f883d0cC8C27F6ED203,0xF8344CFd5c43616a4366C34E3EEE75af79a74482,0.0,0.001100019,confirmed
2025-10-24T17:56:42.075961,ethereum_tx,0xb8b4605d94a7bdd2c87e1aab727353829aa591acc169ef5a89db97392a199c00,9481670,0x2a94Eacf637B9D27E3d27FD76CeE0D331bC7a701,0xF8344CFd5c43616a4366C34E3EEE75af79a74482,0.0,0.001100019,confirmed
2025-10-24T17:56:42.075961,ethereum_tx,0x74180f9e8aa4b9abb4e3595ce0f6aa292447d6649f04f2bfa45cb8717b675a65,9481670,0x2D1A477e22F93b66F70a781D1f6aB73C3a62f09b,0xA73aFb610aC79A729A393D679029fCf9618854AD,0.0,0.001100019,confirmed
2025-10-24T17:56:42.075961,ethereum_tx,0x4b2e20da3b53057cd50a9b3520efe7e34bce596e90d938e1e472c104be574adb,9481670,0x2D1A477e22F93b66F70a781D1f6aB73C3a62f09b,0xA73aFb610aC79A729A393D679029fCf9618854AD,0.0,0.001100019,confirmed
2025-10-24T17:56:42.075961,ethereum_tx,0xfda570f32d81c31429a6768d8834c97d784d00b3dddf558801e428cfb9b515ca,9481670,0x9a0C272bD8bb40edB2689bF48B395F8EcB561d55,0x04FA4baD868637D95529D213Be174fd0eF0B6D70,0.05,0.001100009,confirmed
2025-10-24T17:56:42.075961,ethereum_tx,0xf71f2293d674a5f3efcb13a5d8d6fbfcddfadfd65b314f57565ee81a3cbaddcf,9481670,0x715d1084b1237Ba6a61447890F282E2505471EEC,0xb5A49949C49dEDD852F9f0f419b17aD2785032db,0.0,0.001052651,confirmed
2025-10-24T17:56:42.075961,ethereum_tx,0x00a0d1572c5b2f5587487859ca981bab36e6f3e9bb96efa669ea1364c048f829,9481670,0x68ED36eE90E5A6Cb757090898AC6Dc26E0662469,0x7215691F60C4fA7Bb82c5Ac44c7d57dc32bB0493,0.0,0.001052641,confirmed
2025-10-24T17:56:42.075961,ethereum_tx,0x8717c6d9d8cb60adabc9eee2a82be4253afb6229e68eefd9fc0a525a4a4f7221,9481670,0xf734908501a0B8d8d57C291ea1849490ccEdc16D,0xD80Bdb2c705A1176D8f3203DC5f08a952dD67C62,0.0,0.001000009,confirmed
2025-10-24T17:56:42.075961,ethereum_tx,0x0e336ee8c9a09982553af2f28ed0aa2dc5b0386c4955f70f0ec374d21a4a48bf,9481670,0x2BFaadCa3865BEf692e68B16A3A655bB3167e004,0x358e500d87F6d4630a8bF2fBDA09298C0873DA18,0.0,0.001000009,confirmed
2025-10-24T17:56:42.075961,ethereum_tx,0x81acf87cda46036de488397dc9239e5bf5d4e63a0b085f52194bc8912dfd93b4,9481670,0x1c2ADe017a8AF7229EbAb076f5C3DB41A63fE422,0x41920EFEC334f2bfcb37590579204984bF4f1eA1,0.0,0.001000009,confirmed
2025-10-24T17:56:42.075961,ethereum_tx,0x6f37a26b6c467bb5270b13697b19ebe99f9c6f2928f7745ae1072f40802faffc,9481670,0x812A967a69044225582ea080C63E4153E1F8B88C,0x1f96D1656a6500e526E92B19EAA894A6A7647ABa,0.010024380000400976,0.001000009,confirmed
2025-10-24T17:56:42.075961,ethereum_tx,0xfa802961e8f78270d4f35161337c1e179de0993f66e484cf931a8374a1b629d4,9481670,0xd756119012CcabBC59910dE0ecEbE406B5b952bE,0xADF5aadbe080819209BF641fDf03748bb495c6f3,0.0,0.001000009,confirmed
2025-10-24T17:56:42.075961,ethereum_tx,0x8342cf11a39ce811cff59d967c4596ac374b7767bfbec175031bf0a5531f7209,9481670,0x8D69Ec4029c7d634a06FaB50da4b538499FC8598,0xC6E13d97d73721ecA623F6d6c77ceBAFD2fF6431,0.0,0.001000009,confirmed
2025-10-24T17:56:42.075961,ethereum_tx,0xfb4907590b49b46992657b02504b22665f41576ef1403b862a71fe7a072becb8,9481670,0xB1C94bE48dc54827F41708d6Cc90E64a05258256,0x03C66CB1826BDB0395BF31E68Bf7E873e9564fFB,0.0,0.001000009,confirmed
2025-10-24T17:56:42.075961,ethereum_tx,0xae22716ce3c905ec7f34c9bebc6498303b6c091b25818ddc64836cf5cbe07cfe,9481670,0x1A53C8BE140Efb86dfDFb552899CE7e90c7bcE88,0x03C66CB1826BDB0395BF31E68Bf7E873e9564fFB,0.0,0.001000009,confirmed
2025-10-24T17:56:42.075961,ethereum_tx,0xea5ce0244561bc439e46759d9950dc3284f807183a1bb4815e186cab5afe9d74,9481670,0xa06CE49A0bc2b8e700ACF3605732de93b95D7d99,0x03C66CB1826BDB0395BF31E68Bf7E873e9564fFB,0.0,0.001000009,confirmed
2025-10-24T17:56:42.075961,ethereum_tx,0xac5d080d7e9f0fe69fb40ca6d1c910ae532d5ffe0218a2ac7ec4ee8820bc7dc4,9481670,0xA8f960655D046BF4a248Ef81632A2e3930547717,0x853758425e953739F5438fd6fd0Efe04A477b039,0.0001,0.001000009,confirmed
2025-10-24T17:56:42.075961,ethereum_tx,0xbb90410de169e3b9915e258f0e4d154b4841c9dcd371af5be6c65abbd08d5fa9,9481670,0x033D4f844fd9453962c5F1D993C7fD0d1FbFEA50,0x03C66CB1826BDB0395BF31E68Bf7E873e9564fFB,0.0,0.001000009,confirmed
2025-10-24T17:56:42.075961,ethereum_tx,0xbf43b074b8b9bf9a7c0d4eda1cc689214777deff2759281da2dd1001554bd629,9481670,0x88825700578Dc03Bf7a648555445ED1bdbe194Ac,0x03C66CB1826BDB0395BF31E68Bf7E873e9564fFB,0.0,0.001000009,confirmed
2025-10-24T17:56:42.075961,ethereum_tx,0x60794f96d2a3d6b081f4fa18aabb55323cd01e520bc497309304b4cc12988d2d,9481670,0xF8C07B061121def5CF5ef72D8849B0ceA4f62F3c,0x03C66CB1826BDB0395BF31E68Bf7E873e9564fFB,0.0,0.001000009,confirmed
2025-10-24T17:56:42.075961,ethereum_tx,0x2fdf7dd4a242e465108e365cce962bda5a14fc1182b6bd337e57f0ce899e4113,9481670,0xfFF256a355855557417ceef806fe6ddE534c9D15,0x0000000000000000000000000000000000000000,1e-05,0.001000009,confirmed
2025-10-24T17:56:42.075961,ethereum_tx,0x790102f46c2ad0aed6796593266181224e15ad798db68cbe22421015d2833748,9481670,0x36760519827d082E2bA5aaCF7fe2EB3272978F13,0x08d2b0a37F869FF76BACB5Bab3278E26ab7067B7,5e-05,0.001000009,confirmed
2025-10-24T17:56:42.075961,ethereum_tx,0x243d50f61e32285e44c627e77e268a36b96818f5bb45a45dd7d98b9df36befa8,9481670,0xE198C6944Cae382902A375b0B8673084270A7f8e,0xc211b581cB62e3a6D396A592Bab34979E1bBBA7D,0.0,0.001000009,confirmed
2025-10-24T17:56:42.075961,ethereum_tx,0x7eb4186e69d3026d48abe6fcb55e11a05a0995538a4c3ef4dfb0d0054072d540,9481670,0xE6B56B6568DA6fCE6da13825F2b2E3a3C2BC3fD0,0x853758425e953739F5438fd6fd0Efe04A477b039,0.0001,0.001000009,confirmed
2025-10-24T17:56:42.075961,ethereum_tx,0xaa42be52290c611e5249e720a5308f13608ee7e06d93269be2eb0b83699afb05,9481670,0x0B2cBA631Fb01CAE83c8E24821bCF49650a33a07,0xcaC33E6581521ff1Fe684258F015750a691DCccd,2.1e-06,0.001000009,confirmed
2025-10-24T17:56:42.075961,ethereum_tx,0x0be34de44efca6eb74c3a32377d1275a1c0fee48f39559f052c5cc5d2bcb33b9,9481670,0x4c33b96Dca2EEaB30b76881ccC189C5C0177B1F1,0xc067B3e68a48638172Bef58de42421375d3605d2,1.34e-06,0.001000009,confirmed
2025-10-24T17:56:42.075961,ethereum_tx,0xa53a43c58413fcd5bfce77ddc1c4a97916d2edcbb3f7384fb6df9e86e6d64fbf,9481670,0xE375E629b923f150F97b416bC0ed3726c9F967bd,0x03C66CB1826BDB0395BF31E68Bf7E873e9564fFB,0.0,0.001000009,confirmed
2025-10-24T17:56:42.075961,ethereum_tx,0x0b5a95a9b0021125ec6b20a0b068dc72a68afd4878a5d47c3b20e818c99c6cdd,9481670,0xe4aD9f82AE0A4Ce2D2128755C7F4a16D471a0fe1,0x2bDC7b44D82a8884F14040DB8B58e6Ff438D4C31,0.0,0.001000009,confirmed
2025-10-24T17:56:42.075961,ethereum_tx,0x9e10e89afdb370dca86d705e8699c81c7321341e8df273a334a258c8fa02dba9,9481670,0x274a5Ca1D40140eDC6Cb24cd87b8614a91Aa1Ad2,0x03C66CB1826BDB0395BF31E68Bf7E873e9564fFB,0.0,0.001000009,confirmed
2025-10-24T17:56:42.075961,ethereum_tx,0x8eef552e3dc458bbd1b9cdde7cedd56ff6aec336a36d7f9b54d0a25789517cec,9481670,0x9aeCf44E36f20DC407d1A580630c9a2419912dcB,0x89BA0Ed947a88fe43c22Ae305C0713eC8a7Eb361,0.0,0.001000009,confirmed
2025-10-24T17:56:42.075961,ethereum_tx,0x594374fa1221dcb4fa9f8cd0f94c0beff1cb3f8f57afae3792d8d690a19188e2,9481670,0xa31989DE9680172ee76BfA984e8F65CEF23e5266,0x84AcfB595ABf4280f3c88892A237AAB0527CD1D3,1.83e-06,0.001000009,confirmed
2025-10-24T17:56:42.075961,ethereum_tx,0xa61169a9a3866e816b9157f1a60d2315fa73747cbb6b49a8fe108798984dd410,9481670,0xcD12Ed9b63603bc9685Cda552c0156d9b297b41F,0x87A3effB84CBE1E4caB6Ab430139eC41d156D55A,0.0,0.001000009,confirmed
2025-10-24T17:56:42.075961,ethereum_tx,0x68fecfe3c7fe0c5e606c5893feb096fadb9ee8387c1a3c703808ef5583381cd5,9481670,0xb678C3835e334795E8f02303902A990e99DccE76,0x03C66CB1826BDB0395BF31E68Bf7E873e9564fFB,0.0,0.001000009,confirmed
2025-10-24T17:56:42.075961,ethereum_tx,0xf00e24988f4f15d6ecb8b253da6b178723b0d96d230a9b3a626ce043d2c32e75,9481670,0x4fEc2c0ccc5cB877A86E84A75446b6A28C19fd95,0x03C66CB1826BDB0395BF31E68Bf7E873e9564fFB,0.0,0.001000009,confirmed
2025-10-24T17:56:42.075961,ethereum_tx,0x3673df40e7430661376e6a84a3b016fdd3b98687dbb05d7b2d2a0ae0cc8f7692,9481670,0xbB25A871A38608477e1AAB5f234f12918712c22b,0x03C66CB1826BDB0395BF31E68Bf7E873e9564fFB,0.0,0.001000009,confirmed
2025-10-24T17:56:42.075961,ethereum_tx,0x602476137b21f1779757596a40fa0e05ad62ed1c4d283adade9fc71fc438e643,9481670,0x3Da763C42E438eB17880fB6A83040d6cf13eF03b,0xFf00000000000000000000000000000000042069,0.0,0.001000009,confirmed
2025-10-24T17:56:42.075961,ethereum_tx,0xddf06a02275a92f00e941efdaff95a5784755dcfd4571bda84146f766a54e587,9481670,0xD6627c9c3bf710d02684f804632Ab50e2Ef61381,0x03C66CB1826BDB0395BF31E68Bf7E873e9564fFB,0.0,0.001000009,confirmed
2025-10-24T17:56:42.075961,ethereum_tx,0xd8b0cada49467d80817a473e9de8da9fb5aa983f165d6ef139f7da533727d632,9481671,0xc9E504624e82071d1E94Dc41CE1429c3B0f0d691,0xcA11bde05977b3631167028862bE2a173976CA11,0.0,3.000000009,confirmed
2025-10-24T17:56:42.075961,ethereum_tx,0x87a14a14627ce66ceb0a31c62914e0607abe8868a1c115f348d20dbd334d71c3,9481671,0xb001aEB47bDb31EBE36C74518ee7B42E0926C697,0x73B668d8374DDB42c9e2f46fd5B754Ac215495bc,0.0,2.000000009,confirmed
2025-10-24T17:56:42.075961,ethereum_tx,0x4073fff3d943ddd8bd1a45142dffc170c2a7b8ac5a6e6f1e296af362113054ee,9481671,0x6Cc9397c3B38739daCbfaA68EaD5F5D77Ba5F455,0x180236c7C23292d6Bc8A5C6D4f82F0c6B2ff5384,2.5,2.000000009,confirmed
2025-10-24T17:56:42.075961,ethereum_tx,0x6008d54bfead330ea71bef904f981f8c00b184338294cca0b2165818b3d72c04,9481671,0xe7F38E2D57a0eA80240B5E65A69AF66812CbCd0C,0xE5d0a641e46507a182cbfC1dD04B3f28f2Cb0cDC,0.01,2.0,confirmed
2025-10-24T17:56:42.075961,ethereum_tx,0x73d740719483c606b6d282ddc279f15f31f9237c3fa9f265fdb883a6a3dcf6c8,9481671,0x6b0B1525b4ebFC1D506d7F2CEe4Fc5B0706bec47,0x1c7D4B196Cb0C7B01d743Fbc6116a902379C7238,0.0,1.500000009,confirmed
2025-10-24T17:56:42.075961,ethereum_tx,0x8cec2028a0d4f4b8eb48d0ae0c5b27507b0fa4b89ec87736f5faec51913b5e4c,9481671,0xE4eE50fdaB57938FE1d32E37feB2d450A779e9d5,0xBC04d69Ecd7890699b2BE7924eA86474e15098E6,0.599968499999811,1.500000009,confirmed
2025-10-24T17:56:42.075961,ethereum_tx,0x23f52d67ee5f771a3faf57261b9bac9a847a14e5b445fd3cc71555531fb14476,9481671,0xC915fBB94D959EEbbdE2956e7f1DE2D6210A2147,0x956962C34687A954e611A83619ABaA37Ce6bC78A,0.002,1.500000009,confirmed
2025-10-24T17:56:42.075961,ethereum_tx,0x1264c23600783fbcca240a56beb2377ed4aebefc7d8a6878223cb3d56de777d2,9481671,0xc995CB934667733e0fBDBEaD76a4CD01B66dA721,,0.0,1.500000009,confirmed
2025-10-24T17:56:42.075961,ethereum_tx,0x72cb3222b4bd3d18f386ced28f0d1d407e6b7aa8fb677802413e4b117a05d8b5,9481671,0x5E415aD9F91ba2fFE78c053eD90Dc3CE0A171C91,0x2A4496bbC344414e3bDbE6a8E7c40EF007DAeEd1,0.0,1.5,confirmed
2025-10-24T17:56:42.075961,ethereum_tx,0x50ea3edb0e49e79e8fe9bc303bb4aa09f5067277c75ee49c2914f9691d7f4cc4,9481671,0x90a68c096e1fb46eDCb1081ef4EdE7d5547Bb65e,0x2A4496bbC344414e3bDbE6a8E7c40EF007DAeEd1,0.0,1.5,confirmed
2025-10-24T17:56:42.075961,ethereum_tx,0xc0d4c4966f67027f6a0ac1b83e8b9102e8f6687822c5ed03d93d1d1687757897,9481671,0xC87412c0d7767Ee287D2e4B6F4a580c1087ECe1A,0x2A4496bbC344414e3bDbE6a8E7c40EF007DAeEd1,0.0,1.5,confirmed
2025-10-24T17:56:42.075961,ethereum_tx,0x22cf8dbd8265e47c62770d26fd0e4a85932e3e7b87db8ea69b8e2f512712a33e,9481671,0x7D1E1555Be66c794eb1E382D3e90AB6947e3307F,0x2A4496bbC344414e3bDbE6a8E7c40EF007DAeEd1,0.0,1.5,confirmed
2025-10-24T17:56:42.075961,ethereum_tx,0xe62a4d5e8c2b6b01ab8df6f84043ec7f567c9d897f0f073dbef3315f20a56519,9481671,0xc39Ab29406cf7F5e6eD12320B667F5A26ce9127b,0xe5A1242cE009Aa61A259A19e23433e2796A9CC0e,1.13e-05,1.5,confirmed
2025-10-24T17:56:42.075961,ethereum_tx,0x1a997e1a55da706f160d522854e51e1d282cc8d9fd60868bd8b34dce27110aa8,9481671,0x293c02Fa6323f3660c605547DF44Feda52c6A834,0x2A4496bbC344414e3bDbE6a8E7c40EF007DAeEd1,0.0,1.5,confirmed
2025-10-24T17:56:42.075961,ethereum_tx,0x9b13287f11432ef3b28f082714474e9f2a3e856423c8aa487837c15025959397,9481671,0x758bADcc4760Ce3f569026D61EaA130F70db8851,0xba1FCc7a596140e5feC52B3aB80a8F000C9Af104,0.0,1.5,confirmed
2025-10-24T17:56:42.075961,ethereum_tx,0xbbd9193f274a3c350a65ed4402711df387514be8b7d743449500f94d9ec12f34,9481671,0xaB697892ec5C0008589a8a64a557Eb68B53F72A3,0xe969c530D9bCb5Cc348aE1C1F19efa42EFb1CC1f,0.0,1.000000009,confirmed
2025-10-24T17:56:42.075961,ethereum_tx,0x03cf9fc5b3892bbe42f3758cb16fc7ba4036cdc3ec03a1d9786e840cc0a586ce,9481671,0xffb026F67DA0869EB3ABB090cB7F015CE0925CdF,0x677FA02C26c7a857A637938E271cdd12766CffbA,0.0,1.000000009,confirmed
2025-10-24T17:56:42.075961,ethereum_tx,0x773837a21ba582f8f58d91b668bdcd98e14434f3ecfb24c41000447e1aa6ed6b,9481671,0x59f426686f13B3d25dD2B878463c3D6998760Ffd,0xFf00000000000000000000001205614522221704,0.0,1.000000009,confirmed
2025-10-24T17:56:42.075961,ethereum_tx,0xc41140ee45238edd333e21d8f5ec37c5d46a383a5c703d57fedb15ca35ae0da2,9481671,0xF0FEd0C0192539a1076d8BDa1233f414704d98Be,0x00D22efF04CF7d0f5A355A6D9A06E43120398dA6,0.0,1.000000009,confirmed
2025-10-24T17:56:42.075961,ethereum_tx,0xd1658bef26fbd3805fa5d36001531633b42b8ec3b927a2a0b1fcd5a45a26be49,9481671,0x45A9E762151139bA4059404989DcFAb068D69823,0xFf00000000000000000000000000260011155008,0.0,1.000000009,confirmed
2025-10-24T17:56:42.075961,ethereum_tx,0x2b4f23ed1677c4ba76aeaa0d5c23303c5695d7981c9fe8abfad9e9aa6032e347,9481671,0xA7491647b383e087616079c6C2A65D8966C066dF,0x00cCafF4914230F00Ec83Ae7553E3C97e884cCFC,0.0,1.000000009,confirmed
2025-10-24T17:56:42.075961,ethereum_tx,0xa3cce4ba6b38a5a73d3c744e2f4313821821f7a0bcca16264240d4cf53374d39,9481671,0xc5eAEa93552D1405704e4f1ff9eF9524b031C126,0x483aB4a3804ba7737aA55608E165d25bAa0BeF3F,0.0,1.000000009,confirmed
2025-10-24T17:56:42.075961,ethereum_tx,0x23799d92dcc0162b3e524de7e4d7118d094e33b1e0fbeae5fa1890877e7438f7,9481671,0x04FbDCcD98E3A7c7CC40B15E2E1E13d2842D7Bf9,0x2Cf848B370C0Ce0255C4743d70648b096D3fAa98,0.001,1.000000009,confirmed
2025-10-24T17:56:42.075961,ethereum_tx,0x6333f25e4c9175bc42e622bfffccf0281d4918599b7f6fd582890300dbefb694,9481671,0xa029e2E511d10CC73b681a7BA0A0cb443AE956Ed,0x5F9364fd5F86091f0c654910c9Db71D3E2c889c3,0.0,1.000000009,confirmed
2025-10-24T17:56:42.075961,ethereum_tx,0x4f02c5df20abc51cbd91e57567a233828533be93ea93809e6e3618b2dfa6b0e1,9481671,0xf74c4e7fb0A4988d3CA9ACF5AA750844d6a4fbB1,0xB7Cc7C31682D06473471D49160b1dD31AFC8A38f,0.0,1.000000009,confirmed
2025-10-24T17:56:42.075961,ethereum_tx,0x0cc2cdce8e7b923aeb70a074cd81a751c865adaf5a2e3835823d0ffe6a754554,9481671,0x0632215e32658508fC985BB80f22eE71377F7aAE,0xFF00000000000000000000000000000000743111,0.0,1.000000009,confirmed
2025-10-24T17:56:42.075961,ethereum_tx,0x9ca66609773dfa3e96fdb95377cd62446206f9a1ae19bdd7d43d4943ea751faf,9481671,0x263d8f55BAc71a42d0A822F46b1eC62Cd4183a8d,0x0Bf464f24D867ff0B20aE8f9C353a589138D6836,0.0,1.000000009,confirmed
2025-10-24T17:56:42.075961,ethereum_tx,0x36c95535af20e9f4bebcb772287c691279e18233d8b180d797b884cc6666fe23,9481671,0x41663e2efc1A969a11a7E3Bc27D5332bbde93b0F,0x0081d2898dD96c237BdDEE928a92fd4099A72B96,0.0,1.000000009,confirmed
2025-10-24T17:56:42.075961,ethereum_tx,0xcbf3a4ebb6a209eaf73cdc1ac96cf4b8a9c4ad1b7385420ae685c6ba1c451e87,9481671,0x0952258292ca2a436f112a7f6a1eAF0c24C1A723,0xf993E10C83Fe26DddFc6cb5E82444C44201e8a9C,1e-06,0.020000009,confirmed
2025-10-24T17:56:42.075961,ethereum_tx,0x49b520f50dcbb6931a734ee3f20dc0f48b15e8b8951cc4dc0da3de812ded59bb,9481671,0x97AeC9cbA3916f5405bC5b986acAee1e9ed2c335,0xf993E10C83Fe26DddFc6cb5E82444C44201e8a9C,1e-06,0.020000009,confirmed
2025-10-24T17:56:42.075961,ethereum_tx,0x41b506cd8182e1ade69b3f05eedcb792cea50c77766ca32e39dcd4bcb53bd107,9481671,0xc7Bbb1653BaF0d2a73795F3DBcAaE8991D408E06,0xf993E10C83Fe26DddFc6cb5E82444C44201e8a9C,1e-06,0.020000009,confirmed
2025-10-24T17:56:42.075961,ethereum_tx,0xc0ae67207e0d6db7f08f7a6fa9c88c7da3b76faa804602b72358e5b63c9a7df0,9481671,0x9a384630da1488623b0B4189808dBC061e87fe6e,0xf993E10C83Fe26DddFc6cb5E82444C44201e8a9C,1e-06,0.020000009,confirmed
2025-10-24T17:56:42.075961,ethereum_tx,0x3d02e38bbf9de8f6cca7d06ef9105633f7d031027686185406aca537fbfc00d5,9481671,0xb3a1956Cff1ecc8054B81b0C83b9847CB71384b8,0xCf8EDB3333Fae73b23f689229F4De6Ac95d1f707,0.0,0.009051096,confirmed
2025-10-24T17:56:42.075961,ethereum_tx,0x6ccd8e32e7a4fe0cbb1eca3bb2f445cc5af5156e348b28e642d3f78ddbec7642,9481671,0xb3a1956Cff1ecc8054B81b0C83b9847CB71384b8,0xCf8EDB3333Fae73b23f689229F4De6Ac95d1f707,0.0,0.009051096,confirmed
2025-10-24T17:56:42.075961,ethereum_tx,0xe1abee204163a7675cb258a9e35c0bae8fed412442abc5257116720fdf9dd9bc,9481671,0x669b6bbB8bd18B0ccd3d3EE7d2eF69Bc407c42Cc,0x0156be65D0effabCBee5b3140fA2bB5C20f00c03,0.01,0.002000018,confirmed
2025-10-24T17:56:42.075961,ethereum_tx,0x5952b59da5eba9f117ae73ea228abff897aca9cb956a73cd4f8a9fbc11a85b7f,9481671,0x5F49Da921F141af783D0b6cE2D82776E124841D7,0x956962C34687A954e611A83619ABaA37Ce6bC78A,2.0195710653529e-05,0.001500013,confirmed
2025-10-24T17:56:42.075961,ethereum_tx,0x155c8d419ecd69400b0df8b8a61573be2ea3551b5cbe649dc805bb2e711b2276,9481671,0x631EF553FAB7F550372D979af9C2441acBC71036,0x956962C34687A954e611A83619ABaA37Ce6bC78A,2.732132290588e-06,0.001500013,confirmed
2025-10-24T17:56:42.075961,ethereum_tx,0xe72f2709fd4bbace876b9a08a115e7f691279869d3adc8f46fe6b525cd0ab710,9481671,0x0325686a18aA829B9FaaAD70f22ea0830aA6076F,0x32d33D5137a7cFFb54c5Bf8371172bcEc5f310ff,0.0,0.001500009,confirmed
2025-10-24T17:56:42.075961,ethereum_tx,0x20d6df48cd38f23d8fc81afea0e7bfda7b3627049978c0216f3e96bcd4389182,9481671,0x7e62c5e7Eba41fC8c25e605749C476C0236e0604,0xBdCC405C59ED6075088E600f25DF922d76bCcB64,0.0,0.001300011,confirmed
2025-10-24T17:56:42.075961,ethereum_tx,0xa027c96e43d2d772bb871c732b78eb814827b1ea9e3e886f02fcb03931e77283,9481671,0xE3f8B2C7f05a2E8c1DCAFb7C0d4b6A832b2B4456,0x459dD9f53E8ae9587B129395D0Ee241a5EF149a9,0.0,0.001200011,confirmed
2025-10-24T17:56:42.075961,ethereum_tx,0xe5b731fff7a9feefb1c6e1b6dad27188d420132f259265424768ae583126d972,9481671,0x851fdcb4e6b7739A88c3875722ce3Daf6d206f1b,0xc6255a594299F1776de376d0509aB5ab875A6E3E,0.0,0.001200011,confirmed
2025-10-24T17:56:42.075961,ethereum_tx,0xdec9d9e372b9113d1816f9a0ecacc1b826dc1a542ac4f6ae8eb43c733576516a,9481671,0xDc9d3015A4a391607A835B87a292BcF030AF24E2,0x9E841C03218E36A785C1c50f2f74fAc5D54656Da,0.0,0.001200011,confirmed
2025-10-24T17:56:42.075961,ethereum_tx,0x721b71361e1c48e0c3fbc595abf2d12564c5dad76d9d2ecdbf1cc510144e6eff,9481671,0x860235D5Db42eF568665900BBD6bA3DB2fA4f33f,0xd0dbB2486e3Fbf371D1B2e35Fa330bef6529d2f4,0.0,0.001200011,confirmed
2025-10-24T17:56:42.075961,ethereum_tx,0xa6dd28e625443bb31c06db10f648c192b32d023a9db9ecbc47e4188b35f5cff6,9481671,0x27A88B8846882507bab868974805339d4c438667,0xA73aFb610aC79A729A393D679029fCf9618854AD,0.0,0.001200011,confirmed
2025-10-24T17:56:42.075961,ethereum_tx,0xec6ddf9b6b3201589ccea5fca6eb0cf2b47fe85d302d8b715fa677abadd69340,9481671,0xd25DB2Ff2263A31b192EE117eB83E7792C01d58f,0x956962C34687A954e611A83619ABaA37Ce6bC78A,0.000204,0.001200011,confirmed
2025-10-24T17:56:42.075961,ethereum_tx,0x47c588d69c572ce1741b9f2fcd2786743ba7126aa93f161f5c3cf595a86c594c,9481671,0x6dB8952e4963541c9Cc8Be7e578E97Fcbd37A576,0x86EFBD0b6736Bed994962f9797049422A3A8E8Ad,0.0,0.001200011,confirmed
2025-10-24T17:56:42.075961,ethereum_tx,0x9a985d4d1754641cb261f8a3cff34063ccfa017535cfc3cb19b38f16057f84a1,9481671,0xB4fC80AEc34911C5d761259E74aE8a24c2C5D995,0x9d9305445F404E925563d5D5EcC65C815Ec1655b,0.0,0.001200011,confirmed
2025-10-24T17:56:42.075961,ethereum_tx,0x00c193a18045ad8994530ca23c3f82dcd0d73ad75b26c516332cee5475cbd460,9481671,0xA2bfAc45e6878fbE04525C23dFbb11fFb224Ea60,0xd0dbB2486e3Fbf371D1B2e35Fa330bef6529d2f4,0.0,0.001100019,confirmed
2025-10-24T17:56:42.075961,ethereum_tx,0x94ab6b28fc0ae7484bf645c8fef560ee0eae2f0dbfc9653a0d0cda9bb28807f8,9481671,0x0c9cD49378ef12245Bba0B40C08870AfBA3947E3,0x7215691F60C4fA7Bb82c5Ac44c7d57dc32bB0493,0.0,0.001052641,confirmed
2025-10-24T17:56:42.075961,ethereum_tx,0xb12ea80e36ab6a7bb373ced4530eca8d347e5e6ff0786a1ccd41a629efb2aae5,9481671,0x7101cd07cF04101b1aCC5aa231141B9B013E3aB6,0x7215691F60C4fA7Bb82c5Ac44c7d57dc32bB0493,0.0,0.001052641,confirmed
2025-10-24T17:56:42.075961,ethereum_tx,0x951726e50d2ef6fd4c2aadae2949fad933a30ccf137f9f12796be583cceb3c35,9481671,0x8D69Ec4029c7d634a06FaB50da4b538499FC8598,0xC6E13d97d73721ecA623F6d6c77ceBAFD2fF6431,0.0,0.001000009,confirmed
2025-10-24T17:56:42.075961,ethereum_tx,0xbd2bac8520b0500aba104f8e5e16e0abe8b7ba4e43e33dee544b4f74058dc960,9481671,0x8E1707233D91Ad65CC7059F4ca021866aF6986C4,0x853758425e953739F5438fd6fd0Efe04A477b039,0.0001,0.001000009,confirmed
2025-10-24T17:56:42.075961,ethereum_tx,0xe56817e3ab22fbaa2ed1f2f9fa5dfc0309f13be1976c46398cf0727136680dc6,9481671,0x27977e6E4426A525d055A587d2a0537b4cb376eA,0x27977e6E4426A525d055A587d2a0537b4cb376eA,0.0,0.001000009,confirmed
2025-10-24T17:56:42.075961,ethereum_tx,0xf13cf07957827db4b5196af1b693dd45499b4b24513231eedf9bc8253cf0b543,9481671,0x58E18B212613778d1f8B10E5eA72eDDa0Ff9bE6E,0x08d2b0a37F869FF76BACB5Bab3278E26ab7067B7,3e-05,0.001000009,confirmed
2025-10-24T17:56:42.075961,ethereum_tx,0xe8667403087141dfcfd99add2acc8078645f512622d747de0debd302b3663a6c,9481671,0x168d110180E2992e7c23ae4BEA7581EC591187bd,0x08d2b0a37F869FF76BACB5Bab3278E26ab7067B7,3e-05,0.001000009,confirmed
2025-10-24T17:56:42.075961,ethereum_tx,0x60a55da29b0a52d980224b83388eadd36d8626ccc48b1a3aa6c2cc527daca757,9481671,0x6c01fd805147bb29eD61d0fA99Dc24326a0787B7,0x87A3effB84CBE1E4caB6Ab430139eC41d156D55A,0.0,0.001000009,confirmed
2025-10-24T17:56:42.075961,ethereum_tx,0x3ee6f1452f8f0c01e4d951c0280aca588606b8d5f3221218550d80e612224530,9481671,0x56744Fd334FBd64F09986f97bc1Cea193ef09d91,0x03C66CB1826BDB0395BF31E68Bf7E873e9564fFB,0.0,0.001000009,confirmed
2025-10-24T17:56:42.075961,ethereum_tx,0x60e83e342f398acb9fabf56c6243e59289d5f6411d51b71e08a1b32097376a67,9481671,0x8B2198E278F3bD464C6569482A5CD968c4BB62E4,0xE2EF6215aDc132Df6913C8DD16487aBF118d1764,0.0,0.001000009,confirmed
2025-10-24T17:56:42.075961,ethereum_tx,0x03923feda6e400828208601c329274f5e70a6a4db1f2c9ccf2f10d0535fe302e,9481671,0xE1a1048c6521eBE92677702A27d59611Aac386E9,0x03C66CB1826BDB0395BF31E68Bf7E873e9564fFB,0.0,0.001000009,confirmed
2025-10-24T17:56:42.075961,ethereum_tx,0xb2bd953e58349315b4689a9eff999fe99af4f7c060cd0fe20fc643dd05310b63,9481671,0xfFF256a355855557417ceef806fe6ddE534c9D15,0x0000000000000000000000000000000000000000,1e-05,0.001000009,confirmed
2025-10-24T17:56:42.075961,ethereum_tx,0x6039d1816b7c31a77a1707baa2bb0a78292a556a539b0cca34d38c3d9335c975,9481671,0xF7a408eeafF5c56b178f25BB81dF3E668D98BF5E,0x2c02c4F3DB094788bdb60C093D96F834F0FB4bcE,1.4849215438150045,0.001000009,confirmed
2025-10-24T17:56:42.075961,ethereum_tx,0x52de3f76ea13b13a22d20c99bdc01823cc30e614d7225f3b136c7440bd79e15a,9481671,0xeeC9d65E6982c46837F08e5F9BD803d14269C429,0x03C66CB1826BDB0395BF31E68Bf7E873e9564fFB,0.0,0.001000009,confirmed
2025-10-24T17:56:42.075961,ethereum_tx,0x058f27a21ee48a6b33322a13955fb2814a948d259c6689e22d5ca37ebcd7852f,9481671,0x308b18Fd8BCE8F1acF6392D71fd461de08Be8419,0x03C66CB1826BDB0395BF31E68Bf7E873e9564fFB,0.0,0.001000009,confirmed
2025-10-24T17:56:42.075961,ethereum_tx,0x47379cd9ea6fa45a3171f9d2c60958056b53e72f2b07a1fab862e516dae529fc,9481671,0x1FFA89cf51Af16F467244D979A8a15A35953bde2,0x87A3effB84CBE1E4caB6Ab430139eC41d156D55A,0.0,0.001000009,confirmed
2025-10-24T17:56:42.075961,ethereum_tx,0xcc84c6d2bded7881808743910000871917effd5b7222a39b905ca39677d497b8,9481671,0xFa4F83c3434CEDD93D0bbcca7D91Cf54f8BeE4Fc,0x87A3effB84CBE1E4caB6Ab430139eC41d156D55A,0.0,0.001000009,confirmed
2025-10-24T17:56:42.075961,ethereum_tx,0x5854fc0d60898bd2d97684178f284470f8912780d0f200bdc40d13e2d1371e7b,9481671,0x71A6D6a1ca08FFC667F85050f72d9aAE327Aa29A,0x32149efBd92bbE6D36c216bfBBD99A9ECe61DD7d,1.9e-05,0.001000009,confirmed
2025-10-24T17:56:42.075961,ethereum_tx,0x62d34fa3401d3b64811fcec5eb4068f6d5976260662c7744b59c77ca57c32221,9481671,0xE2ddE46e79a1F4b2CbA63C45e1D713c53992BDA8,0x03C66CB1826BDB0395BF31E68Bf7E873e9564fFB,0.0,0.001000009,confirmed
2025-10-24T17:56:42.075961,ethereum_tx,0x3fcdc35cf60a1adc7cdbed24afc825b6946b52af3e651de63532e613af11d07c,9481671,0x970335a3e883892529B2029E0A629579EF457d64,0x03C66CB1826BDB0395BF31E68Bf7E873e9564fFB,0.0,0.001000009,confirmed
2025-10-24T17:56:42.075961,ethereum_tx,0x97ac47ef1bec723e0a251a3771c6c2eb5a55423a9ef5541ff95bbc382aefc390,9481671,0xE232521803e53509E75A8DD8e8C9db2d56Ae70C0,0xBF45437F65E3B0ec8222526D114c802E24fF4D57,0.001,0.001000009,confirmed
2025-10-24T17:56:42.075961,ethereum_tx,0x0c11211edf4d6ff7ea52d909a13d27318ea8a349ba1b315074bd443d2f542a63,9481671,0xB11A6Ee7B18D34e1fA7FA2bd9e2c28ef58AF4E44,0x03C66CB1826BDB0395BF31E68Bf7E873e9564fFB,0.0,0.001000009,confirmed
2025-10-24T17:56:42.075961,ethereum_tx,0x817820fca1a33a59c7fd7e0bc83b7d3c1cd575f1fdc67c1fb5f6f1627c6d9560,9481671,0xFF5e23F80C9fe3acA17EaB23FaAbe50223f482c5,0x59daA300Ee5aF5327c01C8341Ad1Ce356239a370,0.0,0.001000009,confirmed
2025-10-24T17:56:42.075961,ethereum_tx,0x567e40d1b101ca57323f0c386a5996144518c7ce51d00166f98537a351afb5ff,9481671,0x3A3233C0DD633aFa67b1fB877b3C0e74320E69fB,0xE3e52c9A4820F278A5EdadeD49A4e220616A70e1,2.499999978999811,0.001000009,confirmed
2025-10-24T17:56:42.075961,ethereum_tx,0xd8753042e77db6c2f686ef387293bf4ceb99b89c2b212edb13327eff65060647,9481671,0x94F9E9535897e8bAfCfD8768BEEA39B38d74d9D3,0x03C66CB1826BDB0395BF31E68Bf7E873e9564fFB,0.0,0.001000009,confirmed
2025-10-24T17:56:42.075961,ethereum_tx,0x4cfc1192c9bd9ad58fa68badc58a6c1eed38e2d803a4b24b7b9c4c7311aeef94,9481671,0xF957CeA34d740d4C49D52633211542BF8cDF4543,0x2c02c4F3DB094788bdb60C093D96F834F0FB4bcE,0.01649266546587516,0.001000009,confirmed
2025-10-24T17:56:42.075961,ethereum_tx,0x6af153ba46632bfa7292d71817f992c044cc72a5f882d48b59a403cd8078ca35,9481671,0x821A318946723fD408933Edf3792bF3fE025275A,0x03C66CB1826BDB0395BF31E68Bf7E873e9564fFB,0.0,0.001000009,confirmed
2025-10-24T17:56:42.075961,ethereum_tx,0x026db61285f34917995433771ece427fa175665128ca4fa38ad25b36f50d9a93,9481671,0x80426BD0AABCd6A3B4C4D256cbc996b457fb987d,0x03C66CB1826BDB0395BF31E68Bf7E873e9564fFB,0.0,0.001000009,confirmed
2025-10-24T17:56:42.075961,ethereum_tx,0x39bac36b197c501064095b99acc424c5b534a6db3fc172d4efb05e7253a5df6c,9481671,0x4c33b96Dca2EEaB30b76881ccC189C5C0177B1F1,0xA5024DC766C930F60d8BeE154Af2B18e8695A446,1.38e-06,0.001000009,confirmed
2025-10-24T17:56:42.075961,ethereum_tx,0x65d50d738f082e1bebe68fa4c30bcf9f10466985e8d5467cc59fde9b8e24aef8,9481671,0x3Da763C42E438eB17880fB6A83040d6cf13eF03b,0xFf00000000000000000000000000000000042069,0.0,0.001000009,confirmed
2025-10-24T17:56:42.075961,ethereum_tx,0x6545877d5acb756d9cad590f6d9bf338a0e15f9066fd07a3e7a9f74a5aabdd2d,9481671,0xC786eaC20777f07f8aDDDF2129115234b3aD9db6,0x868C805bC90982614bf33900ED2F37303b55A644,1.25e-06,0.001000009,confirmed
2025-10-24T17:56:42.075961,ethereum_tx,0x7bda25374b7664b67284a10a9f9b51f5516f404adb1ca4bc0be13b60c2b69e19,9481671,0xD9C32d98149A0Ab97E5132B2fACDF0DEeb4ead9a,0xE147CF8507e37d38421Ef01C65FFb3827c6b2d5E,4.35e-06,0.001000009,confirmed
2025-10-24T17:56:42.075961,ethereum_tx,0x3c8b13cd8fba228040a8d4b10580188eed5ab3d86aa7e56d910bf564437f14b2,9481672,0xAf6b508bF1f658fa9DF0FEB1E431b3334E1EC8fA,0x18bCB94F6334100A6f9b942D7E5DF214287238b0,0.0,6.000000009,confirmed
2025-10-24T17:56:42.075961,ethereum_tx,0xff41354b353dae782340ed638f574011d691b73e6be21d96344aabbe35aba898,9481672,0xAf6b508bF1f658fa9DF0FEB1E431b3334E1EC8fA,0x18bCB94F6334100A6f9b942D7E5DF214287238b0,0.0,6.000000009,confirmed
2025-10-24T17:56:42.075961,ethereum_tx,0x5b02f83b755a1245a2ba82391adf2ebcda8e1c97f51252414b3ecd6c1290febf,9481672,0x1D4F5B42F75D7C65404b2d3a2714F727bA0969b1,0xcA11bde05977b3631167028862bE2a173976CA11,0.0,3.000000009,confirmed
2025-10-24T17:56:42.075961,ethereum_tx,0xbeeff629bfefb523f71bcb4a387a90924a50398739aeac07f6d43e3ef8057575,9481672,0x55A07F9f7eD7F110c2Ddd8f2f5d8677Dc94aF4E2,0xeA30c4B8b44078Bbf8a6ef5b9f1eC1626C7848D9,0.0,2.200000009,confirmed
2025-10-24T17:56:42.075961,ethereum_tx,0x8e66c02828e121cabf309c478c4fe6865b76b81154d955ef993f237beef7a81e,9481672,0xb4cdEf10977C8014BFb58b3fe88c35e3456d0aA2,0x73B668d8374DDB42c9e2f46fd5B754Ac215495bc,0.0,2.000000009,confirmed
2025-10-24T17:56:42.075961,ethereum_tx,0xadbbd3d184cfa9599582e9dd8236f98900f6564ea6b03fea7b069cca0cac512f,9481672,0xc5d959A56de33F79f318c806cA069652769d7e75,0x73B668d8374DDB42c9e2f46fd5B754Ac215495bc,0.0,2.000000009,confirmed
2025-10-24T17:56:42.075961,ethereum_tx,0x70d51c415275b716e7694568d558af5b0dfbb8ba585760660f47188ab180bd4f,9481672,0xb13944620AE764f5dff7B731F542c960CCA96b32,0x73B668d8374DDB42c9e2f46fd5B754Ac215495bc,0.0,2.000000009,confirmed
2025-10-24T17:56:42.075961,ethereum_tx,0x15eb21aaabeb8dbd4d9c38b680ed25499b68702215d2014f2e5a7c616cd12f52,9481672,0x31d6873915df55B49A266C9c282F71c272C357ab,0x00FBc376af7d11D34494Ccfd485b20fD7571A9CD,0.0,2.000000009,confirmed
2025-10-24T17:56:42.075961,ethereum_tx,0x788d70161109deb20bbb55aa509238fcdce530ee18f205777f0dc2691d280688,9481672,0xCAe48CC52Cb22Fea40077434DBDd3BbA56eE1A03,0x000D51c298a9B0AcbDa440e1dd2E0812d7790e3f,0.0,2.000000009,confirmed
2025-10-24T17:56:42.075961,ethereum_tx,0x389f2d07cc134beac0a0a921f8e7c864af886115a9264b80c0a99599e05068d1,9481672,0xCAe48CC52Cb22Fea40077434DBDd3BbA56eE1A03,0x000D51c298a9B0AcbDa440e1dd2E0812d7790e3f,0.0,2.000000009,confirmed
2025-10-24T17:56:42.075961,ethereum_tx,0x2140c12b82775b76a437ac661d501f02cbf8e0a6be267ec8678a80467fcef741,9481672,0xCAe48CC52Cb22Fea40077434DBDd3BbA56eE1A03,0x000D51c298a9B0AcbDa440e1dd2E0812d7790e3f,0.0,2.000000009,confirmed
2025-10-24T17:56:42.075961,ethereum_tx,0xcf934eab30a73b8902395dff7127993a48171d96bae584a5af30a8330ea80164,9481672,0xCAe48CC52Cb22Fea40077434DBDd3BbA56eE1A03,0x000D51c298a9B0AcbDa440e1dd2E0812d7790e3f,0.0,2.000000009,confirmed
2025-10-24T17:56:42.075961,ethereum_tx,0x81aa3fc97893a49f43b612b85317b731080712f99fbcd7996935dcada0b11ebe,9481672,0xCAe48CC52Cb22Fea40077434DBDd3BbA56eE1A03,0x000D51c298a9B0AcbDa440e1dd2E0812d7790e3f,0.0,2.000000009,confirmed
2025-10-24T17:56:42.075961,ethereum_tx,0x838252176078e4f1d94c6feaa67120cc17062a2a6140a14826188a2795109c47,9481672,0xCAe48CC52Cb22Fea40077434DBDd3BbA56eE1A03,0x000D51c298a9B0AcbDa440e1dd2E0812d7790e3f,0.0,2.000000009,confirmed
2025-10-24T17:56:42.075961,ethereum_tx,0xc809e1b4484e982e3851bb6aa4387b14d3c1ae2805632a96a9407f9184ed4c0d,9481672,0xCAe48CC52Cb22Fea40077434DBDd3BbA56eE1A03,0x000D51c298a9B0AcbDa440e1dd2E0812d7790e3f,0.0,2.000000009,confirmed
2025-10-24T17:56:42.075961,ethereum_tx,0xf5e34d8037b22704bc681784ddac99d4ba54ac7b124c5cb618a5e9bb8e4fce58,9481672,0xCAe48CC52Cb22Fea40077434DBDd3BbA56eE1A03,0x000D51c298a9B0AcbDa440e1dd2E0812d7790e3f,0.0,2.000000009,confirmed
2025-10-24T17:56:42.075961,ethereum_tx,0xf6911a635acff3a137e4aacc30993b9ad3164b4c49dac9348c882c4f460d325e,9481672,0xe7F38E2D57a0eA80240B5E65A69AF66812CbCd0C,0xE5a02E408a9aAdB789522b65FF4Fa4C7C9D7aB58,0.01,2.0,confirmed
2025-10-24T17:56:42.075961,ethereum_tx,0x2eb3e339f2ed84c5de026462ca48dc99fc47c1ec2b4b058dd7ed54c358c1f503,9481672,0xE977EED5c8bb822F75A14f0a643cBC99906d82dA,0xaE09DC34FD75a05ECf330A76FaE436478E068291,0.0,1.500000009,confirmed
2025-10-24T17:56:42.075961,ethereum_tx,0x896a4124cb97aa45beb75ec631702b7d194fd6405ea2da8b5792a498d5b45109,9481672,0xdc4BaDd36504FE631E575CD617b06b263CF65866,0xb3926deF2e0989B0700a57034C9A211bfBcF858B,0.0,1.500000009,confirmed
2025-10-24T17:56:42.075961,ethereum_tx,0x4cd0968e90eeb9f48ee92d29d467e365977f4fc36b750a090b0cf04944c99d11,9481672,0xc150eD8eEe9B61a8dA1f2BaCE3087CA845d1Cb81,0xc150eD8eEe9B61a8dA1f2BaCE3087CA845d1Cb81,9.68e-10,1.500000009,confirmed
2025-10-24T17:56:42.075961,ethereum_tx,0x194d28e10f50b7f2594336716a7b19749cb076525d8591ba3f2a61c221360149,9481672,0xC915fBB94D959EEbbdE2956e7f1DE2D6210A2147,0x956962C34687A954e611A83619ABaA37Ce6bC78A,0.001,1.500000009,confirmed
2025-10-24T17:56:42.075961,ethereum_tx,0x6a6c3bb39e9e784120e92745bcb7d16012644132446bf54aeb9fb0153b2011ba,9481672,0xbFA1bA181a07bc4889e20280400D645189d80277,0x2A4496bbC344414e3bDbE6a8E7c40EF007DAeEd1,0.0,1.5,confirmed
2025-10-24T17:56:42.075961,ethereum_tx,0x734a5e3169591854cd9e9ad41d2d935d912c3c373ff0ed3f05873ad124f8989f,9481672,0xd45E9963E97a68C6d2E10D8972C1dB13733234a7,0x2A4496bbC344414e3bDbE6a8E7c40EF007DAeEd1,0.0,1.5,confirmed
2025-10-24T17:56:42.075961,ethereum_tx,0x2c03e26b4d6110643111facd8970d813d02efbdab3453743d25700153b6e1a84,9481672,0x4538a3D9328014cE32e569D874952aEC48b8CE5E,0x2A4496bbC344414e3bDbE6a8E7c40EF007DAeEd1,0.0,1.5,confirmed
2025-10-24T17:56:42.075961,ethereum_tx,0xf80f69633e2457726bb38cd361bff1e2ff2cf898e0e625fb3bb4751cdc53ed6e,9481672,0x4CD8C496577d4Bf3564B85DBa2b56D1a495707E6,0x2A4496bbC344414e3bDbE6a8E7c40EF007DAeEd1,0.0,1.5,confirmed
2025-10-24T17:56:42.075961,ethereum_tx,0x0135151b789ed8a4c498421a96ca4d7882552c35ea97e882f79ce01e7c3db229,9481672,0xF6b87F0B1c1c22BDEEa68CADA830B8525A66B56a,0x2A4496bbC344414e3bDbE6a8E7c40EF007DAeEd1,0.0,1.5,confirmed
2025-10-24T17:56:42.075961,ethereum_tx,0xd974cb8e45a5e32b7f09bb202ebf8598e3a619ee3cc305feefd611d5e5eb6b15,9481672,0xa0eE2cF4AB9Cebf08eDB1B1360dFA26ec6845CD0,0x2A4496bbC344414e3bDbE6a8E7c40EF007DAeEd1,0.0,1.5,confirmed
2025-10-24T17:56:42.075961,ethereum_tx,0x1707ecce41f0a80731e2bc4a156c1e5d876aa494f23d6568e652a8234272e203,9481672,0x758bADcc4760Ce3f569026D61EaA130F70db8851,0x2A4496bbC344414e3bDbE6a8E7c40EF007DAeEd1,0.0,1.5,confirmed
2025-10-24T17:56:42.075961,ethereum_tx,0x7ce9889bef35a86f8072570397562913eb3ad2abcb34fed26eb3939b39d5756b,9481672,0x5DA8eF4603D0a59acb9B0BD73a72E1ee468A44Dc,0x2A4496bbC344414e3bDbE6a8E7c40EF007DAeEd1,0.0,1.5,confirmed
2025-10-24T17:56:42.075961,ethereum_tx,0x5fd0bf797137e6a9e91d4d8b651aca0aa2310ee4a1ff5420ad3f642ce0dd1312,9481672,0x49180059AF02dB7660A3d09d7796459b0F181a69,0xFF3108624ddFd2f18F41Fb62ccbBcdC3b1d6e39f,0.0,1.000000009,confirmed
2025-10-24T17:56:42.075961,ethereum_tx,0xf76a69cf632b36fa7860e884665b26d4d05969e1d6c2859bd3c77c0b6c9962b0,9481672,0xEbDf9256B79b2ca70Dfc4392280f4D39C64E48E4,0x157dF160081dC8b97900F4D0D276ed8DEa29976d,0.0,1.000000009,confirmed
2025-10-24T17:56:42.075961,ethereum_tx,0xf17a1eb3e7e669f7c3ffb059c12638480743a6798fa3815ea3e64fad33f238c7,9481672,0xF7176593E3B1A1Ed40dCCea9933Ee6DC4C063BCb,0x532dBa58449291712AB33048E6A2aF4cb4De25d9,0.0,1.000000009,confirmed
2025-10-24T17:56:42.075961,ethereum_tx,0x72b4af867540c11a0450454959c8274f0595ab5f277ff85a316db0a6891d3623,9481672,0xA585307640E0b3cb1a72F6ad8E1Cf28fC427936e,0x00B70ea669AAf6803f8FbC064C347B2dc60dc6c6,0.0,1.000000009,confirmed
2025-10-24T17:56:42.075961,ethereum_tx,0xe2aeea7500b0837bb2e083a59033eff17212cf84f42e830a934da5c51dfd2543,9481672,0xF0FEd0C0192539a1076d8BDa1233f414704d98Be,0x00D22efF04CF7d0f5A355A6D9A06E43120398dA6,0.0,1.000000009,confirmed
2025-10-24T17:56:42.075961,ethereum_tx,0x89a14d15587c1b3b237d39e4a310d0a16428bdd5c38fe31174f93b413c14b8b0,9481672,0xA97668B86feED20fB1425Fd6Aad110C1b38ed680,0x6fF1684d2094a9307461f4C704cc6a4F7AB2D7bD,0.0,1.000000009,confirmed
2025-10-24T17:56:42.075961,ethereum_tx,0xa7761bd1d4d2aa0b1f12f8b258dfb28a596aa65adb8f1a638c0540419cb88b02,9481672,0x520D64e7D20acF0ee5e911a5276FDBbd68463773,0x7f9dA388fb2943aE1Eb8BCDF945F4265A33097b0,0.0,1.000000009,confirmed
2025-10-24T17:56:42.075961,ethereum_tx,0x7b58ec04a76eabe3aff20f84faa91ac52f5fe86735079b4ef9821c47a8fee459,9481672,0xee1E8FE18bE6f3e731AE3e0fF080A20b0f5aC15D,0x009d83eA2AFDa4ADDbe5C32F34e2aEAA31Ca61Ba,0.0,1.000000009,confirmed
2025-10-24T17:56:42.075961,ethereum_tx,0x8add146353557a7f39b829e1313661ef0539729e9c8ced2899a22de034ac5e58,9481672,0x2567fF4BE9f21B1239c93aa3507DD2AC3d54B4f1,0xd9de332c023Dc4372fAE306C3779e0659f0f8F6B,0.0,0.05000045,confirmed
2025-10-24T17:56:42.075961,ethereum_tx,0x658c622bac02f8bf5897cd07bfb5e35d8c961ca5c4d458922c70c893094e2485,9481672,0x85841061b15CC01EC7B06ecCb0ccC2464f531913,0xf993E10C83Fe26DddFc6cb5E82444C44201e8a9C,1e-06,0.020000009,confirmed
2025-10-24T17:56:42.075961,ethereum_tx,0xb0dc30d0b71e2086dbe217a9085431d6e96321bed5768cc7f44fd2dd21ecbf6a,9481672,0x875bFDdb2bB53eA451f87e329968617eB4f9d901,0xf993E10C83Fe26DddFc6cb5E82444C44201e8a9C,1e-06,0.020000009,confirmed
2025-10-24T17:56:42.075961,ethereum_tx,0xb278cad06e32817ff032d5a52444ab87225f5ef565b2c0108a7eb6c5f304dad8,9481672,0x2B252B17A13E6848AE4a3A1C17c0C0441E6D9756,0xf993E10C83Fe26DddFc6cb5E82444C44201e8a9C,1e-06,0.020000009,confirmed
2025-10-24T17:56:42.075961,ethereum_tx,0xdf7b509e84d807a3b5d28c444d755f30448df0eb423e488b1f392fe12f322c59,9481672,0xDC501B290Ba259A9aeCe57a6986361Ad2f384651,0xf993E10C83Fe26DddFc6cb5E82444C44201e8a9C,1e-06,0.020000009,confirmed
2025-10-24T17:56:42.075961,ethereum_tx,0x7a7fffcfdd41f0f5332e8d80e171cdcc4cfdb07723693dbb141691e44c640a48,9481672,0x61d8838f9A00250C9AF13D622DA7c08c372ee587,0xCf8EDB3333Fae73b23f689229F4De6Ac95d1f707,0.0,0.009052154,confirmed
2025-10-24T17:56:42.075961,ethereum_tx,0x3546d14c632e3f8f2da260f6e600705a980b39bf701f72c3f81ccf6ce5d5cea2,9481672,0xb3a1956Cff1ecc8054B81b0C83b9847CB71384b8,0xCf8EDB3333Fae73b23f689229F4De6Ac95d1f707,0.0,0.009051096,confirmed
2025-10-24T17:56:42.075961,ethereum_tx,0x1fcd8f8e28370dd72c7f074caebc47ded5fd19b21d89226a709a117a11f0c326,9481672,0xb3a1956Cff1ecc8054B81b0C83b9847CB71384b8,0xCf8EDB3333Fae73b23f689229F4De6Ac95d1f707,0.0,0.009939815,confirmed
2025-10-24T17:56:42.075961,ethereum_tx,0x816201ed9641df56e006eea633e00a64789c2c60d5306e789e656bacdf9da62a,9481672,0x61d8838f9A00250C9AF13D622DA7c08c372ee587,0xCf8EDB3333Fae73b23f689229F4De6Ac95d1f707,0.0,0.009051096,confirmed
2025-10-24T17:56:42.075961,ethereum_tx,0xa1a98e4a193343ab9359f5c7967246fc51ede3914f18424193f35fbd84438df2,9481672,0x61d8838f9A00250C9AF13D622DA7c08c372ee587,0xCf8EDB3333Fae73b23f689229F4De6Ac95d1f707,0.0,0.009939815,confirmed
2025-10-24T17:56:42.075961,ethereum_tx,0x3dd9b4f692dac9cf0825a2df38565d5ebfba29e3a9eae29bf0cc09b3556a5daa,9481672,0xD733eFD5fcD34b7191E529da2aFF2e033722e316,0xb99B03DE77146403B131BA23220a8d0C59C0B327,0.0,0.002000009,confirmed
2025-10-24T17:56:42.075961,ethereum_tx,0x92bebf4c38d315cf0c13edd454d18a8b4c993a2503b63526c9e916925736722f,9481672,0x4BA56bDa2009816e260921970041d6Eb005D7272,0xC764A997C86dC22B50Eb637626e3f46bfd82534A,0.0,0.001500014,confirmed
2025-10-24T17:56:42.075961,ethereum_tx,0xcb476c61f8209431ce95072cf4e4ebf73c8ff10ffeed671effd124d2a4fd426e,9481672,0x851fdcb4e6b7739A88c3875722ce3Daf6d206f1b,0xc6255a594299F1776de376d0509aB5ab875A6E3E,0.0,0.001200011,confirmed
2025-10-24T17:56:42.075961,ethereum_tx,0x394b0d0f4a619b9105ecceb4c2755ce60d9191d47ad5da8cf966a9e7a27639f5,9481672,0x2774201Dc99af7Ec8fc914093eAD8Da4d2448B6D,0xd38AB9f1563316DeD5d3B3d5e727d55f410d492E,0.0,0.001200011,confirmed
2025-10-24T17:56:42.075961,ethereum_tx,0xf561a215a977e9823c27d0cde319517540097be0933ccb59f53c294f7032276e,9481672,0x6676296E4e1873fc88A4FDF035A40c7032da6390,0x956962C34687A954e611A83619ABaA37Ce6bC78A,0.001,0.00120001,confirmed
2025-10-24T17:56:42.075961,ethereum_tx,0xf90fc001a3b789f3a4f26d5df8a84532d44499509c9be4fda8bc97b70f1b17ce,9481672,0x65141CA3329DA9A83458017474b5Bc62097Cf24f,0x69C6b28Fdc74618817fa380De29a653060e14009,1e-18,0.001200009,confirmed
2025-10-24T17:56:42.075961,ethereum_tx,0x14164fd23cb711c3322cdc3805b4362039031d4faf7f6e261db8adc7ef164dcc,9481672,0xDaf7e62C3E562C6A5f9D6fcD1c6571Cad39DBABD,0x86EFBD0b6736Bed994962f9797049422A3A8E8Ad,0.0,0.001100019,confirmed
2025-10-24T17:56:42.075961,ethereum_tx,0xad04e3b32879aa783c88135d7a79a22e29a8201bb1636f4273119708abe287a5,9481672,0xFF1218066b4b5Cd9dE2A73639862082bcC98bf0D,0xd0dbB2486e3Fbf371D1B2e35Fa330bef6529d2f4,0.0,0.001100019,confirmed
2025-10-24T17:56:42.075961,ethereum_tx,0x85f33b325c5c4f4faa3330a6d0d9b045afbb75f5195fa5be0d1aa48007aafe42,9481672,0xf286c79b4a613a1fE480C8e4fB17B837E7D8ba03,0xd0dbB2486e3Fbf371D1B2e35Fa330bef6529d2f4,0.0,0.001100019,confirmed
2025-10-24T17:56:42.075961,ethereum_tx,0x26c28bd057fcaab5a4e7cf8affa4537b385a90dbba3f640121b96eeaefe0165f,9481672,0x2c2ff804eD59BBE2533e0a8210D5a120414D4c93,0xA73aFb610aC79A729A393D679029fCf9618854AD,0.0,0.001100019,confirmed
2025-10-24T17:56:42.075961,ethereum_tx,0x423f2c0ed46d4f1a6125371d987491110747af371da1aae2179231549d273635,9481672,0xa3f36F17D0486D6356F7fc79e077cDb088A8489b,0x3eDF60dd017aCe33A0220F78741b5581C385A1BA,0.0,0.001052641,confirmed
2025-10-24T17:56:42.075961,ethereum_tx,0xa470f59b02c111de6f6411e7d40160713c7b8ac1eab0c4b1dba35337d58cd8d7,9481672,0x4337005db25DbAD41Da5692ba1188751eE5D98b6,0x5FF137D4b0FDCD49DcA30c7CF57E578a026d2789,0.0,0.001008643,confirmed
2025-10-24T17:56:42.075961,ethereum_tx,0xc06a82e9cab7f6384a38eb3d98921607340268175d1438cc6c3da889ac45d74b,9481672,0x29c014C9da9C9Fd8d959f126A87Dc09dfE384b1a,0x08d2b0a37F869FF76BACB5Bab3278E26ab7067B7,5e-05,0.001000009,confirmed
2025-10-24T17:56:42.075961,ethereum_tx,0xb128d10b6dcdc3200acf5caf4c573113f1cb0ed951c12d77c1cfbd1d4d8dd380,9481672,0x265dA39Eb9A6057DFB38559d9360F9E53e858480,0x2c02c4F3DB094788bdb60C093D96F834F0FB4bcE,0.01459806080113147,0.001000009,confirmed
2025-10-24T17:56:42.075961,ethereum_tx,0xebf5f5898609c910a56afb5862e9892fb8912b496f05918e80e931ea43cd4e36,9481672,0xD9C32d98149A0Ab97E5132B2fACDF0DEeb4ead9a,0x76c644cFA5497ceEdB77De5d08BE6F5f5BB1a49f,2.92e-06,0.001000009,confirmed
2025-10-24T17:56:42.075961,ethereum_tx,0x50fbc46889a6daa3b5a20ca1669c8f6ab15dbfc89a5a8b163d7146f8048db3a7,9481672,0xfFF256a355855557417ceef806fe6ddE534c9D15,0x0000000000000000000000000000000000000000,1e-05,0.001000009,confirmed
2025-10-24T17:56:42.075961,ethereum_tx,0x6fee08b8dfafe43f8c5959edaa9f3873a68b2efb1a67143558eebae116f4fa89,9481672,0xC786eaC20777f07f8aDDDF2129115234b3aD9db6,0xA478B87a9fA61EA4a66c0C071f01D3F160177F57,1.69e-06,0.001000009,confirmed
2025-10-24T17:56:42.075961,ethereum_tx,0x48c69bad4591f3094b27ea9fb8809f7f48ea1045d67435a05d876de437de1791,9481672,0x64ACD7feAAFc402F3895B02A867B9A9b482DE0bD,0x03C66CB1826BDB0395BF31E68Bf7E873e9564fFB,0.0,0.001000009,confirmed
2025-10-24T17:56:42.075961,ethereum_tx,0x93dde5b5d5f0551d0b15bef86885404b747b670d923b396f6b6be071201b9fd1,9481672,0xb075E3363F5f0aC3f1A441c6d7e5267A6a18a5A4,0xb075E3363F5f0aC3f1A441c6d7e5267A6a18a5A4,0.001,0.001000009,confirmed
2025-10-24T17:56:42.075961,ethereum_tx,0x350c6c275214e798aafa7f8f1e836f8686ac33199691c7d8f9a804b930657818,9481672,0xcD12Ed9b63603bc9685Cda552c0156d9b297b41F,0x87A3effB84CBE1E4caB6Ab430139eC41d156D55A,1.3e-05,0.001000009,confirmed
2025-10-24T17:56:42.075961,ethereum_tx,0x51388e1a935a4f9ac1fa3a0f716f90057ccdab4f8c9894626d88b9acf6201a3b,9481672,0x4c33b96Dca2EEaB30b76881ccC189C5C0177B1F1,0x2822F48c8c5a060148A008b41911e60aD13a5D77,2.02e-06,0.001000009,confirmed
2025-10-24T17:56:42.075961,ethereum_tx,0xe9e0161d3e8cf2ecfd622d15468fd6f7957587f6197b36af971571a561bcf5fd,9481672,0x3Da763C42E438eB17880fB6A83040d6cf13eF03b,0xFf00000000000000000000000000000000042069,0.0,0.001000009,confirmed
2025-10-24T17:56:42.075961,ethereum_tx,0xb9bf7778dc92e06ddf9e48f586a3944b3b965e0d476516665bfc57ccf6ac6f34,9481672,0x0fDe939d7d0B3b4ccAA4638bC4163A2BAd7A0130,0x2c02c4F3DB094788bdb60C093D96F834F0FB4bcE,0.07765805061370361,0.001000009,confirmed
2025-10-24T17:56:42.075961,ethereum_tx,0x216eed0ac5cbda0009f4444b124d23213465cec560229133884d5101b7f5a0ce,9481672,0x9757c2d9c8cD2058204CA82d45bDE62989a82368,0x0000000000000000000000000000000000000000,2.22e-05,0.001000009,confirmed
2025-10-24T17:56:42.075961,ethereum_tx,0x52dd32b04d01f0d02c6fa7e8cb608dabd8b80314f324b2c438bb903dc02b3189,9481673,0x3C95c2633296B264d051498C4b2e982EbB526A53,0x3C95c2633296B264d051498C4b2e982EbB526A53,0.0,4.1,confirmed
2025-10-24T17:56:42.075961,ethereum_tx,0x260d9179304d20ec0df2efbe83a9f3e036062287f118063a7c2c545e4406e2f5,9481673,0x3055A88eD0a528934b2596a084D683C77b48e62D,0xcA11bde05977b3631167028862bE2a173976CA11,0.0,3.000000009,confirmed
2025-10-24T17:56:42.075961,ethereum_tx,0xb4b086374502aa344e2ae8075ab381b5aec0cc41a40c2e86b71f9b7f765743ab,9481673,0xc001e185538A55CF12f6C7CB70633917cFD47BE1,0x73B668d8374DDB42c9e2f46fd5B754Ac215495bc,0.0,2.000000009,confirmed
2025-10-24T17:56:42.075961,ethereum_tx,0xe25794dcf2545340888ee2f2461ad8a5442f7dec80d73682433dcdb68086b8de,9481673,0xF0AB0441c8f4B89b561aE685B98c6aD5175e0CAB,0x00Ca81E019a5312d404aE7fe8367D30DE4c11365,0.0,2.000000009,confirmed
2025-10-24T17:56:42.075961,ethereum_tx,0xd690bde081212a4ff83b520058ec5916a934a392802c905226fb48d5fce3bc64,9481673,0xe7F38E2D57a0eA80240B5E65A69AF66812CbCd0C,0xB29E856Cf2705E7122209C6f097E370eaABC9a57,0.01,2.0,confirmed
2025-10-24T17:56:42.075961,ethereum_tx,0x05a7d337df199d1225f9ef13fd5446e2179818568f54cd15c1286f49f4ee5d96,9481673,0xc30242BA8576438Ef8f80A3e02BB534AAa1bD633,0xc6255a594299F1776de376d0509aB5ab875A6E3E,0.0,1.500000009,confirmed
2025-10-24T17:56:42.075961,ethereum_tx,0x7450d384ce6188fd8df9243bd4373dcdc282346c1b006f29ea1ace0cc86d0325,9481673,0x4641C9A61485EAEfFeeDA7FC862eC2B6c7a9D492,0xC4c153ae43f546d667C7A40Ed6F74Ac5d399C7DC,0.001582785608924952,1.500000009,confirmed
2025-10-24T17:56:42.075961,ethereum_tx,0x842b3235b83828d2a99816ae5c5e39994ebc4cdce14381047af5a026f37c9467,9481673,0xDE47e713a42C021a9935B73fFf9d371B9b359f6a,0xBC04d69Ecd7890699b2BE7924eA86474e15098E6,0.599968499999874,1.500000009,confirmed
2025-10-24T17:56:42.075961,ethereum_tx,0xcfb4ee08ddb66efcc0220582632ee1c3ce39d29d0bf3aaf81e5f183f92763680,9481673,0x4B87D4AcDB7492a0f0DfFFb5E165A6654520f1f8,0x57c5dC670eB6f571bDD8Fc1CF178c46c9A917A74,0.0,1.5,confirmed
2025-10-24T17:56:42.075961,ethereum_tx,0x8d88c64e2aa620f1ad7cc33b0213ee7e0f6bff5799c108e2afa4925f1daacd64,9481673,0x2378317d20F628efE6C9c15d4fF6689695c01212,0x2A4496bbC344414e3bDbE6a8E7c40EF007DAeEd1,0.0,1.5,confirmed
2025-10-24T17:56:42.075961,ethereum_tx,0x6db5b8f4e555a6a462d05fc68b92a358029efc0909634c46ec857103fd567ed2,9481673,0x55418060A3F777BC740DE4cAcEE4E67D1B3E94F9,0x2A4496bbC344414e3bDbE6a8E7c40EF007DAeEd1,0.0,1.5,confirmed
2025-10-24T17:56:42.075961,ethereum_tx,0xd82083aa09c1dd87e5a97fb9af9f29c7c6bb3ca26e7223124488da821884f12e,9481673,0x7b0D3F61C1C4343D2Ea2e9aeC13cB4a7f04E0A5e,0x2A4496bbC344414e3bDbE6a8E7c40EF007DAeEd1,0.0,1.5,confirmed
2025-10-24T17:56:42.075961,ethereum_tx,0x7990fc1df9bc6dbc25b31e56be6e5e98025569529d28f6bcb4a00d7273e3c967,9481673,0x4C86bB55922f904CbFbC99BB9EE08fbfA99355D9,0x2A4496bbC344414e3bDbE6a8E7c40EF007DAeEd1,0.0,1.5,confirmed
2025-10-24T17:56:42.075961,ethereum_tx,0xe1e0ca5e3cc6e05f9f1a12535dad849e738ceae7bc1d4c0b0f123a8e7d619a41,9481673,0xBfC0ecA4E0194889aeFaBDbdC1FE5d5E00eD7894,0x663D29704Ed4a531Ae367AD8473f7c7503f05aEC,0.0,1.000000009,confirmed
2025-10-24T17:56:42.075961,ethereum_tx,0x1847e567342016aaedd727a1804ab0d0e9d055372c5e262d49872865d58a0863,9481673,0xAa03CfA18154822f8Ad92D48c42210a890E01Dc9,0xB88FeAA1a0c5B57D82B50C937A7ad647E6D59223,0.0,1.000000009,confirmed
2025-10-24T17:56:42.075961,ethereum_tx,0xbc89fcb5f280d8ee32d65fb430d665c2f92984e86c551c8ab82118e4c6fedeb9,9481673,0x10eddC00D507E4C161e3A57C2920B2564ddBcB99,0x0017534462B1f8d26fCf0cb4042Cf1c5ae0BF65d,0.0,1.000000009,confirmed
2025-10-24T17:56:42.075961,ethereum_tx,0xb28eabf87eeaa59770e4247953250a15795bacb052a56d46358a9b890a610d98,9481673,0xF37aaC44E118e33E9f29dA1f970BCF5D28074F14,0x00e9f3641E16dFaB7864f339F4FC2bC75DCC92C6,0.0,1.000000009,confirmed
2025-10-24T17:56:42.075961,ethereum_tx,0xd9f30adb62f5a6687efd76ed62efd24d573d7edfa683bcd7a1bd44f266402a6c,9481673,0x0aCeC9CFc210d164A1D03757F003Fd2485F14Fdf,0x071fC5761544A9a3b9f01DbBBa5D01818C6BdACe,0.0,1.000000009,confirmed
2025-10-24T17:56:42.075961,ethereum_tx,0x900c36e65b9bdb02b37ebd2be5c5c583010dde2f7460ff34815c9181291744e3,9481673,0x884f2EFA8c23d41246331851Bd2F41688ec8866D,0x4c9D9a5059e838da84aB3c729990aA1aDa7ec157,0.0,1.000000009,confirmed
2025-10-24T17:56:42.075961,ethereum_tx,0xf69fbde8ff925fcead8aa8584b652d5be3c6e431acc948f4df60e3bd4538c50d,9481673,0xF0FEd0C0192539a1076d8BDa1233f414704d98Be,0x00D22efF04CF7d0f5A355A6D9A06E43120398dA6,0.0,1.000000009,confirmed
2025-10-24T17:56:42.075961,ethereum_tx,0xb17ea97bc65f9517593dde3b14f6177c5c46336eef51e6496122cdc2f6e52982,9481673,0x7e44215dB97d1dA208e05164d7821022fd853C0a,0x1074F09bD2Ec34E5c755E1a9dc5F563bd65D8c45,0.0,1.000000009,confirmed
2025-10-24T17:56:42.075961,ethereum_tx,0x89f13ae64b05f0652eaab7995aa54e3e6e2221c7a9794c1c5d556ae7bebe6115,9481673,0x069AB8EbD0Ae4b2976661A9eacd378B0bf2d434E,0x9430de719fcA6c631dF83Ea4dD16087beEBCFC23,0.0,1.000000009,confirmed
2025-10-24T17:56:42.075961,ethereum_tx,0xc3327ec2a33d4ccbfb1578c6ee932902730c800d289fe4923c5e81f5a9d7825e,9481673,0xf7976ba00Ad6bE11bbE97a278534E1b3348bED1d,0xd11cdb585fD480681398bD34a19D52EC08A24a0D,0.0,1.000000009,confirmed
2025-10-24T17:56:42.075961,ethereum_tx,0x386ea41e9cb2863b29385e6c0643a15015e7a1a6c6d45bfaee7efb74d11e314c,9481673,0x8E0838fb6f4DF31A8AE02dD4d5B66bAC9d0dd133,0xb0E4435911c1811FA7Cbe1CE1906318C33B5F61C,0.0,1.000000009,confirmed
2025-10-24T17:56:42.075961,ethereum_tx,0xd53a68cae067b8126cc839dad6c2624f8007ba74a5a46de3a4bee6402afa3124,9481673,0x263d8f55BAc71a42d0A822F46b1eC62Cd4183a8d,0x0Bf464f24D867ff0B20aE8f9C353a589138D6836,0.0,1.000000009,confirmed
2025-10-24T17:56:42.075961,ethereum_tx,0x4f94647d35d9ede23a8d70214643710e1e60628f1b3fe43114339ed20587e57f,9481673,0x7459D3dCCcD3F903fFe56cC00E96f32c4fd24FB2,0xf993E10C83Fe26DddFc6cb5E82444C44201e8a9C,1e-06,0.020000009,confirmed
2025-10-24T17:56:42.075961,ethereum_tx,0x906a31a27a71a6e7d4f855ef121ffaa53c239aa8f6659f1587c903d512275bc7,9481673,0x481439748ebd56f139Fd51C916173BF6b3e39Fa6,0xf993E10C83Fe26DddFc6cb5E82444C44201e8a9C,1e-06,0.020000009,confirmed
2025-10-24T17:56:42.075961,ethereum_tx,0xc7f831f7addc1904eb83a81fe390d5b6c44dac8ee02335b7ceddf4ca3f3273c2,9481673,0xf87302fa734b3f96B233B2320B5d90159484D21C,0xf993E10C83Fe26DddFc6cb5E82444C44201e8a9C,1e-06,0.020000009,confirmed
2025-10-24T17:56:42.075961,ethereum_tx,0x8d8a4fa71eea093ca782c36f1c391f15bf2c948f10ab3f9d3ef77d6564ca7d02,9481673,0x7f47Af06133deD2FBBFBdA5dF3e032a48e3797d8,0xf993E10C83Fe26DddFc6cb5E82444C44201e8a9C,1e-06,0.020000009,confirmed
2025-10-24T17:56:42.075961,ethereum_tx,0x88f9548ce3363d9794d7d928f629ac5e11670c7a1ac97c8775ddb1d66493813f,9481673,0x61d8838f9A00250C9AF13D622DA7c08c372ee587,0xCf8EDB3333Fae73b23f689229F4De6Ac95d1f707,0.0,0.009939815,confirmed
2025-10-24T17:56:42.075961,ethereum_tx,0x32144af957c9e1dcfaa9df9fcb7a0a7ac24884755bb835e488c7dad8c9770f24,9481673,0xb3a1956Cff1ecc8054B81b0C83b9847CB71384b8,0xCf8EDB3333Fae73b23f689229F4De6Ac95d1f707,0.0,0.009939815,confirmed
2025-10-24T17:56:42.075961,ethereum_tx,0x4d93d6cf2e928333e02e13d36fe1e7a39aa724d7e28a3460b6376ff947aeacd0,9481673,0xEA3ECFF5371A7bfACC4D653CB0319b926204e772,0x956962C34687A954e611A83619ABaA37Ce6bC78A,2.178711544581e-06,0.001500013,confirmed
2025-10-24T17:56:42.075961,ethereum_tx,0x1562598552cd8c1aa4575beba813028007d10ef0b447890574cf7fbe21ad4993,9481673,0xF22cd7C59f460f303cB07a3d3325CC828A5A9d50,0x956962C34687A954e611A83619ABaA37Ce6bC78A,2.9830759094603e-05,0.001500013,confirmed
2025-10-24T17:56:42.075961,ethereum_tx,0xbaa445d6f3f297d21359817cbecda5b90aa1868626078c760b84e7183cf3a301,9481673,0x6d7927C0D236388319864007681BC0C6b844Def8,0x12e1181a741b70BE6A9D81f85af3E92B6ba41897,0.0,0.001300011,confirmed
2025-10-24T17:56:42.075961,ethereum_tx,0x226243b257f29834636755524ceeb2f6de724e81f593c38e827928b60a40430b,9481673,0x4A63763Ef493F28308a1E36dE49df75798E50Cc3,0x86EFBD0b6736Bed994962f9797049422A3A8E8Ad,0.0,0.001100019,confirmed
2025-10-24T17:56:42.075961,ethereum_tx,0x9b411dab86bf350c79f96acccc1fb7a9109a9461d34b239a497cf4de830ef9b1,9481673,0xDc9d3015A4a391607A835B87a292BcF030AF24E2,0x9E841C03218E36A785C1c50f2f74fAc5D54656Da,0.0,0.001100019,confirmed
2025-10-24T17:56:42.075961,ethereum_tx,0x51f269c967d2a50cb889e69c02623a2101bc18be6d6f985422efee700258f464,9481673,0x9a0C272bD8bb40edB2689bF48B395F8EcB561d55,0xaA350e0db1a917421Dd6f16F725f1Dd84F2dD4Fb,0.05,0.001100009,confirmed
2025-10-24T17:56:42.075961,ethereum_tx,0x7866c345f974e41045fc1ffb7525b0ed65760eeff5caddf2e75405e1987b245a,9481673,0xF3259058C7509deeb1DE67aeECD6A8cbbB4279Df,0xb99B03DE77146403B131BA23220a8d0C59C0B327,0.0,0.001100009,confirmed
2025-10-24T17:56:42.075961,ethereum_tx,0x9e2eb652e359e00c5f773651d97e98e9c6b8aed8273ab010a6a7e052c7df5214,9481673,0x52f1984Cd3e46e1214dB222D3Ff63712E7aCEedD,0x429E022B64530953DE4b4B6ca7531D7b167Db4f0,0.05,0.001100009,confirmed
2025-10-24T17:56:42.075961,ethereum_tx,0xaaefd644b49820ade86f10f1efae220c8f4af44b7b82c19a223085390bbb7c9b,9481673,0x6EFB29CEe3b414272EB7A8F3Ebabf873D36bC033,0x70ff7691266f0cB1DC70dDF9c61AF4041f861aC2,0.05,0.001100009,confirmed
2025-10-24T17:56:42.075961,ethereum_tx,0x445a2b8a63f7170bc6c3c0f7638e4b594f916a728efc8863d9e737f179893812,9481673,0xAfEDA61dB9e162293b2eF2C2bC5A800b37Bb5E4a,0xF9a8c80f444D3045A779De13d1fbAfe27976a2c1,0.05,0.001100009,confirmed
2025-10-24T17:56:42.075961,ethereum_tx,0x92e44c344cd90f08e7160364329576d90348ca27fc8024faa9e9423d86618f77,9481673,0x9A37Ab2eE598D00918db33F85fcf165cA55e7f1a,0xb5A49949C49dEDD852F9f0f419b17aD2785032db,0.0,0.001052651,confirmed
2025-10-24T17:56:42.075961,ethereum_tx,0x8c7e44c837405c96ef697f97e3a12752e4a1718948441b39a69b99d8c10a481e,9481673,0x78C7f337fD418f1037Dd0D9dbE094C693DBeF318,0x3eDF60dd017aCe33A0220F78741b5581C385A1BA,0.0,0.001052641,confirmed
2025-10-24T17:56:42.075961,ethereum_tx,0xf1d0cde660f0d61950ec5e4d1c04267761104fe6461b4196e0acd62afa7ca20b,9481673,0x4337004ec9c1417F1c7a26EBD4B4fbed6ACf9E5d,0x0000000071727De22E5E9d8BAf0edAc6f37da032,0.0,0.001000926,confirmed
2025-10-24T17:56:42.075961,ethereum_tx,0xbc6cbda0d19618753f6a0723a63d8c20a55525aef1ccdabd3dd88c857af43705,9481673,0x7152Cd3891d5B80CA162BBb807e2d4310c084207,0x2c02c4F3DB094788bdb60C093D96F834F0FB4bcE,0.096969797845174,0.001000009,confirmed
2025-10-24T17:56:42.075961,ethereum_tx,0xf2c61cc01c3bc528cc4c967cc6c37ef9f3f85edd4ebbc392e62f2adccf52c757,9481673,0xf4f09E6D008C74235d59B4aD47Fb4CeF249C2391,,0.0,0.001000009,confirmed
2025-10-24T17:56:42.075961,ethereum_tx,0xa2951a4ca3c2fe51a9c1759cb8bc3686f58243d4855c87953c071fc12779a6a3,9481673,0xcB499cf9d71FBD345e9BF8A37434e5C92d290Efc,0xb3975b4294ed871013d2B47ADe5da9015Df5C54a,0.0,0.001000009,confirmed
2025-10-24T17:56:42.075961,ethereum_tx,0xe9b9df1021d21d5424653494c1c9b1e6b53cb7e62b2757b92b7703ea4d64a6b2,9481673,0x3889F879184a0bB053Df111Df44Dc8d0C4800842,0x87A3effB84CBE1E4caB6Ab430139eC41d156D55A,0.0,0.001000009,confirmed
2025-10-24T17:56:42.075961,ethereum_tx,0x027efc83aea67d6f2d659efe0d784a89f55ae08b7231e38b20c83d965c70690a,9481673,0x5CD0c5934c9b46D8B84D495c66C0C30Bfa6A6a57,0x69C6b28Fdc74618817fa380De29a653060e14009,0.0,0.001000009,confirmed
2025-10-24T17:56:42.075961,ethereum_tx,0xf3736c58e5094287423373200cfe48a06bff76923049052881170114fc682420,9481673,0x1Ad2daBc8D944290Bc925A9DCe0cE52849b603fA,,0.0,0.001000009,confirmed
2025-10-24T17:56:42.075961,ethereum_tx,0x94e540d2c48561acc45698c97a0121c021a2d2fee8f54473bd70c5bb5fe134cd,9481673,0x64dc9c225559b54990C103a32aA18b447Fe9631A,0x03C66CB1826BDB0395BF31E68Bf7E873e9564fFB,0.0,0.001000009,confirmed
2025-10-24T17:56:42.075961,ethereum_tx,0xefed33069b6cccd64dabb72fba53c6222a0649787a865a31e6b325b73b638cca,9481673,0x36760519827d082E2bA5aaCF7fe2EB3272978F13,0x08d2b0a37F869FF76BACB5Bab3278E26ab7067B7,4e-05,0.001000009,confirmed
2025-10-24T17:56:42.075961,ethereum_tx,0x2c4c945ccd40c830e73694dbc44d2bffba9321f7a7a6cd0d712090657978116c,9481673,0x812A967a69044225582ea080C63E4153E1F8B88C,0x1f96D1656a6500e526E92B19EAA894A6A7647ABa,0.010024380000400976,0.001000009,confirmed
2025-10-24T17:56:42.075961,ethereum_tx,0xded9725193d2a7b27ee33a9378591d31663a1fab420eb8edc6ffaa88c1919bb7,9481673,0x1f9162aDf495696C72Be2473e62C51B7B6fd2E50,0x0a75d56Bc081dEe7Ff837630a216f1702B14978e,0.0,0.001000009,confirmed
2025-10-24T17:56:42.075961,ethereum_tx,0xbf2df4695ca628da379cc8fd015fa331d166d497f0dd55b86ef1b796c7e96f23,9481673,0xfFF256a355855557417ceef806fe6ddE534c9D15,0x0000000000000000000000000000000000000000,1e-05,0.001000009,confirmed
2025-10-24T17:56:42.075961,ethereum_tx,0xc05a869e50e3d53d99d3440a2f30b27f18f51b75027c2330f35c3cb4d8e35fd8,9481673,0x4c35ABD9e3A3E7f757b0305780F3DFFB08c615F4,0x853758425e953739F5438fd6fd0Efe04A477b039,0.0001,0.001000009,confirmed
2025-10-24T17:56:42.075961,ethereum_tx,0x2aa869a2f964d4fad99d6ebccccc2e49d86d4e5fae6dd3c455ad3d96f70cf765,9481673,0x379eDeD50A4F1F2796895619207cC5D0B54D46da,0x853758425e953739F5438fd6fd0Efe04A477b039,0.0001,0.001000009,confirmed
2025-10-24T17:56:42.075961,ethereum_tx,0x8b2e4d3d1f8559b4123e48f9c53b1b075b6e61f395b0d7f5d2232ccbe9b94b72,9481673,0x2457175820A92C4C739010623d0Ab088deAB338c,0xE3e52c9A4820F278A5EdadeD49A4e220616A70e1,2.499999978999811,0.001000009,confirmed
2025-10-24T17:56:42.075961,ethereum_tx,0x88039ee66c7d0999f4f6c939d1830d187f1fe3a249d02c1ab119a3d6ee319a61,9481673,0x333B12caB79e9657c5178a2A67ff2C75124639dc,0x853758425e953739F5438fd6fd0Efe04A477b039,0.0001,0.001000009,confirmed
2025-10-24T17:56:42.075961,ethereum_tx,0x49d373f52e303a34a3d725f56634df9c3e64d1362e51aff2bd59e44ee5ce89de,9481673,0x4c33b96Dca2EEaB30b76881ccC189C5C0177B1F1,0xdb0597F21877443A1Dc170b1B7A7A7613a6dC03E,1.99e-06,0.001000009,confirmed
2025-10-24T17:56:42.075961,ethereum_tx,0x4e896ea2424468f0d612a65de5af1373a43ecd10352429f008d79c339f6f2597,9481673,0x4300201C6d54F5933b7Fb675b613694daa155231,0x03C66CB1826BDB0395BF31E68Bf7E873e9564fFB,0.0,0.001000009,confirmed
2025-10-24T17:56:42.075961,ethereum_tx,0x5d825497188012dbe386c33a7a9e6e49888968b78b0065ecf35cbd211690140b,9481673,0x1A1Ebc5afFCFB90E9aeC63a733Bbe1F7DcA5Ed74,0x03C66CB1826BDB0395BF31E68Bf7E873e9564fFB,0.0,0.001000009,confirmed
2025-10-24T17:56:42.075961,ethereum_tx,0xb88378fee834772ad540c80dcd43c7795e498a1f26ed638a034d3fe5143ca8a8,9481673,0x3DfeF77604c3B383Cb539fAC1e1B0e779CEC9260,0x03C66CB1826BDB0395BF31E68Bf7E873e9564fFB,0.0,0.001000009,confirmed
2025-10-24T17:56:42.075961,ethereum_tx,0x8424a7a6df3ade1b8ccdc83a565487c727bc2316c8223aee03a51816666a93d8,9481673,0x053DD4618aAc39bbDA482b44c9dA72580C1955b0,0x1c7D4B196Cb0C7B01d743Fbc6116a902379C7238,0.0,0.001000009,confirmed
2025-10-24T17:56:42.075961,ethereum_tx,0x2b740bdd61314fd59141b180b83912e8e34e2557720e0ee5222a377ca45f60e9,9481673,0x3Da763C42E438eB17880fB6A83040d6cf13eF03b,0xFf00000000000000000000000000000000042069,0.0,0.001000009,confirmed
2025-10-24T17:56:42.075961,ethereum_tx,0xeccbf37ec8a65a407d3b3b16151d8d578a15a1fe5433f62c83a69e90ecec5024,9481673,0x1C9F725bCa5665C9D0C676e88Ec23f47C83DacD1,0x853758425e953739F5438fd6fd0Efe04A477b039,0.0001,0.001000009,confirmed
2025-10-24T17:56:42.075961,ethereum_tx,0x439f550da16f156aa96385172abdfeadf0535f2fd32247b50021cd5d3a835d0a,9481673,0x61bd939995e4650F931E0946fDD2B9Ba9E91f077,0x1AAa1167728831A30b2C5E815c38F59257E67EF0,0.0,0.001000009,confirmed
2025-10-24T17:56:42.075961,ethereum_tx,0xb46920206b9574292189ec2e5b806e8229cbf6639819dd8393b2b82f04ae277d,9481673,0xE15242D687a282c3F53baC817aa3e4246760794e,0x00C0887713509578a85f49fE6095e7653c7c36Be,0.0,0.001000009,confirmed
2025-10-24T17:56:42.075961,ethereum_tx,0x1a2d348801fdb06ab864c91d8f68800dbb528f9ed00a49317127a371d69d4de8,9481674,0xAf6b508bF1f658fa9DF0FEB1E431b3334E1EC8fA,0x18bCB94F6334100A6f9b942D7E5DF214287238b0,0.0,24.000000009,confirmed
2025-10-24T17:56:42.075961,ethereum_tx,0x7b75e690d2aebd3aa5e29d2cd6a45b8a1f94272978934bd568f32920b079de46,9481674,0xAf6b508bF1f658fa9DF0FEB1E431b3334E1EC8fA,0x18bCB94F6334100A6f9b942D7E5DF214287238b0,0.0,24.000000009,confirmed
2025-10-24T17:56:42.075961,ethereum_tx,0xd6176c80617bcf9706920a7d50ee914c89ede30cf7084e3b36db28d18c41987d,9481674,0x3C95c2633296B264d051498C4b2e982EbB526A53,0x3C95c2633296B264d051498C4b2e982EbB526A53,0.0,4.1,confirmed
2025-10-24T17:56:42.075961,ethereum_tx,0x19ba55a9704b6098633d98cedb15af06106186f961c340f5f9f2e1ecf25a7c49,9481674,0x9B0677A84241d09e3e857cD7af29a2eD65226721,0xcA11bde05977b3631167028862bE2a173976CA11,0.0,3.000000009,confirmed
2025-10-24T17:56:42.075961,ethereum_tx,0xc2190a8126afa20169576885b2e8f7bb3743064b3fb6ce7129a1ea5d2e49685f,9481674,0xc28A2Af7965aDEFc19e7644a7DBb80b4e39DD64F,0x73B668d8374DDB42c9e2f46fd5B754Ac215495bc,0.0,2.000000009,confirmed
2025-10-24T17:56:42.075961,ethereum_tx,0x3fdd6e34af4bde7bae29dfcd64f9c6aaf3d5868cf21ba62d2e41896808ee9393,9481674,0x6Cc9397c3B38739daCbfaA68EaD5F5D77Ba5F455,0x6CCdCa851645fd0Eb360B1cdC3c9E72A8623C5A5,1.00736753,2.000000009,confirmed
2025-10-24T17:56:42.075961,ethereum_tx,0x5d6cd576f7f8da713b21220588a507a1779b433dc2f6abba55d0042370a0bf00,9481674,0x6Cc9397c3B38739daCbfaA68EaD5F5D77Ba5F455,0x5ED1F8F4efb465B9721abCC833C8734698d01f26,0.0741382,2.000000009,confirmed
2025-10-24T17:56:42.075961,ethereum_tx,0x57804cb6a96f0dbfa0fbe45dbadd2551344b00c6c506bf0dfd5f8dca7714f07d,9481674,0xD4c0B787aA2ff9Eb751Bb515c877EbBF2Daddaae,0x1c7D4B196Cb0C7B01d743Fbc6116a902379C7238,0.0,2.000000009,confirmed
2025-10-24T17:56:42.075961,ethereum_tx,0x9bcc50c699c25fc1134795182f5aea3950ea4fae426f78122a92cec69f085ca7,9481674,0xc47176667F8d876c2a98ac5c765d52Af45a71Da3,0x73B668d8374DDB42c9e2f46fd5B754Ac215495bc,0.0,2.000000009,confirmed
2025-10-24T17:56:42.075961,ethereum_tx,0xcbbae882b58502d6940f45a570e486a8ba7405f1d534b93eb422e58372989062,9481674,0xe7F38E2D57a0eA80240B5E65A69AF66812CbCd0C,0x9e94C381262C9171CA0DEbd3C6e90Af34b51b4cD,0.01,2.0,confirmed
2025-10-24T17:56:42.075961,ethereum_tx,0x8333fbbe9f06f017429fc9886257f6c31a6d88126ebc2650502a989947a51067,9481674,0x204aF6a45d0040455F77C6417BD75693790F1F0E,,0.0,1.500000009,confirmed
2025-10-24T17:56:42.075961,ethereum_tx,0xe3cafaaf1a12c2686d84f5d6925eb6232083a77d4053739791b4363904378433,9481674,0xc39Ab29406cf7F5e6eD12320B667F5A26ce9127b,0x1C979f89b2F0FF395a1f677798da4c2Be39a2465,1.09e-05,1.5,confirmed
2025-10-24T17:56:42.075961,ethereum_tx,0x2fa64b4136447c598af5922504397c14fea268af36262fb2f83e0432aac34caa,9481674,0x5E415aD9F91ba2fFE78c053eD90Dc3CE0A171C91,0x2A4496bbC344414e3bDbE6a8E7c40EF007DAeEd1,0.0,1.5,confirmed
2025-10-24T17:56:42.075961,ethereum_tx,0x59126fb3dd5ed48c8ba07762e1430ec830e4041e186c0922808c4b5f061ba746,9481674,0x7D1E1555Be66c794eb1E382D3e90AB6947e3307F,0x2A4496bbC344414e3bDbE6a8E7c40EF007DAeEd1,0.0,1.5,confirmed
2025-10-24T17:56:42.075961,ethereum_tx,0xb5c9b01a480a83507ca49324184706a186c3da8d959923134866955200167c99,9481674,0x7A6b0aee3FAF2a2b464C5309FDD94783094Da2f9,0x2A4496bbC344414e3bDbE6a8E7c40EF007DAeEd1,0.0,1.5,confirmed
2025-10-24T17:56:42.075961,ethereum_tx,0xd977a711f6be4d28b25cfcdd558ee2eb1043b45e41cd63cb26054d5c5f94fb8d,9481674,0x266aEAA6d43994B657e91A1C70E55C5E1da4D196,0x2A4496bbC344414e3bDbE6a8E7c40EF007DAeEd1,0.0,1.5,confirmed
2025-10-24T17:56:42.075961,ethereum_tx,0x9f88419b1ed2867cd6fb4972c0fcff59844d3d260caaa026612a7c332aea07fd,9481674,0x293c02Fa6323f3660c605547DF44Feda52c6A834,0x2A4496bbC344414e3bDbE6a8E7c40EF007DAeEd1,0.0,1.5,confirmed
2025-10-24T17:56:42.075961,ethereum_tx,0x6f00c40926eaa1f9c38fdb66cdffa6483f970e4f8d72a10a797e3cc1685fd340,9481674,0x067225c3428D07924E7db9924e7776855405eD70,0x2A4496bbC344414e3bDbE6a8E7c40EF007DAeEd1,0.0,1.5,confirmed
2025-10-24T17:56:42.075961,ethereum_tx,0xa659bb338cd8414b0cbe01ee3c33dc79a157da637419dde6dcbdaf8a8bde0dc2,9481674,0xF6FF6C8cA01E3A8E79d1dbFF7CE77665Cb30CD88,0x39AaFdD19048f39eD5412aDc90aBAb92E74477e1,0.0,1.000000009,confirmed
2025-10-24T17:56:42.075961,ethereum_tx,0x9c26b3cfa9d6bfa4316ffafe6b66cddf630597523486e0cb972703f3457a313e,9481674,0x3A76FB973Efb6C200c1C971604d920F2A28b2D10,0xC084142720ad7fb2b43769cafcC2777fd86F2fe8,0.0,1.000000009,confirmed
2025-10-24T17:56:42.075961,ethereum_tx,0xda6a1a182b7442383fb96b9a509e197043819861c89d810a1660f2162f75868d,9481674,0xffb026F67DA0869EB3ABB090cB7F015CE0925CdF,0x677FA02C26c7a857A637938E271cdd12766CffbA,0.0,1.000000009,confirmed
2025-10-24T17:56:42.075961,ethereum_tx,0x0f2c036965b7e67bfc8e9eb6f1414565d1528941b774fdfa04002e5c8d173e15,9481674,0x01846850749d7EaBd9765EB765391434DfEF3E2B,0x768499a1F272C916e80c8046b27E8bc535206e33,0.0,1.000000009,confirmed
2025-10-24T17:56:42.075961,ethereum_tx,0xa3beb052a87e4f02c353e77148014519b2c540d1a4b64f6f2dff181e1f27b169,9481674,0xE53E1EdC0f1C8bAac0fd0CBc0B408fef33402ab4,0x32787CDa7eB44a561470afB3134465e4d386b301,0.0,1.000000009,confirmed
2025-10-24T17:56:42.075961,ethereum_tx,0x68a61191e6e62c9a7225754d62428d73fa0771544a9b1f2c46191bfcc8e4f6ef,9481674,0x25da8BFcD391841ddC5E7eE2C46dbfbD17a09503,0xbC48FEd343E7Db06318ba83814a7Fa2DADE7E505,0.0,1.000000009,confirmed
2025-10-24T17:56:42.075961,ethereum_tx,0xa635a8ee8c1123b456f6cfffbd6221cea5774b13f00fb638509f04ee974baba2,9481674,0xf74c4e7fb0A4988d3CA9ACF5AA750844d6a4fbB1,0xc82298aB747883A2e73FAE01cc8D1DF74EbB07cE,0.0,1.000000009,confirmed
2025-10-24T17:56:42.075961,ethereum_tx,0xe80304371d6d5f725a68461db638eea8a6aff649934221bb28a2bfb1a7653fe2,9481674,0xF0FEd0C0192539a1076d8BDa1233f414704d98Be,0x00D22efF04CF7d0f5A355A6D9A06E43120398dA6,0.0,1.000000009,confirmed
2025-10-24T17:56:42.075961,ethereum_tx,0x6285dfee90e087658f993b0274b4fdc5ccb3f8b23879a408384f04b055c06e97,9481674,0x7B52f71Ca50Bce413eaFF4a4287Cf4b9685f7602,0xD20103fE723A801056f5B063874861c623Cacd87,0.0,1.000000009,confirmed
2025-10-24T17:56:42.075961,ethereum_tx,0xf928af7cb6510a48de79177b2756f71062e27b7f0e6b3c25fcc6f0c80f002765,9481674,0xdb14D0428A215e75D36ceDd0c95df00a056AA7dc,0x7b79995e5f793A07Bc00c21412e50Ecae098E7f9,1e-05,1.0,confirmed
2025-10-24T17:56:42.075961,ethereum_tx,0x048fdb80a1f974937c56db03ee8a8208c447ae7d19a4dc32f9f5ec1fa945e6e0,9481674,0xB5Ed3CfEcB5524dEEb19540a9c94f494C37cE65a,0x8a2d7B098488cB0fDf68A5Bf796743De6dE5F8c9,0.0,1.0,confirmed
2025-10-24T17:56:42.075961,ethereum_tx,0xc23ac3a25d9b94b9451730eb523f6d49c263fa602c9d1772a0235364a79e9088,9481674,0x2567fF4BE9f21B1239c93aa3507DD2AC3d54B4f1,0xd9de332c023Dc4372fAE306C3779e0659f0f8F6B,0.0,0.05000045,confirmed
2025-10-24T17:56:42.075961,ethereum_tx,0x519dec377157c79690def4254e918cb7be4bd99cad46237d2632699ffd3cb076,9481674,0xd019b461FFBB93caA5834A06Ee9d3fADa9cd25c4,0xf993E10C83Fe26DddFc6cb5E82444C44201e8a9C,1e-06,0.020000009,confirmed
2025-10-24T17:56:42.075961,ethereum_tx,0x182f0c42d3376c7a00d8d3a9a3466635be7563118f0650f2347f6b2110191b11,9481674,0xE154cC24e1aF2CE7801C58ccF782205A7E262355,0xf993E10C83Fe26DddFc6cb5E82444C44201e8a9C,1e-06,0.020000009,confirmed
2025-10-24T17:56:42.075961,ethereum_tx,0x3e6d1b7cf0b0df7b5b8ba04f3f2480ee6830c16c484dea086b1f52f1999af7ec,9481674,0x20AaF862889493d53Ad5763A32f893De19af9BEe,0xf993E10C83Fe26DddFc6cb5E82444C44201e8a9C,1e-06,0.020000009,confirmed
2025-10-24T17:56:42.075961,ethereum_tx,0x89e9bc29873e626fa33ed3f0469a08387bfa4f88a4a60d48663f70a945a0db87,9481674,0x9D3AD0d8Fe341FEA72643cfDf34E0042760aF801,0xf993E10C83Fe26DddFc6cb5E82444C44201e8a9C,1e-06,0.020000009,confirmed
2025-10-24T17:56:42.075961,ethereum_tx,0x1e4c913e9ea6f7b374f3dacae9ca18f1b4cc07bfc468cb4b37e341364bc0c0f9,9481674,0x83fdEEFdDc2bb45ABE2f5285E87a44f26541d426,0x280677A203859C8Fda8923C52a15E77611e0AfEe,0.0,0.001500009,confirmed
2025-10-24T17:56:42.075961,ethereum_tx,0x42ecf55ed3387ef354ea36a8b3cf9bae75fbac7b52b796f269ee88781c27bc66,9481674,0x265633E6c3910AaC21aA98E27772E846f518Acef,0x5a04F6B808e909aD88e479F801dc77e5C38F5412,0.0,0.001200011,confirmed
2025-10-24T17:56:42.075961,ethereum_tx,0x349d44c961db775ea738983c184c747f7e1391b32c22419d7f5ef7f93cee43cd,9481674,0xd25DB2Ff2263A31b192EE117eB83E7792C01d58f,0x956962C34687A954e611A83619ABaA37Ce6bC78A,0.000205,0.001200011,confirmed
2025-10-24T17:56:42.075961,ethereum_tx,0x4b1222a0e8323c00626eded6c573753767d0ce959dd8c59cf2e5d65fe5821852,9481674,0xE4765a5D7335DAd51b3058d0b8eDeE540D149a21,0x83458E8Bf8206131Fe5c05127007FA164c0948A2,1e-18,0.001200009,confirmed
2025-10-24T17:56:42.075961,ethereum_tx,0x280bcc8ce5178a78db07bf22384330520822fab00b778ac94013fca62e53d612,9481674,0xf286c79b4a613a1fE480C8e4fB17B837E7D8ba03,0xd0dbB2486e3Fbf371D1B2e35Fa330bef6529d2f4,0.0,0.001100019,confirmed
2025-10-24T17:56:42.075961,ethereum_tx,0x160fcc86050aa71e28ff44a07714061912dc9ef581eefb63ab55a0a957614194,9481674,0x36a46774A3743641D4C274b385608Cb455B5B6b8,0xd0dbB2486e3Fbf371D1B2e35Fa330bef6529d2f4,0.0,0.001100019,confirmed
2025-10-24T17:56:42.075961,ethereum_tx,0x9051f750bbea22ea4239d23368b4fb0a97e4e0cb780c5a79b8f3c49d7f7bb28e,9481674,0x6dB8952e4963541c9Cc8Be7e578E97Fcbd37A576,0x86EFBD0b6736Bed994962f9797049422A3A8E8Ad,0.0,0.001100019,confirmed
2025-10-24T17:56:42.075961,ethereum_tx,0x9d9b68687e90de054e9c56e1024b0b6d922b9c3cc64602f41fc2c3ed94cf31f4,9481674,0x7cE347ce7dbf3FC95e1abaa6E9994f4217b03764,0xA73aFb610aC79A729A393D679029fCf9618854AD,0.0,0.001100019,confirmed
2025-10-24T17:56:42.075961,ethereum_tx,0x8a0aafece1317bb2e1c1edda65248f5469fe204bafabb284100055a46db34fd6,9481674,0xC0f3833B7e7216EEcD9f6bC2c7927A7aA36Ab58B,0xF991ba296167bCd0980A77f2f38bB57dB755d9AA,0.05,0.001100009,confirmed
2025-10-24T17:56:42.075961,ethereum_tx,0xc2032d305ee239ac4e0db822e8797755cda095afb8317d0c00403952bffd82d9,9481674,0x42645cE4Dd0B766dE53ee483cbf54bcEa670f9b2,0x36d36AB5A62eA9478e183422BB3cB661750Ccf49,0.05,0.001100009,confirmed
2025-10-24T17:56:42.075961,ethereum_tx,0xe25ebc1e4b3a012a577a3496181ac478dbcb4ef711544ed34709161450908b5b,9481674,0xb2dE751D22Adfb449e95DA3c1e8836C6c61B537d,0x3d5fcA867AE0EcbdbC8dD429F5F1755DEBaee198,0.05,0.001100009,confirmed
2025-10-24T17:56:42.075961,ethereum_tx,0xb791d448cc2cd96ec6314214d7b1f5546a880fb88de354e31892befd39e04b22,9481674,0xe446a520E9304F123F888209711b0cC03016cF69,0xcf13EC03df554cdF126e6E24B66A9Ee46034DbF6,0.0,0.001100009,confirmed
2025-10-24T17:56:42.075961,ethereum_tx,0xa787c97508dde26ca950d7f8f3909c831c1229ccfc39bd46f7620d4174a19532,9481674,0xE7789F3EEcB12ee250Ff70C207240B53351D2999,0x3eDF60dd017aCe33A0220F78741b5581C385A1BA,0.0,0.001052641,confirmed
2025-10-24T17:56:42.075961,ethereum_tx,0x3b11bfd64c3cdd5fc8d3cc15e519c4220f0c7ad286eb9593f8c16b7456cee2ac,9481674,0x5dA5C2a98e26FD28914b91212b1232D58eb9bbab,0xfF936e31564BCD5A5371bAC8137d8C1E1354Bf37,0.00083789,0.00100001,confirmed
2025-10-24T17:56:42.075961,ethereum_tx,0x93f328d173e93d407d9d278c669756176c70665622862a007f427e5d4da5b8a5,9481674,0xDF3Ef25655B99DF1dD2b26750Eaf739A97EFAC3E,0x3F0362E2559d717Fc19167C1Dabc1cacca30E3A0,1.12e-06,0.001000009,confirmed
2025-10-24T17:56:42.075961,ethereum_tx,0x38678f6a5d63e57859e2ce09dc5fe1752e04fcd84914cce67d1df9507a6f5bb9,9481674,0xb3Fb53Aec32a7B31e21d155364E7A7eE9c20A39f,0x87A3effB84CBE1E4caB6Ab430139eC41d156D55A,0.0,0.001000009,confirmed
2025-10-24T17:56:42.075961,ethereum_tx,0x7741c70a1fa03345eb19fc6f22e5daf48870e843e2ff1da425e43ea4cef009fa,9481674,0xF375C022Eb9ABCDc6Ff2B7cF2d758c6815EFD610,0x91c350EFbc2Af1B654cfC45746e8A9eB7cC0b98C,1.56e-06,0.001000009,confirmed
2025-10-24T17:56:42.075961,ethereum_tx,0x7b94e91717cd0ee1d24243016b2f9c700cecb4816b7cea75da7c5a3808fadd0b,9481674,0x6d50EDC485a5c5C8E57e45994de1C8f8A11A7cee,0x91bD435B7aA866c48b905F3e0dd12503E52A4530,6.4e-05,0.001000009,confirmed
2025-10-24T17:56:42.075961,ethereum_tx,0x97a0be3eb5264e763a8eb1972e59e283791485532a13a0c74bbcf67e94e48878,9481674,0xaa4878DfBB72F51Eb519caA96a6a064946e95724,0x83458E8Bf8206131Fe5c05127007FA164c0948A2,0.0,0.001000009,confirmed
2025-10-24T17:56:42.075961,ethereum_tx,0x115c17310e1b7662a230ac9a82ef9683a63b7054b929f779f28f164f796b7f96,9481674,0x099BA97a37FA019c064a2517026e3c2Ea8DB9964,0xF6e7F84d9cee738ec59c08B7a7260152C236813a,0.0,0.001000009,confirmed
2025-10-24T17:56:42.075961,ethereum_tx,0xd91cff4425bb4e60815b85b8f7d7f1aaae95358b3f6f038103170922d19290f9,9481674,0x3467d588C14B269847bFBf7fDb8643BBd85626e1,0x853758425e953739F5438fd6fd0Efe04A477b039,0.0001,0.001000009,confirmed
2025-10-24T17:56:42.075961,ethereum_tx,0x0fab434010a11a63840b07597265b5e5a2414634f1d9c4f7b6929ad7f3ad4bb0,9481674,0xfFF256a355855557417ceef806fe6ddE534c9D15,0x0000000000000000000000000000000000000000,1e-05,0.001000009,confirmed
2025-10-24T17:56:42.075961,ethereum_tx,0xbc5de2192a1f17c184546ed91fb2fa5488fe5e9604612969f886e8e75b425343,9481674,0xda6b40AD1b361Cb2229F9794Cc9Ba070b86Ec4Cd,0x485D32dA4a40881CfaDbA127E3F6315aC9d3aE25,0.0,0.001000009,confirmed
2025-10-24T17:56:42.075961,ethereum_tx,0xb2754ff84bf81ed9309007c908e2c03758b24506aa5adc46edcdf73cf097d27b,9481674,0xBf389beCd498E1a07bd011489F6982DbC7E31897,0xFb13dE1C5aC28fc8335Ec5721b06eB4eA6e3897b,0.0,0.001000009,confirmed
2025-10-24T17:56:42.075961,ethereum_tx,0x7403f846a600a272c430764419e701581e81435d43160dae8acedd33571273e7,9481674,0xf4f09E6D008C74235d59B4aD47Fb4CeF249C2391,,0.0,0.001000009,confirmed
2025-10-24T17:56:42.075961,ethereum_tx,0x8c166c98480fde3b7daac8e313c0e9a40c972b19a23dd5073618885ba4915d6a,9481674,0x58E18B212613778d1f8B10E5eA72eDDa0Ff9bE6E,0x08d2b0a37F869FF76BACB5Bab3278E26ab7067B7,3e-05,0.001000009,confirmed
2025-10-24T17:56:42.075961,ethereum_tx,0x5d822459b3340af5bfa133b67d0df1d7cade9521bd6521b3884c2e865bebd13b,9481674,0x82270f1f8c0867e73BECFA6cDBdE4b51d1c45A11,0x03C66CB1826BDB0395BF31E68Bf7E873e9564fFB,0.0,0.001000009,confirmed
2025-10-24T17:56:42.075961,ethereum_tx,0xcc3af0dce76315068590ea66eb0ac14ed07d3c568e745197cf7ef410521fe924,9481674,0x5Fb5139834DF283b6A4BD7267952f3Ea21A573f4,0xFFEEDDCcBbAA0000000000000000000000000000,0.0,0.001000009,confirmed
2025-10-24T17:56:42.075961,ethereum_tx,0x7f23ac43cdcfbcf0d601fb381c3610b9cb596840251bcf348bb4f2585484e454,9481674,0x08F13C3a05fE6F2442E43a6486454D69C61f63ad,0x03C66CB1826BDB0395BF31E68Bf7E873e9564fFB,0.0,0.001000009,confirmed
2025-10-24T17:56:42.075961,ethereum_tx,0x622fea3249121362918a60ba1b09a0502985902e59d98cdf7bb3eaaa616312bf,9481674,0xc25264904F9a6a8DCcA61e14ddc0b75ba8a4c27B,0x03C66CB1826BDB0395BF31E68Bf7E873e9564fFB,0.0,0.001000009,confirmed
2025-10-24T17:56:42.075961,ethereum_tx,0xf5ca57bf030b6c70ed416d91cad93b67ef28932ae03ef15610baf020f00a54cb,9481674,0xb69c8A02D6DcB66Dc93E522b03f7A99F93356927,0x03C66CB1826BDB0395BF31E68Bf7E873e9564fFB,0.0,0.001000009,confirmed
2025-10-24T17:56:42.075961,ethereum_tx,0xe7b1a1c89490c08168e5565736145f03bcb07c5379451734790024e7703aaed9,9481675,0xfc56E7272EEBBBA5bC6c544e159483C4a38f8bA3,0xfF00000000000000000000000000000000084532,0.0,16.000000009,confirmed
2025-10-24T17:56:42.075961,ethereum_tx,0xf19f9eae76d5f3882a1b379a18722af4cfa5ea928715a665abc04b976270d031,9481675,0x591d3e0273ee4ae785562bc7bfae07001a0c75f1,0xcA11bde05977b3631167028862bE2a173976CA11,0.0,3.000000009,confirmed
2025-10-24T17:56:42.075961,ethereum_tx,0xeeeafb6bdde49a021092445f9a32a739cadde40a216f58098ff6e5bf255d2351,9481675,0xE162c57907B2718F99af9b7bc7677a0b3285A7b1,0xeE852866fac6C5e338b28cdAc72e33474D4785eA,0.0,2.250000009,confirmed
2025-10-24T17:56:42.075961,ethereum_tx,0x8053daab127889165e99d90e56117e766c4907620db2a794ce85139034095444,9481675,0x55A07F9f7eD7F110c2Ddd8f2f5d8677Dc94aF4E2,0xeA30c4B8b44078Bbf8a6ef5b9f1eC1626C7848D9,0.0,2.200000009,confirmed
2025-10-24T17:56:42.075961,ethereum_tx,0xf769dcb588ef8a8a84c7b947f4d4d79966926c77f237d498a9c7869053a9d51b,9481675,0xe7F38E2D57a0eA80240B5E65A69AF66812CbCd0C,0x9DB17Bc8aDBF18Fc3bBDa278df47E334F7cA67bc,0.01,2.0,confirmed
2025-10-24T17:56:42.075961,ethereum_tx,0x33066b8846ccbb0ae371e6e0f5217060348889cc6bafa7216869a939e09abce0,9481675,0xAf6b508bF1f658fa9DF0FEB1E431b3334E1EC8fA,0x18bCB94F6334100A6f9b942D7E5DF214287238b0,0.0,1.500000009,confirmed
2025-10-24T17:56:42.075961,ethereum_tx,0x5758ef74c25d16aa956d26e29f0d82771766edab9031795794b85cc627bfa9f9,9481675,0xF5DdF81B73e188e0704C6fFf7014b804c5d1C436,0xBC04d69Ecd7890699b2BE7924eA86474e15098E6,0.599968499999832,1.500000009,confirmed
2025-10-24T17:56:42.075961,ethereum_tx,0xb9de66371ede312bc119ff93cb4eb5a8f1565e090c2e190ed8044dad5f0b7cde,9481675,0x6b0B1525b4ebFC1D506d7F2CEe4Fc5B0706bec47,0xd38AB9f1563316DeD5d3B3d5e727d55f410d492E,0.0,1.500000009,confirmed
2025-10-24T17:56:42.075961,ethereum_tx,0x9d6f15949f23a99a3d00d04338b2a244e130d5c363c41eb300b58d442520829d,9481675,0x6A29cc2F73789E2EC36631af9Ba0a86fDe88d96B,0x465C15e9e2F3837472B0B204e955c5205270CA9E,0.0,1.500000009,confirmed
2025-10-24T17:56:42.075961,ethereum_tx,0x7bbefeab02b50bb15185476d5259c13b14b78356b91161caea3c08780c92cb9c,9481675,0x4538a3D9328014cE32e569D874952aEC48b8CE5E,0x2A4496bbC344414e3bDbE6a8E7c40EF007DAeEd1,0.0,1.5,confirmed
2025-10-24T17:56:42.075961,ethereum_tx,0x14bf7d26d588fe0c3afa8b83573a3a892c45461d860f4f95764510e8f8aae364,9481675,0x6072aa3e08BF35F9cf5cB17CB6174D0EC7761C15,0x57c5dC670eB6f571bDD8Fc1CF178c46c9A917A74,0.0,1.5,confirmed
2025-10-24T17:56:42.075961,ethereum_tx,0x29268acff28f1cb73af6e20cf13423b3f0241133e8141c4c7e05130dd6319e0e,9481675,0x5252399b6a42c57bC1a7973dAA6727a02786f8dD,0x2A4496bbC344414e3bDbE6a8E7c40EF007DAeEd1,0.0,1.5,confirmed
2025-10-24T17:56:42.075961,ethereum_tx,0x21c1b8ed44071d80a2571ef19358ce0279534d3c77f5278054c28c336416b103,9481675,0x0BB2b05aFb98ddf46126706B40dde1745662bA71,0x57c5dC670eB6f571bDD8Fc1CF178c46c9A917A74,0.0,1.5,confirmed
2025-10-24T17:56:42.075961,ethereum_tx,0x706d9e16ca510e2698767574508672d8526f16cf94e9eb42af23be9fe302690c,9481675,0xFA534ba617AD3e65bDFB2a5c8BD0e343598D0cf4,0x2A4496bbC344414e3bDbE6a8E7c40EF007DAeEd1,0.0,1.5,confirmed
2025-10-24T17:56:42.075961,ethereum_tx,0x1edc4a5aab3b43b4ebd51efefcf5e4d6ab127239ad0406453fc8ff7850ee66a7,9481675,0x85AA16B0a6eA346138eAA7D0c041195E624Bf7d4,0x57c5dC670eB6f571bDD8Fc1CF178c46c9A917A74,0.0,1.5,confirmed
2025-10-24T17:56:42.075961,ethereum_tx,0x0f10e1296e6fa4063b236fa14dd8d7665d0cf036fbdf2082ac39ef5f131ccb19,9481675,0xdedD98af145731AD0696F36d8ef4307b71416385,0x57c5dC670eB6f571bDD8Fc1CF178c46c9A917A74,0.0,1.5,confirmed
2025-10-24T17:56:42.075961,ethereum_tx,0xc2ae6c87cba27afc317b60309a4b3a3642e77b3eac40c57fe3c11abb5ff08f73,9481675,0x0968a4c3B6B8864d7784f39e88cB025f19EDCd32,0x57c5dC670eB6f571bDD8Fc1CF178c46c9A917A74,0.0,1.5,confirmed
2025-10-24T17:56:42.075961,ethereum_tx,0x93932258b12bb41df018e20e78a65c6e8d49817d1dbf791f1cd82869e49657a9,9481675,0x7F09a9800753B15950780654Fd0cBDC0Ede41F37,0xE439D1B8a5675eff74C699854Ff72DA1651B6Bfe,0.0,1.000000009,confirmed
2025-10-24T17:56:42.075961,ethereum_tx,0xfbab3aa8ebab101c47a756a56d4e646f5640384224f04bb54d4f08f9243c9471,9481675,0x76eD028AF7e9b15a709333A44A189588869a8D31,0x0059737703B1C9481afE94803F16c55d501CEFA4,0.0,1.000000009,confirmed
2025-10-24T17:56:42.075961,ethereum_tx,0x3546e7b4b8ea3d30c497c7bb07740dd8e03d0b6e66bd43d53d42c0f3095c1bb3,9481675,0xf7D2cA359d0398DA4f020fc424863dF973f99267,0x76E63919c66F3CA169Bd2bA993747f1a9C252f16,0.0,1.000000009,confirmed
2025-10-24T17:56:42.075961,ethereum_tx,0xf89bd34bdad68f59ba533f86248bf29b2ceacb29720f82a8b3198e0f787c5d72,9481675,0xd9f65F0103E8809a54F0930a3DE2Ba0Ef7115284,0x005B63c4C73104EEf8D6D6E1F2103bB4B9CB43A4,0.0,1.000000009,confirmed
2025-10-24T17:56:42.075961,ethereum_tx,0xa8995b41cc5b71812eb76c1f25661eb1875d73e7c57c68934dbaa45d1b786550,9481675,0x60EF6a1C9308C55142D5FdD34e68A72dfA836d5F,0x530Fc144A7e089c18A3D992216Be83FFA127B161,0.0,1.000000009,confirmed
2025-10-24T17:56:42.075961,ethereum_tx,0xdd05a0fcb35f9efea5e6d655ae0ef9b411a1e481e1a60d150b91aeee09cc5488,9481675,0x4cF3997bFa4f3418C5E4FE5E95Cb4e9984fF857A,0x0039F2Babe526038520877Fc7c33D81accf578aF,0.0,1.000000009,confirmed
2025-10-24T17:56:42.075961,ethereum_tx,0x554e70fb3dde6f7c6c61f3e7e5c11821d7126186827852fb26e0cfdc43a0db65,9481675,0x9f605e3a4D18bd2d59411895B8311c714D4fCE47,0xfF000000000000000000000000000111FfbF27fb,0.0,1.000000009,confirmed
2025-10-24T17:56:42.075961,ethereum_tx,0x05fbaf1531cea871062b61393a01fbb19fb83bc67e4a7e7b925bdb7cb2ea3f34,9481675,0x7adD4E96334b0deAc01c01592e0c632175Bf6622,0x00ff1a99238CFBB275094fa6EcE1795894938042,0.0,1.000000009,confirmed
2025-10-24T17:56:42.075961,ethereum_tx,0x54670683d81b5521af161f5adde1c4790f96f32b3defaf18e1cf3b312e127a46,9481675,0x97D7F938F47483087a1874529401B83273A5b4C0,0x4Bf290AdCc58c310C1Fbc61e99e85D2eE3F08c4d,0.0,1.000000009,confirmed
2025-10-24T17:56:42.075961,ethereum_tx,0xa47a1b719a8a93f94030d100e81ed514d9cebdc95304c983ede587f2d172df89,9481675,0xebFc2C4F56FC90864877eB4Fa6468397D2dEcF02,0xDbd9A72316eC93b4f29a70bD4dFbF58280CA6D38,0.0,1.000000009,confirmed
2025-10-24T17:56:42.075961,ethereum_tx,0xb3f957cce6be484e5cd20d67e91b57ab4441a35d971613e0be3b35f6d3eac3a8,9481675,0xAC1CCFB1826502E9E9B01F21124EfE5a9c228186,0xb2E1bad9DA68F7CD3ECBDDAF6020Ac5746066ddA,0.0,1.000000009,confirmed
2025-10-24T17:56:42.075961,ethereum_tx,0x63b7d0b3f539a622b0421537e29fda6b5c1376a6bbe4ac79dc3776ae3ca49b58,9481675,0x6D6a3b2Db28E266cDdF628f598eD58056c26E42b,0x342417273a9732F76291e9c7D03950E1A12A3585,0.0,1.000000009,confirmed
2025-10-24T17:56:42.075961,ethereum_tx,0xb1753a1e81474a8d4e1d60f87cda7bb0292ca50a587426cbc344b345812096a1,9481675,0x61D285C30Eb88522C243150aB7fD0C87F4DBefa8,0x00D99Fcc07D2bC81c02a7907F4e29d951D71C304,0.0,1.000000009,confirmed
2025-10-24T17:56:42.075961,ethereum_tx,0x80ee922a9a8a53a20214b04155ea3d7eae16baec29de2569087048426eec65b9,9481675,0x2a1716C0731439656cC1E39a43FD1Efdf5e4491D,0x597Aa4ba4840074cC4024CD61788F2d0aF6C1978,0.0,1.000000009,confirmed
2025-10-24T17:56:42.075961,ethereum_tx,0x9424a4807974f10f5d2e65cab581e6e20afb82bb34e3fdb142bf679c3a63c0dc,9481675,0xF0FEd0C0192539a1076d8BDa1233f414704d98Be,0x00D22efF04CF7d0f5A355A6D9A06E43120398dA6,0.0,1.000000009,confirmed
2025-10-24T17:56:42.075961,ethereum_tx,0x8834aee4fee281ace85ac98d30c983c4139a3e6a656fce072359b955c966ba4b,9481675,0x81D8061076ba0A19c110b5BFf2b9Dd03F8446aa1,0x9d2D950Ff3EE1B75875b8C0FA318644f437924C8,0.0,1.000000009,confirmed
2025-10-24T17:56:42.075961,ethereum_tx,0x2a6620c3981472bad5e0d83dc16542b58bc2be3a693846761d1845aafe7611cf,9481675,0x5201f735A84ADB64404C981903391AeD2d1d47aC,0x0A6D31Baddca5BB8169416FE4Eb40a045c72139C,0.001,1.000000009,confirmed
2025-10-24T17:56:42.075961,ethereum_tx,0x16571e5807230eec7d37f8207f972a6b8792b81c3507a80d63a5657ef7498900,9481675,0xF7176593E3B1A1Ed40dCCea9933Ee6DC4C063BCb,0x7c32B07a8b341b754D536ED0762fE9545249eBC2,0.0,1.000000009,confirmed
2025-10-24T17:56:42.075961,ethereum_tx,0xda95e240e69a95fa6be6a779e5b8038ac2bcf746aeb5219272786e3cd049ebaf,9481675,0x04FbDCcD98E3A7c7CC40B15E2E1E13d2842D7Bf9,0x2Cf848B370C0Ce0255C4743d70648b096D3fAa98,0.0,1.000000009,confirmed
2025-10-24T17:56:42.075961,ethereum_tx,0x99f748ce1f3226dd7bc280a5b0b93e71f63a11c6c45598db6bc664b16b3583af,9481675,0xB5Ed3CfEcB5524dEEb19540a9c94f494C37cE65a,0x55414C542b7AD44C56741205757Ec0b7007c64C7,0.0,1.0,confirmed
2025-10-24T17:56:42.075961,ethereum_tx,0x4790a086336fd148635e4a56ff96f792b09b5dc2f0f0a4474f2f76d42aaf8428,9481675,0x0e0C6bb0038AE6EFf62515800A380bBF5F7D20ec,0x7b79995e5f793A07Bc00c21412e50Ecae098E7f9,0.0001,1.0,confirmed
2025-10-24T17:56:42.075961,ethereum_tx,0xd1905c6969f075cb918951b509bc18c8c2f741af5c6f82336f242afa41d5f8c6,9481675,0xceAaE0eE426817037F92Cc39eB878e9Edb8C7c58,0x251381E3ab6fe214D21EFfA693A5e2d7A0cCEA19,0.0,0.050000009,confirmed
2025-10-24T17:56:42.075961,ethereum_tx,0x6fbe460d858aafb8fd75676f3e9c86c52c983cff17aa434953ba4774fe60f507,9481675,0x675197F4Df1F3eCce3d9f99FDb4118cd7Cb0c6fc,0xf993E10C83Fe26DddFc6cb5E82444C44201e8a9C,1e-06,0.020000009,confirmed
2025-10-24T17:56:42.075961,ethereum_tx,0x1c6be24a3de6bcf27dc358d68f16ec753f560c48aa183ca86d4dc79964867717,9481675,0xe1183586a76FAb49f815B6bccd68CA16408D0EF2,0xf993E10C83Fe26DddFc6cb5E82444C44201e8a9C,1e-06,0.020000009,confirmed
2025-10-24T17:56:42.075961,ethereum_tx,0xc8508d2c20298514ba4a82daff684f4a5cac3dade67148013df0b185c344d588,9481675,0x64f4321553467Caf14Ef91b789ca781Ed51AC767,0xf993E10C83Fe26DddFc6cb5E82444C44201e8a9C,1e-06,0.020000009,confirmed
2025-10-24T17:56:42.075961,ethereum_tx,0xc33fbfe19525f56d0b14ed2d61b1a9b1cef7998c055bc368c1e1ff2d8bfff8fa,9481675,0x3621CD279A05e2a744Cbab772cEd02a8A91ac7b6,0xf993E10C83Fe26DddFc6cb5E82444C44201e8a9C,1e-06,0.020000009,confirmed
2025-10-24T17:56:42.075961,ethereum_tx,0xb352e26ea57a96d210cfff1a39dfeeaecc58486d4adad827a0f0ea38e7a10ef2,9481675,0x61d8838f9A00250C9AF13D622DA7c08c372ee587,0xCf8EDB3333Fae73b23f689229F4De6Ac95d1f707,0.0,0.009933414,confirmed
2025-10-24T17:56:42.075961,ethereum_tx,0x21af6c07b8d601e1659753333c6468de13cafe5805c5c3c763280e6f81de78f0,9481675,0x61d8838f9A00250C9AF13D622DA7c08c372ee587,0xCf8EDB3333Fae73b23f689229F4De6Ac95d1f707,0.0,0.001042114,confirmed
2025-10-24T17:56:42.075961,ethereum_tx,0x1b138c6e2fa6f312a8d241e7c162a5f3e97ffb2318bc8f3183ea45ddd1fe1a65,9481675,0x61d8838f9A00250C9AF13D622DA7c08c372ee587,0xCf8EDB3333Fae73b23f689229F4De6Ac95d1f707,0.0,0.009933414,confirmed
2025-10-24T17:56:42.075961,ethereum_tx,0xa9f48d2f12ef73f66f09f3e2ca4312dd1ade7148cbf8666f52d39ab721e35435,9481675,0x61d8838f9A00250C9AF13D622DA7c08c372ee587,0xCf8EDB3333Fae73b23f689229F4De6Ac95d1f707,0.0,0.009933414,confirmed
2025-10-24T17:56:42.075961,ethereum_tx,0x7d82ea16feadedd3316e80e0671a0d73515b7bb61e01583ccfeedabade251fdb,9481675,0x4BA56bDa2009816e260921970041d6Eb005D7272,0xC764A997C86dC22B50Eb637626e3f46bfd82534A,0.0,0.001500014,confirmed
2025-10-24T17:56:42.075961,ethereum_tx,0x822d00fcf54730319c5682f4457e423965a8ce05d0b96aa3e190cbbbc3bbba60,9481675,0x2D1A477e22F93b66F70a781D1f6aB73C3a62f09b,0xA73aFb610aC79A729A393D679029fCf9618854AD,0.0,0.001500013,confirmed
2025-10-24T17:56:42.075961,ethereum_tx,0xc8701bf775dc3c3c92ef8d417389ca9dadbb8de426cd886cc65048b1cc5caa04,9481675,0x27A88B8846882507bab868974805339d4c438667,0xA73aFb610aC79A729A393D679029fCf9618854AD,0.0,0.001500013,confirmed
2025-10-24T17:56:42.075961,ethereum_tx,0xbd005340a495312a861dc097c8a9e5d1e1247bb6d087f579fbd1ee6ba6f98b94,9481675,0x056A1275DD670205aba10D8fC9bB597777a65030,0xd0dbB2486e3Fbf371D1B2e35Fa330bef6529d2f4,0.0,0.001500013,confirmed
2025-10-24T17:56:42.075961,ethereum_tx,0xe929846b96e43b3d87f1de63b703728d3608d537d19abafe57f92ec8819d0d0b,9481675,0x1741EB7468A490b4A9BA6f4CC7A47B82EcD65c4c,0xd0dbB2486e3Fbf371D1B2e35Fa330bef6529d2f4,0.0,0.001200011,confirmed
2025-10-24T17:56:42.075961,ethereum_tx,0x7a605301e737ab3bb2f84324047e2d89230b6b29c24b5bcc23314eb778c5289a,9481675,0x1741EB7468A490b4A9BA6f4CC7A47B82EcD65c4c,0xd0dbB2486e3Fbf371D1B2e35Fa330bef6529d2f4,0.0,0.001500013,confirmed
2025-10-24T17:56:42.075961,ethereum_tx,0x3edc69f7710ea70e0597ba5de92d2b82f1aed6b3690ef7f683645535eb880109,9481675,0x8253c6f49975b91159f252BDF288dCc30556380a,0x956962C34687A954e611A83619ABaA37Ce6bC78A,2.6708939801306e-05,0.001500013,confirmed
2025-10-24T17:56:42.075961,ethereum_tx,0xffd86f04e2194d63beb301e8c075c783cd90a6c57d3cf245f4a9ef55adc4a2b5,9481675,0x01a34dFb4D87581a2De0Be52221Fb1228ae38C12,0x956962C34687A954e611A83619ABaA37Ce6bC78A,2.027849223481e-06,0.001500013,confirmed
2025-10-24T17:56:42.075961,ethereum_tx,0xd6ea1c817e3353eb69d41b5d80e6f93bc4508a5ac936b624afdc2901c7745ab0,9481675,0x6d7927C0D236388319864007681BC0C6b844Def8,0x12e1181a741b70BE6A9D81f85af3E92B6ba41897,0.0,0.001300011,confirmed
2025-10-24T17:56:42.075961,ethereum_tx,0x626d68e33afcffb9e1c8436158609632588bbf24934114d4393bc4b8f7b8bdf7,9481675,0x4E681a3909cAf7012BA9aC9CdB3A280a85DB6A74,0x31C697EC7F3Dd2095755BF476ec2B97F5eBb431f,0.000999973749748,0.001250012,confirmed
2025-10-24T17:56:42.075961,ethereum_tx,0xedf7224906697d35a60300ec938731ee4625984662f64fa4984241cadb88a245,9481675,0x22e30b21477C4aCf6e37743e7A347C273cD107A8,0xF8c614A483A0427A13512F52ac72A576678bE317,0.0,0.00120001,confirmed
2025-10-24T17:56:42.075961,ethereum_tx,0x5329d6d24910f63f073877dbf951683def6a16b77fa48d9ea48701edde6bfcc0,9481675,0x22e30b21477C4aCf6e37743e7A347C273cD107A8,0xF8c614A483A0427A13512F52ac72A576678bE317,0.0,0.00120001,confirmed
2025-10-24T17:56:42.075961,ethereum_tx,0x1062c575cfc6b3001c53e9b149c2a8be0cf921b4557f56a3c08805850c357b31,9481675,0xA776258a8A915D47a21856226f0ce4D543AF5E07,0xCaC524BcA292aaade2DF8A05cC58F0a65B1B3bB9,0.0,0.001100009,confirmed
2025-10-24T17:56:42.075961,ethereum_tx,0x3e41b8c72d0afdf5e22f097e0e4d670a2fec79cb506dddd28b06f86a5f566337,9481675,0x993a0f3653887078215914BAdCF039263293adD9,0x148A5cC5719ddA2885dBEb1319efb24EfBAbe479,0.05,0.001100009,confirmed
2025-10-24T17:56:42.075961,ethereum_tx,0x6aec9b42d842548ca78e02b0432f56271aa1cba7a08508bacf864ce818235b5e,9481675,0x2F60ee8adD3CBf1f32F52e0416ED88474702688b,0xE99C54fF96Ae65cd3eE322f368b9f3C2bf20c210,0.0,0.001057617,confirmed
2025-10-24T17:56:42.075961,ethereum_tx,0x41943b364a4cb9804dfcb42742b3268e550c1a5e2f9ac83595ba7c2d49e552fb,9481675,0x715d1084b1237Ba6a61447890F282E2505471EEC,0xb5A49949C49dEDD852F9f0f419b17aD2785032db,0.0,0.001057617,confirmed
2025-10-24T17:56:42.075961,ethereum_tx,0x18346bbda0960328c03d8fefa7c3cc82622f80560c952f2e91275d47a0f7b19f,9481675,0x78C7f337fD418f1037Dd0D9dbE094C693DBeF318,0x7215691F60C4fA7Bb82c5Ac44c7d57dc32bB0493,0.0,0.001052641,confirmed
2025-10-24T17:56:42.075961,ethereum_tx,0x1f1abb329f72c1759fbe22d8cea8f4a6955bc4789f3728e4598d81fbd31c9d73,9481675,0xD308c875bEF0bDd5937050DD4C6E7C829253eAc3,0x3eDF60dd017aCe33A0220F78741b5581C385A1BA,0.0,0.001052641,confirmed
2025-10-24T17:56:42.075961,ethereum_tx,0x7c8927181d54245d883494830154889e058931610076183bf9e750238903776c,9481675,0xa3f36F17D0486D6356F7fc79e077cDb088A8489b,0x7215691F60C4fA7Bb82c5Ac44c7d57dc32bB0493,0.0,0.001052641,confirmed
2025-10-24T17:56:42.075961,ethereum_tx,0xc23f703ea80d56fe8457a73a080dfdab116c41a98a231635893f6937d8456a7a,9481675,0xb3a1956Cff1ecc8054B81b0C83b9847CB71384b8,0xCf8EDB3333Fae73b23f689229F4De6Ac95d1f707,0.0,0.001042114,confirmed
2025-10-24T17:56:42.075961,ethereum_tx,0x3c9a74a35e620eed8c9f9a7493df9bce8832ec456def40a88df7a81950f0fd99,9481675,0xb3a1956Cff1ecc8054B81b0C83b9847CB71384b8,0xCf8EDB3333Fae73b23f689229F4De6Ac95d1f707,0.0,0.001042114,confirmed
2025-10-24T17:56:42.075961,ethereum_tx,0x90e7cc9e5e5340d5a800df6e164130f31fdbe5532f2c539479864f3bcd66d018,9481675,0x2fF98260B06226fE5f8Ca6F4c8AE970b01f389DD,0x11E3462ab43a7E8fF8A704920EC3aad823C03F4C,0.0,0.001000009,confirmed
2025-10-24T17:56:42.075961,ethereum_tx,0xe91ecb37ddfceee59ea2e02bec255d9be6cb66aa313e6d8f1b8e5192ac132b81,9481675,0x9757c2d9c8cD2058204CA82d45bDE62989a82368,0x0000000000000000000000000000000000000000,2.22e-05,0.001000009,confirmed
2025-10-24T17:56:42.075961,ethereum_tx,0x65462fbf25551f96440d0b5c6dd204837ab3434dcf011a5316da764602b8a930,9481675,0xfFF256a355855557417ceef806fe6ddE534c9D15,0x0000000000000000000000000000000000000000,1e-05,0.001000009,confirmed
2025-10-24T17:56:42.075961,ethereum_tx,0xd40e1689c6ca58745bb8c181bd7d90378987469789032a81c50edd5a111db7c8,9481675,0x6d95AbF89c16Bb1682DEa4b31C85e311D569567e,0xEa1499503adDDC74Fc284a5707D29bCAc8cd48ca,0.0,0.001000009,confirmed
2025-10-24T17:56:42.075961,ethereum_tx,0x17f7165c65c4f96aed2dc69700a13e1725615c45d638b37890e60b470292cfd9,9481675,0xaF619b9C406797a30696F495CFF6175B8C9573Eb,0x15e195C27643557E8155e68C825fe55e1f1C7ddE,1e-05,0.001,confirmed
2025-10-24T17:56:42.075961,ethereum_tx,0x4b0c87b5dc02977d85db472a53e95cf2c0864a50ceb9a782e6950c15a99b1b1b,9481675,0xaF619b9C406797a30696F495CFF6175B8C9573Eb,0x15e195C27643557E8155e68C825fe55e1f1C7ddE,1e-05,0.001000009,confirmed
2025-10-24T17:56:42.075961,ethereum_tx,0xa84ac79065f30d78803c7d96de50508c79051c0bc57de104890971c175bab577,9481675,0xaF619b9C406797a30696F495CFF6175B8C9573Eb,0x15e195C27643557E8155e68C825fe55e1f1C7ddE,1e-05,0.001000009,confirmed
2025-10-24T17:56:42.075961,ethereum_tx,0x2c1a3d7629d77b925ebf45bbcad50324d9c91aa876ce5e91acea735e9f5df014,9481675,0xaF619b9C406797a30696F495CFF6175B8C9573Eb,0x15e195C27643557E8155e68C825fe55e1f1C7ddE,1e-05,0.001000009,confirmed
2025-10-24T17:56:42.075961,ethereum_tx,0x71a4541ea6c82df5def353ed74180b65fe8e6c3cd099d1404f828ef851da7e9b,9481675,0xaF619b9C406797a30696F495CFF6175B8C9573Eb,0x15e195C27643557E8155e68C825fe55e1f1C7ddE,1e-05,0.001000009,confirmed
2025-10-24T17:56:42.075961,ethereum_tx,0x961f1b2f66f38d0b032af6573185d66858fbff9607a80832b29fb98b286964b5,9481675,0xf4f09E6D008C74235d59B4aD47Fb4CeF249C2391,,0.0,0.001000009,confirmed
2025-10-24T17:56:42.075961,ethereum_tx,0xd878dfc4c45fd06ab9e2524be76c0fa352700195bd88e8fee782ecccadf5c49c,9481675,0x6eC607e69Bb23EAB45F0910906dB08B094593F44,0x7015D19606bcc6154dFD02e32e36e6013cb77d07,0.0,0.001000009,confirmed
2025-10-24T17:56:42.075961,ethereum_tx,0x4bf05480eea228e70772b624c0114b90ebca67851820b4b7527d7001522e5783,9481675,0xF41E4fB4e7F1F6E484033c878f078A2DF57dB854,,0.0,0.001000009,confirmed
2025-10-24T17:56:42.075961,ethereum_tx,0x49d8669c81003f8bd70b54eef2306725e6635389afc45c616f5165bd9099c5d9,9481675,0xF375C022Eb9ABCDc6Ff2B7cF2d758c6815EFD610,0xd49a213f5990fd96BF519c2B72e26b52feD0E82a,1.76e-06,0.001000009,confirmed
2025-10-24T17:56:42.075961,ethereum_tx,0xc99f34d004512780093a025549e91f82b60eeb85b28b31c2c1d466ae0850784b,9481675,0xD5C30660964bBFC8FE60876e654D97F2ccfD20B8,0x03C66CB1826BDB0395BF31E68Bf7E873e9564fFB,0.0,0.001000009,confirmed
2025-10-24T17:56:42.075961,ethereum_tx,0x231172d304c1229059a5c77a6f6e0ffd6f932685d3ba9155f0d8dcbf7b39c3e0,9481675,0x0da83aF735a31dBCe88E97638282Cb10B1c32832,0x03C66CB1826BDB0395BF31E68Bf7E873e9564fFB,0.0,0.001000009,confirmed
2025-10-24T17:56:42.075961,ethereum_tx,0xbc8865ce8453d2b4062d325dd3ae039723434350c3435f6e6327434288866639,9481675,0xf7fBcA41619162FA5440DD80135F6e82E3D7eCF4,0x03C66CB1826BDB0395BF31E68Bf7E873e9564fFB,0.0,0.001000009,confirmed
2025-10-24T17:56:42.075961,ethereum_tx,0x67243943bf9b7d3d68ede7e3d8c28e0d486eb4b0aac62d640f04f173deb28e50,9481675,0x4c33b96Dca2EEaB30b76881ccC189C5C0177B1F1,0x8a98646ca383DF8A1D67346bcB67ec9CEb65d5Bc,1.58e-06,0.001000009,confirmed
2025-10-24T17:56:42.075961,ethereum_tx,0x7db2fa93588e9870cfa977ca85f5e080bab48c4f7e78df748227f87e9822a5b0,9481675,0x927f1E10b498d87f48BceaC9B4e9A8328beD25e3,0x03C66CB1826BDB0395BF31E68Bf7E873e9564fFB,0.0,0.001000009,confirmed
2025-10-24T17:56:42.075961,ethereum_tx,0x1bb59520d95dae375f98d55ca261b2bd4a852a1e2d30a4cbe1c612565b5ee30e,9481675,0x1FFA89cf51Af16F467244D979A8a15A35953bde2,0x87A3effB84CBE1E4caB6Ab430139eC41d156D55A,0.0,0.001000009,confirmed
2025-10-24T17:56:42.075961,ethereum_tx,0x477d1d5f868eaadd1811d6715d9aeda217af04c044a3a028f80ff772ffbd9d08,9481675,0xade5C4b00Ab283608928c29e55917899DA8aC608,0xc211b581cB62e3a6D396A592Bab34979E1bBBA7D,0.0,0.001000009,confirmed
2025-10-24T17:56:42.075961,ethereum_tx,0xd519bab69822b3bd12891ac50013a2b9ff2d2cdd4c7a4f0a8e20b936cd595925,9481675,0x15a9A6A719c89Ecfd7fCa1893b975D68aB2D77A9,0xc211b581cB62e3a6D396A592Bab34979E1bBBA7D,0.0,0.001000009,confirmed
2025-10-24T17:56:42.075961,ethereum_tx,0x944b604fd793e8d8c4f7277fc852e1c85f87c7f2ab5c189cb319a99981d587c5,9481675,0x7941CF82266731e0d13Ea4846E0Bfed147481D75,0x7F83F5cA2AE4206AbFf8a3C3668e88ce5F11C0B5,0.0,0.001000009,confirmed
2025-10-24T17:56:42.075961,ethereum_tx,0xb5ea9c843fab2d5bf5472a7589f33c40e012b9bb03d70d3b6075004479141715,9481675,0xcD12Ed9b63603bc9685Cda552c0156d9b297b41F,0x87A3effB84CBE1E4caB6Ab430139eC41d156D55A,0.0,0.001000009,confirmed
2025-10-24T17:56:42.075961,ethereum_tx,0x848c8afeda529c7eed249c22ebee96b4272584d8ba8d70cc4bc26596bdd9f083,9481675,0x83359747324E83eAAa596C7414D80365Bd75438A,0x1c7D4B196Cb0C7B01d743Fbc6116a902379C7238,0.0,0.001000009,confirmed
2025-10-24T17:56:42.075961,ethereum_tx,0x6ca28b5cff9fdedb92da040caaf8b9a5bd83311c04dd5e850902c0480aacdc91,9481675,0x661bA32eb5f86CaB358DDbB7F264b10c5825e2dd,0xcA11bde05977b3631167028862bE2a173976CA11,0.0,0.001000009,confirmed
2025-10-24T17:56:42.075961,ethereum_tx,0xfe4ea0b9e6ab12f5132fe09ad3268b136cb2749b53139003fbf216e37c77e6ff,9481675,0x3Da763C42E438eB17880fB6A83040d6cf13eF03b,0xFf00000000000000000000000000000000042069,0.0,0.001000009,confirmed
2025-10-24T17:56:42.075961,ethereum_tx,0x7fad79a044d87c1e161e4b2001a032972435c360874e4008dc6a0947aa71bdf4,9481675,0x3Da763C42E438eB17880fB6A83040d6cf13eF03b,0xFf00000000000000000000000000000000042069,0.0,0.001000009,confirmed
2025-10-24T17:56:42.075961,ethereum_tx,0xe7771607987a3cdcaae478c7facd13a7c97d391c79e19dfbe42d4b0080bcbb4c,9481675,0x29c014C9da9C9Fd8d959f126A87Dc09dfE384b1a,0x08d2b0a37F869FF76BACB5Bab3278E26ab7067B7,1.2e-05,0.001000009,confirmed
2025-10-24T17:56:42.075961,ethereum_tx,0x7cdff1283811fe3a18ae0c1cf71dbec479174aba428bb3be05e92c3dab82cf86,9481675,0xB77252c4B8DDaA326646BA8955E48EF57D2fcD3B,0x87A3effB84CBE1E4caB6Ab430139eC41d156D55A,0.0,0.001000009,confirmed
2025-10-24T17:56:42.075961,ethereum_tx,0xd0d7f38ae40eedaf7e370ed4b2739bbf8b9fd8e72ee9f4909cc3d455b609314c,9481675,0xDF3Ef25655B99DF1dD2b26750Eaf739A97EFAC3E,0x9d78D71bd18F257cC8c3414320fFD7E3546C6d1F,3.73e-06,0.001000009,confirmed
2025-10-24T17:56:42.075961,ethereum_tx,0x0977e975e3af9cbbac0fb1a56b68d6a8e2999a045676df112afb12125dddd8bb,9481675,0x48F789c15eC3adE1DAeAC6A263C1514510aA71F0,0x87A3effB84CBE1E4caB6Ab430139eC41d156D55A,0.0,0.001000009,confirmed
2025-10-24T17:56:42.075961,ethereum_tx,0x3eb9d962cb3cfb37e9d5885b834f880a880b74f325034478ac073d76fd053964,9481675,0x1f9162aDf495696C72Be2473e62C51B7B6fd2E50,0x9d94F6cc7713501c5C08c5B87472059e360210e5,0.0,0.001000009,confirmed
2025-10-24T17:56:42.075961,ethereum_tx,0x82927d1b92cf71da2832def33f1e62cc77e1cfe86eb68b8ad688f7c018462b71,9481675,0x0728f870bcA75f2C215466fE59F6940F2A9DF12a,0x853758425e953739F5438fd6fd0Efe04A477b039,0.0001,0.001000009,confirmed
2025-10-24T17:56:42.075961,ethereum_tx,0xcd741e42ddb609f88a41aea5f567f8589494d5e48708bb41e0d0242e606a6cb3,9481675,0x5d72984B2e1170EAA0DA4BC22B25C87729C5EBB3,0xd4116f515A6958da851080B390DDE4B81f408978,0.0,0.001000001,confirmed
2025-10-24T17:56:42.075961,ethereum_tx,0xaf8d86571822a067d78b79e9ab25aac58294ba42b95b3f1c62807973d91ddbf5,9481675,0x1f4c1d30B567Cf6b2abe63e71ff68321e2592F38,0x956962C34687A954e611A83619ABaA37Ce6bC78A,1e-06,0.001,confirmed
2025-10-24T17:56:42.075961,ethereum_tx,0xde08ca845eeca35e31c61577b7db7062d91558694ca9cf9209f576f870e5f6e0,9481675,0x832F3678Af28d4A6e1026b9Da19638b17A47dC92,0x956962C34687A954e611A83619ABaA37Ce6bC78A,0.0001867,0.001,confirmed
2025-10-24T17:56:42.075961,ethereum_tx,0xa5fc1cac4b43180f33c9acf5202e48554a36949f8f294645f530ef53d7a3367b,9481675,0x5Af3B6Db3bc3A57D6b410c09867302f3F27D5F34,0x956962C34687A954e611A83619ABaA37Ce6bC78A,1e-06,0.001,confirmed
2025-10-24T17:56:42.075961,ethereum_tx,0xedf6fa875e57bbe6d97c463a40343a012ed5be29aa8c2077821c39576e6ebd74,9481675,0x09656946F898272c80814B2f41D3e1d9259ebaBB,0x956962C34687A954e611A83619ABaA37Ce6bC78A,3e-06,0.001,confirmed
2025-10-24T17:56:42.075961,ethereum_tx,0xa4e3d10547f3f697c39945359b3e14e7645b4bce23379a557ba4e14e6b96e459,9481675,0x85e5B1C3e94d9ECbB5A931FcdB0181e47Bf9Ba99,0x956962C34687A954e611A83619ABaA37Ce6bC78A,1e-05,0.001,confirmed
2025-10-24T17:56:42.075961,ethereum_tx,0xd4a0fea8fed1aa33e365c2975afdb63b768c2c91998397f01636bc94e045671e,9481675,0x782aD979f615E030076D4eb4be6aCeBF672E0ca0,0x956962C34687A954e611A83619ABaA37Ce6bC78A,1e-06,0.001,confirmed
2025-10-24T17:56:42.075961,ethereum_tx,0xfd3a95872a3241fc722c69cc738bb09eafce1d4cde9b1eecf19b779da4fe28a8,9481675,0x2524e14D30EF2f2419aD12D8048F6b797a2cCFA6,0x956962C34687A954e611A83619ABaA37Ce6bC78A,1e-07,0.001,confirmed
2025-10-24T17:56:42.075961,ethereum_tx,0x733d29d1057b3d068696db9d6564515b3ce0bc2272df5d33dc717677822cd6e5,9481675,0x0c55dFbd31D22F94695695eb83F4320494131DB6,0x956962C34687A954e611A83619ABaA37Ce6bC78A,1e-05,0.001,confirmed
2025-10-24T17:56:42.075961,ethereum_tx,0xd80e8c9de002634631ba94e07d1a386b7aa344cfbc952d5953352601232b3547,9481675,0x3Dd144d02C1bFb9EEFef56B76FBDB81e7191ceCF,0x956962C34687A954e611A83619ABaA37Ce6bC78A,1e-07,0.001,confirmed
2025-10-24T17:56:42.075961,ethereum_tx,0xcea42522870a31e1e2dda20f242812d5402c3537a7bfbdd6d56cfe2a857cba67,9481675,0x0D5BDAd21E8C439033e705F8907947f730D1ce84,0x956962C34687A954e611A83619ABaA37Ce6bC78A,1e-07,0.001,confirmed
2025-10-24T17:56:42.075961,ethereum_tx,0xc8c07cdf9818b0f0216a8cbbdb7fc337cf9438f8a25771b7c42f6c6848530a12,9481675,0xC53BFa6720530D8D5674031d14678009a73Cb264,0x956962C34687A954e611A83619ABaA37Ce6bC78A,1e-07,0.001,confirmed
2025-10-24T17:56:42.075961,ethereum_tx,0xc1ded9d6e541fdfd692086d8a44bc8392574835260cae59344e704e71f9e94ff,9481675,0xf28836a07eb2C2cF82d61210C2B767eb8171e95e,0x956962C34687A954e611A83619ABaA37Ce6bC78A,1e-07,0.001,confirmed
2025-10-24T17:56:42.075961,ethereum_tx,0xd63d9e472ed01db7aa6b43c37467f6cd4e45270bc5598d36618a070044a91b85,9481675,0xeB23746F20CA8Bca63d99bf0c201c9f4892BfD01,0x956962C34687A954e611A83619ABaA37Ce6bC78A,1e-07,0.001,confirmed
2025-10-24T17:56:42.075961,ethereum_tx,0x306b12cb3a67924fe1f3627e26f3887cd08ee2d267ff05793f90aa2cc9eac59a,9481675,0xA1AF343a63056B1CBcDb008e1c67AF87B28e420a,0x956962C34687A954e611A83619ABaA37Ce6bC78A,1e-07,0.001,confirmed
2025-10-24T17:56:42.075961,ethereum_tx,0x6d02b985b7264d0c2d73611e90d04937ce7f8ffeeb7135175d50cbb455a89cf9,9481675,0x61Da2fC6F36248fb687D9305564485F594A5b1C0,0x956962C34687A954e611A83619ABaA37Ce6bC78A,1e-07,0.001,confirmed
2025-10-24T17:56:42.075961,ethereum_tx,0x065d678d6989e32d5ae5834f3896d81b7231c58714b7ff430e4d9589203440d5,9481675,0xC1B22B677237e5a17Ae3A373794AB5E10451Df08,0x956962C34687A954e611A83619ABaA37Ce6bC78A,1e-07,0.001,confirmed
2025-10-24T17:56:42.075961,ethereum_tx,0x41e6b7a07c95f6cdab99c435960dc01df61b83f9fca4c8dc67a9270b1a2fb1b3,9481675,0xa0Be15C8AeaBD5aBC01Dc0fd1A4aa3481737A41C,0x956962C34687A954e611A83619ABaA37Ce6bC78A,1e-07,0.001,confirmed
2025-10-24T17:56:42.075961,ethereum_tx,0xda270425804b757c0852c1a6be3805e52d0bbf042a641366a20aee83643dfe4c,9481675,0x24e1Ed33723BEE8f700E00c06B86c815c75071Ba,0x956962C34687A954e611A83619ABaA37Ce6bC78A,1e-06,0.001,confirmed
2025-10-24T17:56:42.075961,ethereum_tx,0xd1927dad6acea9f2200152a72783d8bfa5436a7c3f9a4862d1233e46bb44d96a,9481675,0x507AB607305B1d82639A194B4E54Db58c2fF895B,0x956962C34687A954e611A83619ABaA37Ce6bC78A,1e-07,0.001,confirmed
2025-10-24T17:56:42.075961,ethereum_tx,0xf9ca8908916abb48e17bc46aa5da2df40c68f6e97254ac7f015145f3c671589b,9481675,0xe03F5Eea59b3e719653d522811A49E089FA0DE8e,0x956962C34687A954e611A83619ABaA37Ce6bC78A,0.001,0.001,confirmed
2025-10-24T17:56:42.075961,ethereum_tx,0x67b90e6cca7ad4bb17bc4f4b1dfb7f173268c18d10e4b925a2e19a65d3149284,9481675,0x1B00F502084868ef2Bdd664AAFC643a1B130A233,0x956962C34687A954e611A83619ABaA37Ce6bC78A,1e-07,0.001,confirmed
2025-10-24T17:56:42.075961,ethereum_tx,0x980ed97405df46556d834ec2699ec468fae7d44929fd00ffb68f8fb539a3e586,9481675,0xf8B98A48569293Da1a3c5fd26eAdefAc1249F610,0x956962C34687A954e611A83619ABaA37Ce6bC78A,1e-06,0.001,confirmed
2025-10-24T17:56:42.075961,ethereum_tx,0x31174638a4a95a86ef7a7f3825d95661d8edbec3b283435f053baa86bedc682c,9481675,0x874EceDe87C63D40FE64fe1115BD0EFCFcDe91FC,0x956962C34687A954e611A83619ABaA37Ce6bC78A,1e-06,0.001,confirmed
2025-10-24T17:56:42.075961,ethereum_tx,0x4987c50c6b722570a091c2314f17a4d54d8100a94a4842960a551878d78c4fdb,9481675,0x7bf2C575E6Bc6813DF4018d4765d65A1504DD9bF,0x956962C34687A954e611A83619ABaA37Ce6bC78A,1e-07,0.001,confirmed
2025-10-24T17:56:42.075961,ethereum_tx,0xe58dcea2e11a7c66028c7bb3a5639146bc42d6898054e51afbc59f11cdb44134,9481675,0x86691F300edeA1246fb8d4ee5fA492aa131af526,0x956962C34687A954e611A83619ABaA37Ce6bC78A,1e-06,0.001,confirmed
2025-10-24T17:56:42.075961,ethereum_tx,0x99544acc1026f6c50fcfe0ab443feccdc67ea2da0abffbd87d9a895511b938d9,9481675,0xd2f4a061fb5b03170C5abBF7bd8161C50A69bcE3,0x956962C34687A954e611A83619ABaA37Ce6bC78A,1e-07,0.001,confirmed
2025-10-24T17:56:42.075961,ethereum_tx,0x964a86b821555def143677d3bfa336809025ec10c7ef0ddf6c093dcf85de792d,9481675,0x1414942f6c103fAFd0Dea7aFeCA927255D902464,0x956962C34687A954e611A83619ABaA37Ce6bC78A,1e-06,0.001,confirmed
2025-10-24T17:56:42.075961,ethereum_tx,0x20a38d81354bc7bf7d5ece6abbfaba74e3c509e0d4708c640a34f97e6ff83f0d,9481675,0xD532A765aC4a51c65a109584477f2bE29E6B8fF3,0x956962C34687A954e611A83619ABaA37Ce6bC78A,1e-06,0.001,confirmed
2025-10-24T17:56:42.075961,ethereum_tx,0xc7aaa531400d3476083ee47b4f468d38b4015be26b9138fb2d5834d9a39e950b,9481675,0x55fBf2DceC84485D92Fff4ff141C1e49e42f6A62,0x956962C34687A954e611A83619ABaA37Ce6bC78A,1e-05,0.001,confirmed
2025-10-24T17:56:42.075961,ethereum_tx,0xa963bb9dfc4be692dd188dc08ad1c7d03e34a2404ce2f6f34aa6b6d18392cf62,9481675,0xA4F0E3F893F2dFbC18cc0F0aDf6e1F8367EBF59b,0x956962C34687A954e611A83619ABaA37Ce6bC78A,1e-06,0.001,confirmed
2025-10-24T17:56:42.075961,ethereum_tx,0x770cf4332bfb02eb170754903472d6849e2a4a06a5d2d01ce7bce06ca98413e7,9481675,0x69cDf38fc92276ece115B896fE2145C6a7ab3301,0x956962C34687A954e611A83619ABaA37Ce6bC78A,0.001,0.001,confirmed
2025-10-24T17:56:42.075961,ethereum_tx,0x0cc7b2225af3fe331930faf70b592231cc921cffe7dce379c8d5b1bf0c9b2711,9481675,0xcC05E956be7B2F3AdCD13cc6005C1C87bc3E5F78,0x956962C34687A954e611A83619ABaA37Ce6bC78A,0.0001,0.001,confirmed
2025-10-24T17:56:42.075961,ethereum_tx,0x8bf56d5c31b3b1210f87b4108f1f355346c46673efffb9e30b5d90215c55f473,9481675,0x2B167882e52363A902f4Ab1C49229dCE54FeD182,0x956962C34687A954e611A83619ABaA37Ce6bC78A,0.0002,0.001,confirmed
2025-10-24T17:56:42.075961,ethereum_tx,0x8821c87be0795462f37f08242e5a6aefa495174bb9e1fef9dd727e61d557a99d,9481675,0x0B61fd795242cAED2FEd5DB1c83E8F46D390aFD5,0x956962C34687A954e611A83619ABaA37Ce6bC78A,0.0001,0.001,confirmed
2025-10-24T17:56:42.075961,ethereum_tx,0x810cf6105031d92e838f59a250b8e97c2a5cc9bd25b37d289726d0bc11e3fe72,9481675,0x442c38b1e7a544aC3d632D0d664a953c5a064471,0x956962C34687A954e611A83619ABaA37Ce6bC78A,0.0001,0.001,confirmed
2025-10-24T17:56:42.075961,ethereum_tx,0x151a8341094f8040c6f63a4883e1d04d4308948a85b571bd025dd78f655702d6,9481675,0xFFe3f0FF44A672fA92f262708EB1e95F2B25ec6c,0x956962C34687A954e611A83619ABaA37Ce6bC78A,0.0001,0.001,confirmed
2025-10-24T17:56:42.075961,ethereum_tx,0x2eb69acd900d85b4749572435843515c0fd113d238ddb7abd2665b429027c2f8,9481675,0x0835a809F7353D260FFeacC68AD31B60F006849d,0x956962C34687A954e611A83619ABaA37Ce6bC78A,0.00012,0.001,confirmed
2025-10-24T17:56:42.075961,ethereum_tx,0xb2a2673575ebfa16e77950a7f368182f1d172dc874cf01bb893c30411fab45de,9481675,0x9C8FaA60ac71ad698FA1E9ba77C7F409eF4834cf,0x956962C34687A954e611A83619ABaA37Ce6bC78A,0.000132,0.001,confirmed
2025-10-24T17:56:42.075961,ethereum_tx,0x8288ee4d29eea865050e2bafd01acd42c21047fe0ac572ffc211c5095e5fe3a7,9481675,0x00000006fbB45f23bc893d6eae365f1e101Bdf40,0x956962C34687A954e611A83619ABaA37Ce6bC78A,0.002207,0.001,confirmed
2025-10-24T17:56:42.075961,ethereum_tx,0xf8c15e3dbae1d6bc1b11d44e85788f9eefc6a475e0b4593d99774b530b0f6757,9481675,0x2bF78d2268Ed1776E41323D6A5aE694d8c8F7968,0x956962C34687A954e611A83619ABaA37Ce6bC78A,0.0001,0.001,confirmed
2025-10-24T17:56:42.075961,ethereum_tx,0x3f7f3db335efed04e3043a95589c11e26326374fbbe3f207559c9774543cce18,9481675,0x13e6009357AF52E7D564b5914aa97719C8304A28,0x956962C34687A954e611A83619ABaA37Ce6bC78A,1e-05,0.001,confirmed
2025-10-24T17:56:42.075961,ethereum_tx,0xe179d6a5a1b701eaffd45789bcda291c34e62cf77986b8ccf72d6ce93288b867,9481675,0xF7067502F610fBcFA7158416af7550c0Bb24C020,0x956962C34687A954e611A83619ABaA37Ce6bC78A,1e-07,0.001,confirmed
2025-10-24T17:56:42.075961,ethereum_tx,0xf30fab3de0f8c3dd2d4111f76d57ee5fbcd948820838616d7e44e397a95ebce2,9481675,0xafdcCe1Cad7a083860D73f2d62C2090292DBA171,0x956962C34687A954e611A83619ABaA37Ce6bC78A,1e-05,0.001,confirmed
2025-10-24T17:56:42.075961,ethereum_tx,0x00ad6292f5ec0f2fb6509b295f19fb2e27ddfd9501c202473b4afc40cba1d758,9481675,0xF8AB8193475Ee88eAA793F9974F913339a07b6c2,0x956962C34687A954e611A83619ABaA37Ce6bC78A,1e-07,0.001,confirmed
2025-10-24T17:56:42.075961,ethereum_tx,0xa26f10d7d8a9dd831a66752a163bbaa42c4af733e1e5008c0577bbb835e79922,9481675,0x3E2aEB729b82Edb5ce1Af01c02746625C71C79f5,0x956962C34687A954e611A83619ABaA37Ce6bC78A,1e-07,0.001,confirmed
2025-10-24T17:56:42.075961,ethereum_tx,0x3b352f0fd1f91bee0c21bc03cdadf5f84b2a2deac550605123998885285e6943,9481675,0xB0752cCA8b78aAB13eA9bE15f9C2b88Fd8B6F043,0x956962C34687A954e611A83619ABaA37Ce6bC78A,1e-07,0.001,confirmed
2025-10-24T17:56:42.075961,ethereum_tx,0xf51d4c4cff5ba826c4a2c4919296ef44f4acbc248b9725064cf9a4aa3a3d5faf,9481675,0x4762AF5868dCb9c59B3F8cA8d701C603c1E6BA3F,0x956962C34687A954e611A83619ABaA37Ce6bC78A,1e-07,0.001,confirmed
2025-10-24T17:56:42.075961,ethereum_tx,0x07e5b032878b6587cf45150652bfd85d6e72b3bc0f4f8f514990422144b83c45,9481676,0xC6392aD8A14794eA57D237D12017E7295bea2363,0x429E022B64530953DE4b4B6ca7531D7b167Db4f0,0.05,30.0,confirmed
2025-10-24T17:56:42.075961,ethereum_tx,0x2d00501aea45d09c0ead90149e991aafe7699e3b89171a20df9ba1270ab45c33,9481676,0x3C95c2633296B264d051498C4b2e982EbB526A53,0x3C95c2633296B264d051498C4b2e982EbB526A53,0.0,4.1,confirmed
2025-10-24T17:56:42.075961,ethereum_tx,0x655a348674f706b2ed101c83d606528b147a2d551dc82b71f999b4dd835967a2,9481676,0xB3A4e46b180887e27ea1881CF7A413775210440E,0x025Ce546F76B2C4632E07742492dA1cD843df3d9,0.002541,2.500000009,confirmed
2025-10-24T17:56:42.075961,ethereum_tx,0x56cb8864ba46dd4c8dad404e15a79c670b7e9ef2a6b61291acd59f06bfce2282,9481676,0x55A07F9f7eD7F110c2Ddd8f2f5d8677Dc94aF4E2,0xeA30c4B8b44078Bbf8a6ef5b9f1eC1626C7848D9,0.0,2.200000009,confirmed
2025-10-24T17:56:42.075961,ethereum_tx,0xc36933b2bf3d4bf925e554cb80a4053c43d4b7f0cd7bf617de5eedd9ef919c2f,9481676,0x6Cc9397c3B38739daCbfaA68EaD5F5D77Ba5F455,0x9283fA6dA502e4e3f30A4E0A2A4AE00d6a3199F1,2.5,2.000000009,confirmed
2025-10-24T17:56:42.075961,ethereum_tx,0x8ad0596eb893503e0771cce2e38195e6ce0dcddfd11694eaf40e7f27d514e36f,9481676,0xdb80Eca386AC72a55510e33CF9CF7533e75916eE,0x24567B64a86A4c966655fba6502a93dFb701E316,0.0,2.000000009,confirmed
2025-10-24T17:56:42.075961,ethereum_tx,0x3b1ebbe668306f4802f25850314e8e813ed858b18ca38088a036ba19613d21fc,9481676,0x3Cd868E221A3be64B161D596A7482257a99D857f,0xCd734290E4bd0200dAC631c7D4b9E8a33234e91f,0.0,2.000000009,confirmed
2025-10-24T17:56:42.075961,ethereum_tx,0xd2fed7bd3416f0e279740487956771ecf4387d7be31701279ceed2ed4ff98540,9481676,0x790637337633d165116Aa911A4B9De7d1e0Ee5Cb,0x792949BA096871c6411634b53183A7764f2244f8,0.0,1.500000009,confirmed
2025-10-24T17:56:42.075961,ethereum_tx,0x0eff7ecdd83eb07aa945800dfc0a5fa9465e7e1df98f6b6f9551b3b999009115,9481676,0xAf6b508bF1f658fa9DF0FEB1E431b3334E1EC8fA,0x18bCB94F6334100A6f9b942D7E5DF214287238b0,0.0,1.500000009,confirmed
2025-10-24T17:56:42.075961,ethereum_tx,0xef3c13b871c0974bfe817c8deaa6c92733d464f453af877f0084d24df4940391,9481676,0xcc820Db61cAc455AB7769315b5b911871321C18C,0x57c5dC670eB6f571bDD8Fc1CF178c46c9A917A74,0.0,1.5,confirmed
2025-10-24T17:56:42.075961,ethereum_tx,0xc89449361dd4ee99af1e016632fc81c5fd8be02a77f4729952512fd559e2f4e9,9481676,0xB24d00E645454b0Bf190E96416937A428c8A9770,0x57c5dC670eB6f571bDD8Fc1CF178c46c9A917A74,0.0,1.5,confirmed
2025-10-24T17:56:42.075961,ethereum_tx,0xb43d9be2cfc7b28720e236389e89f39ac187174cdc8d4460f364ac71c8b2205d,9481676,0x319c2e7aB76028ce0FC1d129f528cEd2a670f6A5,0x2c173385bC701Da111c2F6DAAc9F187f247aCfF1,1e-05,1.5,confirmed
2025-10-24T17:56:42.075961,ethereum_tx,0xdc18ad8c2297176e36917ce67ccf7e28f03cebd578eb0e9e6354d3b6f98d2a2d,9481676,0x90a68c096e1fb46eDCb1081ef4EdE7d5547Bb65e,0x2A4496bbC344414e3bDbE6a8E7c40EF007DAeEd1,0.0,1.5,confirmed
2025-10-24T17:56:42.075961,ethereum_tx,0xb87aa7a281047ab567ee59554852ee2265f5da75a696aa93533d1500d9670901,9481676,0x7b0D3F61C1C4343D2Ea2e9aeC13cB4a7f04E0A5e,0x2A4496bbC344414e3bDbE6a8E7c40EF007DAeEd1,0.0,1.5,confirmed
2025-10-24T17:56:42.075961,ethereum_tx,0xfb033f1b8f6bea96a7350b4257e2b971aa2d66a8a47003ba73193cd8ce354536,9481676,0x4B87D4AcDB7492a0f0DfFFb5E165A6654520f1f8,0x2A4496bbC344414e3bDbE6a8E7c40EF007DAeEd1,0.0,1.5,confirmed
2025-10-24T17:56:42.075961,ethereum_tx,0xbd8a45136284a888941945b082900ecc70f3d5e45e6647590b96f561ebb1fb44,9481676,0x9A3ff835AD7F3fBC63d7D61D35a5092532B42002,0x57c5dC670eB6f571bDD8Fc1CF178c46c9A917A74,0.0,1.5,confirmed
2025-10-24T17:56:42.075961,ethereum_tx,0x1eef60b895d38249fed9e271f7d76e2c99ff8d2d2c0040708dcfc8edf563aa4e,9481676,0xb91CB39b3b9F015b0aC88616A463B35568052AEF,0x0Bf464f24D867ff0B20aE8f9C353a589138D6836,0.0,1.266799511,confirmed
2025-10-24T17:56:42.075961,ethereum_tx,0x8083d4836d8f6e9f7807ec9f4baf6016d42744549c548ff0834ed22d1ae8467f,9481676,0x3599A7C50bDcC061E65F92556ae65d0656445906,0xCF8f8b34f10e8CBb2F42bA60205caED1a85d0d0D,0.0,1.000000009,confirmed
2025-10-24T17:56:42.075961,ethereum_tx,0xef53b438e0d4ae43087098698d4278a80d503bdf61cd1a5338c58ed0eea4e350,9481676,0xA79bF6f2C6cc0e7dc365E71f2a8de6D40C8346c2,0x006BA30148eFe8ce40209432B8fDF6FfE04f939D,0.0,1.000000009,confirmed
2025-10-24T17:56:42.075961,ethereum_tx,0x18f01616da87e59aa522de55c507ac662559de01391ef2fe7f7d42fde59a2fc7,9481676,0x52136be58Fa3dc50A0D5A3dfe4Cb84aC610a79bc,0x9695cfaD83b058C6D38Df1F6b6752D7e11ad196C,0.0,1.000000009,confirmed
2025-10-24T17:56:42.075961,ethereum_tx,0x1c073f3ca2424f9f0ee431daaa4b5f593c24d8942958cfc1041e80beba72c4d0,9481676,0xf90432b76A23bC7bB50b868dC4257C5F5B401742,0xe97E79BC56861f0B730B3C0f06329b882E4677E6,0.0,1.000000009,confirmed
2025-10-24T17:56:42.075961,ethereum_tx,0xdd151390e8e66137cf88163a477b4f3d1606eee4fd28f8f9ccd59b28e7d1f111,9481676,0xF0FEd0C0192539a1076d8BDa1233f414704d98Be,0x00D22efF04CF7d0f5A355A6D9A06E43120398dA6,0.0,1.000000009,confirmed
2025-10-24T17:56:42.075961,ethereum_tx,0x49f43a3a0d2a625afa6d696fd6810c3e553e8ec892639e35f95cbf80815e1b17,9481676,0x51db1d62C31c5949a58b36dF32d72f1b2A89DeD3,0x9983601325CeB04f10862563545034ca8A034821,0.0,1.000000009,confirmed
2025-10-24T17:56:42.075961,ethereum_tx,0xd4fb5b17cb9ef88715a88376cc181ed2fd82b8978048ebf9dcd4aaa2f606e87d,9481676,0x331F8071c58E6db2F286597A44EbcDAC75532f7c,0x42eBf272Ce569dc324E7f72a9E98A59CD3a06136,0.0,1.000000009,confirmed
2025-10-24T17:56:42.075961,ethereum_tx,0x0a8a949ee94978b1f63e6e2e93b448ba742fe752d6a183813cd28eac4f5f4ff7,9481676,0x0408C06e552408Ad0A30cbAd65F52d3876051c52,0x4F6b2E8DC0476d8e1fd88f6330B1f3909Dc9E914,0.0,1.000000009,confirmed
2025-10-24T17:56:42.075961,ethereum_tx,0x8593aacca75f93711d3452f56d69c17fc2538900860356a38643f98294efdf50,9481676,0x665352cF73E47988597487A0f90051F8A8A73B8c,0xf993E10C83Fe26DddFc6cb5E82444C44201e8a9C,1e-06,0.020000009,confirmed
2025-10-24T17:56:42.075961,ethereum_tx,0x27097221b01228820032faa633e1eb11775cc419e765ddbc4dc8907c8c7ba593,9481676,0x28fd3dffb780075D0F857334fA22Fae140384333,0xf993E10C83Fe26DddFc6cb5E82444C44201e8a9C,1e-06,0.020000009,confirmed
2025-10-24T17:56:42.075961,ethereum_tx,0xac8c4a48f58b9fba7806ba15f5c7407fc5533f3aeb52697cfc1a825a068655e4,9481676,0x341ab9a167dd97cAe5A16Ca5AC95CC72FDdD0FD3,0xf993E10C83Fe26DddFc6cb5E82444C44201e8a9C,1e-06,0.020000009,confirmed
2025-10-24T17:56:42.075961,ethereum_tx,0x0751d778891139de6f36ee8178c1ca101294866bed8c4661552d4f4c223052bb,9481676,0x643Da5A48Af01D5D73Ac290B97cD8634d06D1800,0xf993E10C83Fe26DddFc6cb5E82444C44201e8a9C,1e-06,0.020000009,confirmed
2025-10-24T17:56:42.075961,ethereum_tx,0x6546ce26d79eb52d10a141abe1ed8aabf83de980840d8f2d20648cb7ac937100,9481676,0x9905E8C3A4f82037170a8c411CD8b11D4894066f,0xd0dbB2486e3Fbf371D1B2e35Fa330bef6529d2f4,0.0,0.009051096,confirmed
2025-10-24T17:56:42.075961,ethereum_tx,0x66af30585fc28c5a2d97456a25bc069629b45687f4447b5e9b9c9d6cc437c13c,9481676,0xCd8080b5A4e828232a6390Fb0D5dcA790AE90C85,0xa7155e6e596D9B92Ec05602e1Db3616322Fdc2d3,0.0,0.009051096,confirmed
2025-10-24T17:56:42.075961,ethereum_tx,0x281b7d442abcf52a9ff6c5cfc6c091ff875d178461f6954ee2b6f11b5eabdd12,9481676,0x1741EB7468A490b4A9BA6f4CC7A47B82EcD65c4c,0xd0dbB2486e3Fbf371D1B2e35Fa330bef6529d2f4,0.0,0.009051096,confirmed
2025-10-24T17:56:42.075961,ethereum_tx,0xcb464d2034acb751532984be471ea5a59b1255528b3eddc67f8e3dde65cfcb11,9481676,0x4337015333e7c8a3c5af4ACD2c4aA4bEfb0D663C,0x0000000071727De22E5E9d8BAf0edAc6f37da032,0.0,0.003205162,confirmed
2025-10-24T17:56:42.075961,ethereum_tx,0x77385a7987437e05ca1140a4dd6dd528731fed1b9a3bf6d672aa15c917b5e320,9481676,0x186a8c862c6155767550D5b8a76acEBe65Df289f,0x3bFA4769FB09eefC5a80d6E87c3B9C650f7Ae48E,0.0,0.002660753,confirmed
2025-10-24T17:56:42.075961,ethereum_tx,0x7d1a8ff4513b4b8f30f54ed23ff5a2c0bc3c82c89cd08cf172c389e790db6ab3,9481676,0x4BA56bDa2009816e260921970041d6Eb005D7272,0xC764A997C86dC22B50Eb637626e3f46bfd82534A,0.0,0.001500014,confirmed
2025-10-24T17:56:42.075961,ethereum_tx,0x508a6c5c11d079017f55505a4ba2fc0a040bb086b6125c232893e6d6579ad065,9481676,0x51922763Cd3a015465451F8D2726d643Aa23c568,0x4Cec3461DD63F22554B7fA2AbBA5bBfE9e86DdFD,0.0006083242499818,0.001500009,confirmed
2025-10-24T17:56:42.075961,ethereum_tx,0x7732a4abdf53861a36fcd5eeea87aa1ac17b4ecc088be4fd8a9eb7c8328cd798,9481676,0x7e62c5e7Eba41fC8c25e605749C476C0236e0604,0xBdCC405C59ED6075088E600f25DF922d76bCcB64,0.0,0.001300011,confirmed
2025-10-24T17:56:42.075961,ethereum_tx,0x7c0171c6d0c5dcd44ae4828677286ddf94d060c85fb7674f0565ebb531d31544,9481676,0xAfEDA61dB9e162293b2eF2C2bC5A800b37Bb5E4a,0xFAbB3b9521dB18A75dfa2C475e23e862Ba8768c2,0.05,0.001100009,confirmed
2025-10-24T17:56:42.075961,ethereum_tx,0x1d31f78b259c566e8d44d080bc4a490a0f431174d3bfe1138333214f7e64b4e6,9481676,0xE7789F3EEcB12ee250Ff70C207240B53351D2999,0x7215691F60C4fA7Bb82c5Ac44c7d57dc32bB0493,0.0,0.001052641,confirmed
2025-10-24T17:56:42.075961,ethereum_tx,0x9e507bc2bd01a42122b0c7621ec0a53d878304bf3a2ad4a0d303169aaae7c229,9481676,0x61d8838f9A00250C9AF13D622DA7c08c372ee587,0xCf8EDB3333Fae73b23f689229F4De6Ac95d1f707,0.0,0.001033342,confirmed
2025-10-24T17:56:42.075961,ethereum_tx,0x98ed18176aacb8c952adc45f9ec931f05a4152fbfacffdbce439b68f373b3dea,9481676,0x5d72984B2e1170EAA0DA4BC22B25C87729C5EBB3,0xd4116f515A6958da851080B390DDE4B81f408978,0.0,0.00100001,confirmed
2025-10-24T17:56:42.075961,ethereum_tx,0x50634ce908ca44a539735fff9f8d5f3dc63aad1906a69971c92df363fe2f2de5,9481676,0x6d50EDC485a5c5C8E57e45994de1C8f8A11A7cee,0x6A44Ce126f6895c59d8F1bF35caE8F00295be3AD,9.1e-05,0.001000009,confirmed
2025-10-24T17:56:42.075961,ethereum_tx,0x43b70665ea221bf5cfff6fea730bc5433ca2c09998238f05c39128e8b92478dd,9481676,0xBf389beCd498E1a07bd011489F6982DbC7E31897,0x1c7D4B196Cb0C7B01d743Fbc6116a902379C7238,0.0,0.001000009,confirmed
2025-10-24T17:56:42.075961,ethereum_tx,0xdd77b1ab6f3c83ea7b62ec30e470aafe7bb136ce24a1c0b8daadee1ea8e7874f,9481676,0x099BA97a37FA019c064a2517026e3c2Ea8DB9964,0xF6e7F84d9cee738ec59c08B7a7260152C236813a,0.0,0.001000009,confirmed
2025-10-24T17:56:42.075961,ethereum_tx,0x8124acc43b8c317dd1de3d857a67db6de21e642ee94ef0b77c6abc18d6669271,9481676,0xfFF256a355855557417ceef806fe6ddE534c9D15,0x0000000000000000000000000000000000000000,1e-05,0.001000009,confirmed
2025-10-24T17:56:42.075961,ethereum_tx,0x18a37ea626aca6541ea5577f40fde83be71e372230cd9d1be482cbaba203e738,9481676,0xaF619b9C406797a30696F495CFF6175B8C9573Eb,0x15e195C27643557E8155e68C825fe55e1f1C7ddE,1e-05,0.001000009,confirmed
2025-10-24T17:56:42.075961,ethereum_tx,0x755953bfec11c4b31d9953f792f81086fdd0a874da576b27b025ac08200cf18d,9481676,0x36786Cb1a5E0e7113d3702587721F19A44189D68,0x03C66CB1826BDB0395BF31E68Bf7E873e9564fFB,0.0,0.001000009,confirmed
2025-10-24T17:56:42.075961,ethereum_tx,0xfc17afb70164300a9155861131c488bbc6c873b87d289714db6ef4d5b071ceea,9481676,0xED7378B2eCeF54536339f6E029accF40D873Dfcb,0x23Eaa49f1c398B21D6f1860DEB5C6c3d8b90BfEf,0.0,0.001000009,confirmed
2025-10-24T17:56:42.075961,ethereum_tx,0x3438966b6b36167f02bcd7bf3ccf21626e4f3b94b5634558e3a0e81e8c32abf0,9481676,0xB80cabb3D2FBF6672042eabE515434E1e53102D6,0x853758425e953739F5438fd6fd0Efe04A477b039,0.0001,0.001000009,confirmed
2025-10-24T17:56:42.075961,ethereum_tx,0x0d04048f26690dcada4107a75c25a361410568b4cfec75f562d5515aca4158f8,9481676,0x6eC607e69Bb23EAB45F0910906dB08B094593F44,0xB2767586B99A3D68dcEC34ba95129C11C38E9738,0.0,0.001000009,confirmed
2025-10-24T17:56:42.075961,ethereum_tx,0xacd6d5bf5f9d7aa9ff941992295ede7a7a854af16a42ae89a1509cde9f7b48b1,9481676,0xcD12Ed9b63603bc9685Cda552c0156d9b297b41F,0x87A3effB84CBE1E4caB6Ab430139eC41d156D55A,0.0,0.001000009,confirmed
2025-10-24T17:56:42.075961,ethereum_tx,0x2805f979cc6290ebecbb99d8b6942847b50ac1321d80df20db9c0472d33fcb72,9481676,0xa2E454E078A187bF386FE30603c66e8E8e32BAE3,0x03C66CB1826BDB0395BF31E68Bf7E873e9564fFB,0.0,0.001000009,confirmed
2025-10-24T17:56:42.075961,ethereum_tx,0x89fbaef15ec294c4bb2d2dd3f2325d838518a197f3189954c270b6d31940122d,9481676,0x1Ad2daBc8D944290Bc925A9DCe0cE52849b603fA,0x5b1BCE8b92D4838AbF03E0EC2b4773daEE244082,0.0,0.001000009,confirmed
2025-10-24T17:56:42.075961,ethereum_tx,0x1672f5fe87e260359816770d92299204c0178f7faca88ef0d2204a22bf921299,9481676,0x991863C43Aa5555BF15666C363B1Ff70e75Fcee8,0x8aEfcDdA8CDD360a446836b08DfC65b88474d303,5e-16,0.001000009,confirmed
2025-10-24T17:56:42.075961,ethereum_tx,0x711b7945bc9a2f42c355e7da0f95ac57678a3802647fcffb6ba1875410cbc397,9481676,0x36760519827d082E2bA5aaCF7fe2EB3272978F13,0x08d2b0a37F869FF76BACB5Bab3278E26ab7067B7,4e-05,0.001000009,confirmed
2025-10-24T17:56:42.075961,ethereum_tx,0x89c50514e0031cfeab412addf286d487f799ec05d2aca5c3abd264b51d7ce793,9481676,0x0c06384B9D5Eb60E97B100d0116a7eCf62915957,0x08d2b0a37F869FF76BACB5Bab3278E26ab7067B7,6.48e-05,0.001000009,confirmed
2025-10-24T17:56:42.075961,ethereum_tx,0xc76ad4a57f4ba31b64df403f6e150bdaa5bf49c25e48ffe685bc7205951e7d8d,9481676,0x5BEAA180d3A8eec519E8D2345B4B9c1c7ED862b3,0x03C66CB1826BDB0395BF31E68Bf7E873e9564fFB,0.0,0.001000009,confirmed
2025-10-24T17:56:42.075961,ethereum_tx,0x1a54ff47096568111ff18575d2bde835afbf080d409ca7d2e5288ef862dc6689,9481676,0x52c077B5B595095205e507466d96320ae2a221a2,0x03C66CB1826BDB0395BF31E68Bf7E873e9564fFB,0.0,0.001000009,confirmed
2025-10-24T17:56:42.075961,ethereum_tx,0xc4fbba6e8832c062fe495787c1b9a9eac6bd9e35405bf1c5a38c93f3077868e8,9481676,0xd0EAfa347cf60a6D31046dA91CA10F890EdC0b72,0xDb33d42fE92A516ef25A3a3ff64c36b13108A5AA,2.12e-06,0.001000009,confirmed
2025-10-24T17:56:42.075961,ethereum_tx,0x1c39dba10b9702cb5ad6e9ce1d27664241c22f6b55a74eba52ce5fc565f2962a,9481676,0x08045831e585f9aE693896222241C38c78f5112a,0x03C66CB1826BDB0395BF31E68Bf7E873e9564fFB,0.0,0.001000009,confirmed
2025-10-24T17:56:42.075961,ethereum_tx,0x97bbca6cd08a0549dc72b03df76f9dc5ad58031a4dab32fb8fc201cf2ff3921f,9481676,0x4c33b96Dca2EEaB30b76881ccC189C5C0177B1F1,0xd19e832Fd3416Ba0Df0fBffeFdF7791797be1059,2.05e-06,0.001000009,confirmed
2025-10-24T17:56:42.075961,ethereum_tx,0x35d22456a8bafc53a2f2e7f4bf2b00a0f23cd497c4b258f4e1fa9071869741c3,9481676,0x866F9F17aE79885fcc1793c967E4c2570A68460D,0x853758425e953739F5438fd6fd0Efe04A477b039,0.0001,0.001000009,confirmed
2025-10-24T17:56:42.075961,ethereum_tx,0x7ffb2071a2e86d49aac52810ee928a46d7051cc071572332848741c1b8d8ae05,9481676,0xAAA72Bd85E3Fa0E6D782427b495A85de3779Dfe4,0x4c17017Bd62Ba3CbA8C630c3dD33121F2B64E50c,5.62e-06,0.001000009,confirmed
2025-10-24T17:56:42.075961,ethereum_tx,0xfe3d1fbfc3ab4794c3f0b8e99ae896f51f9fd0746d40d7a3a49c50cdeaeeb262,9481676,0x3Da763C42E438eB17880fB6A83040d6cf13eF03b,0xFf00000000000000000000000000000000042069,0.0,0.001000009,confirmed
2025-10-24T17:56:42.075961,ethereum_tx,0xfc206bae0a6e297b2d084036dae355a17c94ea51d17c63dc8b5d23e407f98d95,9481676,0x71A6D6a1ca08FFC667F85050f72d9aAE327Aa29A,0xcfD5dDc974005CDfCE04286a4E96a28Bb9366b8c,7.2e-05,0.001000009,confirmed
2025-10-24T17:56:42.075961,ethereum_tx,0xe2c28141b0c8de9305a7f6e08543756e26ba6b191ab07aff55edd1831ba63c10,9481676,0x038DC15B4d6dA70b5d527AE55db4a093Bd35830c,0x853758425e953739F5438fd6fd0Efe04A477b039,0.0001,0.001000009,confirmed
2025-10-24T17:56:42.075961,ethereum_tx,0x0cd2887c06ae795178391ddeef885c910454d02a900a6e38e1ff4519dda396b5,9481676,0x99f82C3490400ef451e8730c06167b7073768177,0x99f82C3490400ef451e8730c06167b7073768177,0.0,0.001000009,confirmed
2025-10-24T17:56:42.075961,ethereum_tx,0x750c0c069992a4c8789bd4c80edaee5639d7f9190bb8c6f1465a59582353ec30,9481677,0x3C95c2633296B264d051498C4b2e982EbB526A53,0x3C95c2633296B264d051498C4b2e982EbB526A53,0.0,4.1,confirmed
2025-10-24T17:56:42.075961,ethereum_tx,0xcbe5dbc040888a7d6a2d7f45fca80b50a2feef5abf1f4c2604612b8a82ae8c26,9481677,0x0e40E693E227e914189a49bB5F948ee4BDe1C225,0xcA11bde05977b3631167028862bE2a173976CA11,0.0,3.000000009,confirmed
2025-10-24T17:56:42.075961,ethereum_tx,0x26c183d07d89b7fc7357e804fa8460bff2f73d1dfd264ca721d92b87af0ae5c2,9481677,0xe7F38E2D57a0eA80240B5E65A69AF66812CbCd0C,0x8b9DDe224995043b27F0f0735313d0698D2D68d1,0.01,2.0,confirmed
2025-10-24T17:56:42.075961,ethereum_tx,0x8fb78f038ffe6e228cdfd2de95d8fbab04d453c077495ec9c00dc28aa0f73b53,9481677,0x6A29cc2F73789E2EC36631af9Ba0a86fDe88d96B,0x38C967856d17E900042Af447B3346bfF26C8ed4B,0.002,1.500000009,confirmed
2025-10-24T17:56:42.075961,ethereum_tx,0xda41fd6f6104f1705212d447f618fd40d6ba90b8edb15673b78290f83335afbe,9481677,0xc150eD8eEe9B61a8dA1f2BaCE3087CA845d1Cb81,0xc150eD8eEe9B61a8dA1f2BaCE3087CA845d1Cb81,6.56e-10,1.500000009,confirmed
2025-10-24T17:56:42.075961,ethereum_tx,0x9f78fe39d786ae5bb55d8c1474a0362707c0ee388a5006c56ed83e4417204ba3,9481677,0x790637337633d165116Aa911A4B9De7d1e0Ee5Cb,0x208Ec32297736abb9E50943E7cDa68a429AdB29b,0.0,1.500000009,confirmed
2025-10-24T17:56:42.075961,ethereum_tx,0x219063a136b1c9e57dfa5915c28ee9dcf265018553b9f84778bec6e5d43bbf3e,9481677,0xc995CB934667733e0fBDBEaD76a4CD01B66dA721,0xd110672E48c5B29ca911821539b7F202F3d6a9BD,0.0,1.500000009,confirmed
2025-10-24T17:56:42.075961,ethereum_tx,0x8d800b1325271bcc60fc13ee852b61dc79712dc40dc2f2f9ae88eb13d3fa7563,9481677,0xC915fBB94D959EEbbdE2956e7f1DE2D6210A2147,0x956962C34687A954e611A83619ABaA37Ce6bC78A,0.004,1.500000009,confirmed
2025-10-24T17:56:42.075961,ethereum_tx,0xef9ccd67eddbaf186efe800dcb48c13621a2f6142d734e9d6f27454199e4a0bb,9481677,0xAf6b508bF1f658fa9DF0FEB1E431b3334E1EC8fA,0x18bCB94F6334100A6f9b942D7E5DF214287238b0,0.0,1.500000009,confirmed
2025-10-24T17:56:42.075961,ethereum_tx,0xcc36b83325d42cf5bdf0c1a0dd1c46f2b2010d08289a57ccabc1b4feb2ef8d7d,9481677,0x4A37261FF7e1DF2c71ac29B2b2E9E53A4ce39619,0xc497E485C414dB594F0030fa6C32365578C7E99E,0.001,1.500000009,confirmed
2025-10-24T17:56:42.075961,ethereum_tx,0xbb41d530d70e492bc0cb4e7527597b9050d3a7eebffe435a04f50f14fb5376c4,9481677,0xc5e2afcB86F575FffEBf8E886E8c90518818b3B4,0xBC04d69Ecd7890699b2BE7924eA86474e15098E6,0.599968499999811,1.500000009,confirmed
2025-10-24T17:56:42.075961,ethereum_tx,0xe76051d5aa8df31c50dae151e84f40b9107eb831c57b461bf3a6ac37f6116f5e,9481677,0x55Fa80f8EC1753eb8feFBEB3Fa82163566042030,0x2A4496bbC344414e3bDbE6a8E7c40EF007DAeEd1,0.0,1.5,confirmed
2025-10-24T17:56:42.075961,ethereum_tx,0xb2c2d0ddd202a953cc387c12b34e23a668ac2753bd250ad4ac352d4c992d861f,9481677,0x42781F122B7FcE3d01EF49500AA6681e295394a1,,0.0,1.5,confirmed
2025-10-24T17:56:42.075961,ethereum_tx,0x52d164ddf7e488f3c175356b7f1f0a4b16e6cbfb9982083cd244bc3365b615dd,9481677,0x524Bc7C6237C9fDE722AB688fD581C3f14005EA1,0x2A4496bbC344414e3bDbE6a8E7c40EF007DAeEd1,0.0,1.5,confirmed
2025-10-24T17:56:42.075961,ethereum_tx,0xb6b441d186924902cb3234c94a2566e62df12cfc5d10bce5c4e52b6bd7f9e86e,9481677,0x2ED487A0210dfCD6f72643A5c3E5147B27948F5C,0x57c5dC670eB6f571bDD8Fc1CF178c46c9A917A74,0.0,1.5,confirmed
2025-10-24T17:56:42.075961,ethereum_tx,0x14b07d96ebf81c17698e18af0c35709dbc69d8e70c75f88dc1767a9f49cbe078,9481677,0x5DA8eF4603D0a59acb9B0BD73a72E1ee468A44Dc,0x2A4496bbC344414e3bDbE6a8E7c40EF007DAeEd1,0.0,1.5,confirmed
2025-10-24T17:56:42.075961,ethereum_tx,0x37653b069cea226b24a090d1d267e0bcac779ff711f4e33fbb9321a7d786884a,9481677,0x293c02Fa6323f3660c605547DF44Feda52c6A834,0x2A4496bbC344414e3bDbE6a8E7c40EF007DAeEd1,0.0,1.5,confirmed
2025-10-24T17:56:42.075961,ethereum_tx,0x8c77326cc44d821fa580c74a1272594919864db7ebbc1e58a5177b1ac7512fae,9481677,0xc39Ab29406cf7F5e6eD12320B667F5A26ce9127b,0x13a9e89e52cbA2260F9201802b48dd817A73B4c1,1.06e-05,1.5,confirmed
2025-10-24T17:56:42.075961,ethereum_tx,0x08739545b403562f16f7fe7a6abc6e312a6c6134bd8d610f9556bb6db1a80476,9481677,0xce36791143F2d0Bb994A3bd58776BCe6F252fFB9,0x57c5dC670eB6f571bDD8Fc1CF178c46c9A917A74,0.0,1.5,confirmed
2025-10-24T17:56:42.075961,ethereum_tx,0x497f66d99a6f94b61db1306e459474ee5565af213c88843faed09fb146f04123,9481677,0x1381c799cB394F137e7fCbf887187Ffc5d29AFd0,0x25E4908b25c3352235FfDcAfb7c53f43817FE4DB,3.0,1.000000009,confirmed
2025-10-24T17:56:42.075961,ethereum_tx,0xcdc74cd3ae2fc274299c1989c16aab81914d4b0c76aa58621a5d42a766d8c7ac,9481677,0xd62316C1F20B40FD1263E6Cd5bD71C3C19f282AD,0xff94B3795ACCE6d3691Fb4538646A91561E95e7D,0.0,1.000000009,confirmed
2025-10-24T17:56:42.075961,ethereum_tx,0xd6c90a1e8e3ab625d267cdbb5c6c207ff4eb4d3a7109d4aec1db863f1af54094,9481677,0x70d00d4364b45b43AEa3e6F14B59CDf9804845cF,0x608782f7FA8f0368CBD00c3afe18BFD8A047C3f2,0.0,1.000000009,confirmed
2025-10-24T17:56:42.075961,ethereum_tx,0x6aafbb58113dcf7706b1a19e82e422f22e72036a5b907dcd57e8e9d7f1a03a39,9481677,0x9F37C931347665e7dbD863faDb2602E69351F201,0x9E4EE87554c89Eb079873d3773E63Ca4cBD7817A,0.0,1.000000009,confirmed
2025-10-24T17:56:42.075961,ethereum_tx,0x6c092515ee1155afd58e6d93a7e4f6d7bf7a2f3c21350200ed3cc79bd35518db,9481677,0xa7A272a1FF0122e4Be4Bf0Ad644f2F5343181cc8,0x80ee8D6C1C7e19ce197047C8F17c7F6c303E4850,0.0,1.000000009,confirmed
2025-10-24T17:56:42.075961,ethereum_tx,0xc5bd7de976970245a2672f70f990a6d3f6ae1cb092b08bbf7aeec43858ca85f8,9481677,0xAC1CCFB1826502E9E9B01F21124EfE5a9c228186,0x59f63C0917841a6F04Ea6933d1E8E009Fd2E4E55,0.0,1.000000009,confirmed
2025-10-24T17:56:42.075961,ethereum_tx,0x9629a20e3ffb05d1185aa077e72d32a483f1d366ba0bc0ae380c75c169ee59c0,9481677,0x0F801fADe05143616983E0184f828797092a7bBE,0x7AA6c0e77d58fAeF19a2d8Fa24C37E634BaB1c7f,0.0,1.000000009,confirmed
2025-10-24T17:56:42.075961,ethereum_tx,0x63f8e22cdc153380af755f854180d643b1915a9823c3d85ec0f4ee63c759179e,9481677,0xF0FEd0C0192539a1076d8BDa1233f414704d98Be,0x00D22efF04CF7d0f5A355A6D9A06E43120398dA6,0.0,1.000000009,confirmed
2025-10-24T17:56:42.075961,ethereum_tx,0x417a95cc8414cc70bb4f864807cb606de65aab4ec8ffbde448ede908d11559b8,9481677,0xD1a823bF5c7DB22A2dA0cB9Cef9330930805a472,0x582D8c8675f58430581F2aEd0BE486Bf2576D8DA,0.0,1.000000009,confirmed
2025-10-24T17:56:42.075961,ethereum_tx,0xe351e8897d92facd58b7ea5d6754932bfa02e02349247c8a880af843fd3c36e2,9481677,0x0d81b78b1A476e68D2A08910C6f17bb9dEda50d9,0x927Bedf582CeA77b32AC792597EBCB4Fdf5b4a3F,0.0,1.000000009,confirmed
2025-10-24T17:56:42.075961,ethereum_tx,0x37f57b293271225da24026a7e99cbae156b3b3c77bd2d68cc1b3599b3c8633e9,9481677,0xFA0c527B5d5eA1a4A92501599629c5d2954f57e2,0x5FF137D4b0FDCD49DcA30c7CF57E578a026d2789,0.0,0.100000009,confirmed
2025-10-24T17:56:42.075961,ethereum_tx,0x506b1aeb7ad5d1e904f85309cf70c4c56324b1944e9c985a3bcb2302cd6c7a70,9481677,0x4a36C00099227E7F0487fff8CC75Df97e2B5D6E2,0x0000000071727De22E5E9d8BAf0edAc6f37da032,0.0,0.100000009,confirmed
2025-10-24T17:56:42.075961,ethereum_tx,0xec324c5e8e4c582e2128086c1f9b20a0080535921dacb02a1ae54e121658635a,9481677,0xf3D7758A1f832E8CA35A63714C3B392Cf07E4A7c,0xf993E10C83Fe26DddFc6cb5E82444C44201e8a9C,1e-06,0.020000009,confirmed
2025-10-24T17:56:42.075961,ethereum_tx,0x445f8678579468dace0230582b0e8e3d9a3c28cc56332c05a6aadbc4ca236fb6,9481677,0xd27B15aF91B64E1d045e48a6f36662eDDf6caE7D,0xf993E10C83Fe26DddFc6cb5E82444C44201e8a9C,1e-06,0.020000009,confirmed
2025-10-24T17:56:42.075961,ethereum_tx,0x2b0ec8da87b2a8a85c3a4e95f3a530b47c90029f91515d048354ccd0965b7945,9481677,0x49c6b0f5752595c6239f1B4170172df8FCCF3554,0xf993E10C83Fe26DddFc6cb5E82444C44201e8a9C,1e-06,0.020000009,confirmed
2025-10-24T17:56:42.075961,ethereum_tx,0x28a2f51e8313d56486281f9a15e8f905b82817a86125023ba087bb804565372f,9481677,0xec624c694b51a7e7Fb4B474309dc7fA66aBB3582,0xf993E10C83Fe26DddFc6cb5E82444C44201e8a9C,1e-06,0.020000009,confirmed
2025-10-24T17:56:42.075961,ethereum_tx,0x505596a76bfb5eb259d97a5718c6e0f166e4d7d03f773db4ac3388965db8ad49,9481677,0x4337019d937EbCbD73Dd750072d86C1CE664B350,0x0000000071727De22E5E9d8BAf0edAc6f37da032,0.0,0.00320522,confirmed
2025-10-24T17:56:42.075961,ethereum_tx,0x87d70473f7800eef760699120e6b2c502cc16b51d63e059845245342c2400884,9481677,0x8ccb8D232Fc9D7069208Eb570d4A6C5717BDaDC2,0x7cb512008ECD844FCab522d1F8683aA6a8Dd075B,0.0,0.002660753,confirmed
2025-10-24T17:56:42.075961,ethereum_tx,0x69eabacf932139458fe0aaf6a33c550344a28a9f1c4318a6c79cc7e903bc4f65,9481677,0x4777B3a45c29E93e9afcDE7AefF5d35cabCB2323,0xd82F42477B6A1D8521866Cbf394e75eC3136CE7e,0.0,0.002000009,confirmed
2025-10-24T17:56:42.075961,ethereum_tx,0x03f886df115ac3f391f2a42f54881c891a08bd46161f7a5620048f775499a027,9481677,0x713da602e1A0e9Dba12283B10c1Fa374055E75D4,0x956962C34687A954e611A83619ABaA37Ce6bC78A,2.2623898394556e-05,0.001500013,confirmed
2025-10-24T17:56:42.075961,ethereum_tx,0xf1d483382efb76da5fb12c28da3afb722d4e1f44663d8a3321f81ba54521d6d8,9481677,0x1822c52f054429C84923cEcddD457312231e6971,0x956962C34687A954e611A83619ABaA37Ce6bC78A,2.083469242014e-06,0.001500013,confirmed
2025-10-24T17:56:42.075961,ethereum_tx,0x13c5b94e73a4f767b0267e324ebddd207af2084ff77656458c1dbf955889e9df,9481677,0x4E80613d6250BCc78ec64620BBFa7dA7B9265459,0xB88Ca91Fef0874828e5ea830402e9089aaE0bB7F,0.0,0.001200015,confirmed
2025-10-24T17:56:42.075961,ethereum_tx,0xb775ed5b64b1661ae7e19b2f44d30d2ce0ca2070dc8d481944612418756e5cac,9481677,0xC088Db0D32639182D4a3C13FcC34B51e0F052578,0x5A25d1DD33e51A9F555FA5BcFe88AF075214b8d2,0.0,0.001200011,confirmed
2025-10-24T17:56:42.075961,ethereum_tx,0xcd9fac0c5584d83d906d37992753e176d97aab54b42eba6dbb540d81a9b2a1f1,9481677,0x860235D5Db42eF568665900BBD6bA3DB2fA4f33f,0xd0dbB2486e3Fbf371D1B2e35Fa330bef6529d2f4,0.0,0.001200011,confirmed
2025-10-24T17:56:42.075961,ethereum_tx,0x130cefc730965b4112afd528e6bfee38a2bbf1467a2b42e437f2e6d1cdfb7971,9481677,0xA2bfAc45e6878fbE04525C23dFbb11fFb224Ea60,0xd0dbB2486e3Fbf371D1B2e35Fa330bef6529d2f4,0.0,0.001200011,confirmed
2025-10-24T17:56:42.075961,ethereum_tx,0x187f7f487a3de3481d616209718528a52e78f357f3f537162cb753edf3f67233,9481677,0xd25DB2Ff2263A31b192EE117eB83E7792C01d58f,0x956962C34687A954e611A83619ABaA37Ce6bC78A,0.000206,0.001200011,confirmed
2025-10-24T17:56:42.075961,ethereum_tx,0x71e9fd407d07ec6b319cab0a23c05ec558e00becb91d7cfd48f5239ec3c7dfe4,9481677,0x65141CA3329DA9A83458017474b5Bc62097Cf24f,0x69C6b28Fdc74618817fa380De29a653060e14009,1e-18,0.001200009,confirmed
2025-10-24T17:56:42.075961,ethereum_tx,0xb5bd6246f93392fb1ce96b81dff538f9a0d498c6f8241fa219633874be02f0a2,9481677,0xfF46d7d3c3db4170F56D21B5725aF8C07450E4CC,0xB88Ca91Fef0874828e5ea830402e9089aaE0bB7F,0.0,0.001107571,confirmed
2025-10-24T17:56:42.075961,ethereum_tx,0x6f77b53d17f6de529f5d388795f855ba7d977b3e4d9311bce382972e93d17c27,9481677,0xCED352CcB6cF01527dbBD1a50d58651e2575c5d2,0xCaC524BcA292aaade2DF8A05cC58F0a65B1B3bB9,0.0,0.001100009,confirmed
2025-10-24T17:56:42.075961,ethereum_tx,0x44410b29b9e62b6153180f21a7406621e6dda24dd231fccfdf60012406126f72,9481677,0xD308c875bEF0bDd5937050DD4C6E7C829253eAc3,0x7215691F60C4fA7Bb82c5Ac44c7d57dc32bB0493,0.0,0.001052641,confirmed
2025-10-24T17:56:42.075961,ethereum_tx,0x19f62fd5d93cc8eb529c14677cf26777f2cb034f2590c833a4943889e705a799,9481677,0xb3a1956Cff1ecc8054B81b0C83b9847CB71384b8,0xCf8EDB3333Fae73b23f689229F4De6Ac95d1f707,0.0,0.001033342,confirmed
2025-10-24T17:56:42.075961,ethereum_tx,0x911657bd027a617428c49a4b242f3d3c7ab95a7aea70654d693575b4e19443c8,9481677,0xb3a1956Cff1ecc8054B81b0C83b9847CB71384b8,0xCf8EDB3333Fae73b23f689229F4De6Ac95d1f707,0.0,0.001033342,confirmed
2025-10-24T17:56:42.075961,ethereum_tx,0x7e77fc8f323b9bd8f022069cb14b6253e0583f29709cea157bf1d7b596b706bb,9481677,0xb3a1956Cff1ecc8054B81b0C83b9847CB71384b8,0xCf8EDB3333Fae73b23f689229F4De6Ac95d1f707,0.0,0.001033342,confirmed
2025-10-24T17:56:42.075961,ethereum_tx,0xdb78035a1ff85c2341aa8268e76589fb013d4d7541461b57ccf3e8687e5717a7,9481677,0x5d72984B2e1170EAA0DA4BC22B25C87729C5EBB3,0xd4116f515A6958da851080B390DDE4B81f408978,0.0,0.00100001,confirmed
2025-10-24T17:56:42.075961,ethereum_tx,0x52a1f84584f2e9a1ad4c0d69ca8045858d081c8a248d98971e97784f29321c1a,9481677,0xaF619b9C406797a30696F495CFF6175B8C9573Eb,0x15e195C27643557E8155e68C825fe55e1f1C7ddE,1e-05,0.001000009,confirmed
2025-10-24T17:56:42.075961,ethereum_tx,0xf47058b9f6685f57389107d3899d137644e890cf1fc2722cf4632060f38333e3,9481677,0x099BA97a37FA019c064a2517026e3c2Ea8DB9964,0xF6e7F84d9cee738ec59c08B7a7260152C236813a,0.0,0.001000009,confirmed
2025-10-24T17:56:42.075961,ethereum_tx,0xcca549e6de25569d05b3916494eed8acb2978729271437d1e47c1a46f5cf6770,9481677,0xcd3F1c52DE5F09c8D92d6A9B9E0fDaC6DEb46eBE,0x87A3effB84CBE1E4caB6Ab430139eC41d156D55A,0.0,0.001000009,confirmed
2025-10-24T17:56:42.075961,ethereum_tx,0x27acfaf8428781ebdb51e940dbf4f12c53699217282a08d7eb582811b3bf971c,9481677,0x812A967a69044225582ea080C63E4153E1F8B88C,0x1f96D1656a6500e526E92B19EAA894A6A7647ABa,0.010024380000400976,0.001000009,confirmed
2025-10-24T17:56:42.075961,ethereum_tx,0x31f5ba7f87e595245586fbe6d62ff646ac39c1e1c9014e4bd71e8890feee4ccd,9481677,0xAAA72Bd85E3Fa0E6D782427b495A85de3779Dfe4,0x81E0BddCfe15a316A2057efFe3e00D0F112906Cf,2.98e-06,0.001000009,confirmed
2025-10-24T17:56:42.075961,ethereum_tx,0xdb0b3cac471059fc4e5a683e6f80c6176f23a8d7674c2b8c6e867f24b9fdbd4f,9481677,0xD29a5AAB613d8999932fec54274d6Ba6C17E3c4e,0x87A3effB84CBE1E4caB6Ab430139eC41d156D55A,0.0,0.001000009,confirmed
2025-10-24T17:56:42.075961,ethereum_tx,0xa4fccfc2ad96f2aa4c43275ff42d5ee15ac16169f008e4858d858826f5dda89c,9481677,0xfFF256a355855557417ceef806fe6ddE534c9D15,0x0000000000000000000000000000000000000000,1e-05,0.001000009,confirmed
2025-10-24T17:56:42.075961,ethereum_tx,0x342673982861a01606e170e93e7d68e923a1ff90e16864c037305a0a586540a8,9481677,0x58E18B212613778d1f8B10E5eA72eDDa0Ff9bE6E,0x08d2b0a37F869FF76BACB5Bab3278E26ab7067B7,2e-05,0.001000009,confirmed
2025-10-24T17:56:42.075961,ethereum_tx,0x455e19c6c8bef1e2892f336de205cc2c835b5262486a33985bfa3de3af2d8edf,9481677,0x4798123b2B7ca3d7a4D645c551Db80f819679C33,0x03C66CB1826BDB0395BF31E68Bf7E873e9564fFB,0.0,0.001000009,confirmed
2025-10-24T17:56:42.075961,ethereum_tx,0xdc2a563aff13dd155eefeead84e017409e6d8d9e74dfc7721c33ccfcae6e6a7a,9481677,0x2Fd0d9C38046475a6D5245577C88E6Eb52d0075d,0x03C66CB1826BDB0395BF31E68Bf7E873e9564fFB,0.0,0.001000009,confirmed
2025-10-24T17:56:42.075961,ethereum_tx,0x64aaa9750cdbb698c5ecc078d95fe92e6e92ded13bead158506e048dcb6013bf,9481677,0xCffB61a43D8CfA2aF8fC3aBEDa61d59ba57D6779,0x03C66CB1826BDB0395BF31E68Bf7E873e9564fFB,0.0,0.001000009,confirmed
2025-10-24T17:56:42.075961,ethereum_tx,0x8586f14a4f08c99d4b3966b981395ce6f1f6d1fcd21b54306d58edef37aa8ba9,9481677,0x2C2e6F026D15a84168E5010A63a7DcceD67184E1,0x03C66CB1826BDB0395BF31E68Bf7E873e9564fFB,0.0,0.001000009,confirmed
2025-10-24T17:56:42.075961,ethereum_tx,0xf8232269ac52b3f4d6093a9e7bf9406fb2c68772dcec60e5b167611e29d63905,9481677,0x1Ad2daBc8D944290Bc925A9DCe0cE52849b603fA,0x5b1BCE8b92D4838AbF03E0EC2b4773daEE244082,0.0,0.001000009,confirmed
2025-10-24T17:56:42.075961,ethereum_tx,0x9aa30f93d4c0e5353ad0e3acf9526caf85f270135842a4bd01de549646ca8371,9481677,0xFF97E2C5848846E38C157570cdf1F1ba84daab3f,0x03C66CB1826BDB0395BF31E68Bf7E873e9564fFB,0.0,0.001000009,confirmed
2025-10-24T17:56:42.075961,ethereum_tx,0xac8409c4bfece3dbd93384d8772f4401ba72cd340960c809fdfa662bb6344bfb,9481677,0x45A38C2111b108ACDEE2F914bA219a2B434b3C12,0x03C66CB1826BDB0395BF31E68Bf7E873e9564fFB,0.0,0.001000009,confirmed
2025-10-24T17:56:42.075961,ethereum_tx,0x119c32f70101f401eb55aa559b45bdfd0b1220688878e62a7b21dc4722e2419b,9481677,0xd756119012CcabBC59910dE0ecEbE406B5b952bE,0xADF5aadbe080819209BF641fDf03748bb495c6f3,0.0,0.001000009,confirmed
2025-10-24T17:56:42.075961,ethereum_tx,0xfe1b3760f5da26d8d1fef362a504591d62452418e4b0407b1c37a348897b0316,9481677,0xaF619b9C406797a30696F495CFF6175B8C9573Eb,0x15e195C27643557E8155e68C825fe55e1f1C7ddE,1e-05,0.001000009,confirmed
2025-10-24T17:56:42.075961,ethereum_tx,0x70622203a93b3bcf13284469c0efb0c5703146e1bc1a2d01e16a1128328fd0d3,9481677,0x5322801940d4597557CaAff902d7BFeFdde8B962,0x03C66CB1826BDB0395BF31E68Bf7E873e9564fFB,0.0,0.001000009,confirmed
2025-10-24T17:56:42.075961,ethereum_tx,0xc7b8cd2a1e9113abd73b570f9536d04ca0bf57896eec005a514a06052124a358,9481677,0x4c33b96Dca2EEaB30b76881ccC189C5C0177B1F1,0x889Ad51eb657D34C497201FEdBb5C5d875776066,1.25e-06,0.001000009,confirmed
2025-10-24T17:56:42.075961,ethereum_tx,0x286d33e2f2b2247557c4d907c2c3580ff936502d0f9e10afd51cc913b0598749,9481677,0xd0EAfa347cf60a6D31046dA91CA10F890EdC0b72,0x33bb7851E61562Fe6Cd5250bdA6dF90184Fd1118,1.05e-06,0.001000009,confirmed
2025-10-24T17:56:42.075961,ethereum_tx,0xef1916594c56106008e756343711e7fef405eb9c5b201bb1ad31c58a750638e1,9481677,0x3Da763C42E438eB17880fB6A83040d6cf13eF03b,0xFf00000000000000000000000000000000042069,0.0,0.001000009,confirmed
2025-10-24T17:56:42.075961,ethereum_tx,0xfa69b54c43703aadc528f9a1c8f4f95640058d2c27f93b5f0c6035b3565e330b,9481677,0x4A48469994c200744A4733F114E175cBE50fa7BB,0x03C66CB1826BDB0395BF31E68Bf7E873e9564fFB,0.0,0.001000009,confirmed
2025-10-24T17:56:42.075961,ethereum_tx,0xacae4737d034cb60b319641e8573300b14f5bcd5678faf71a7e50414bb08c0c4,9481677,0x53681De2887cbD74B93B9A7B837CD25836cF14f7,0x76268c4a75D1bE588356569acbfE03366d9eDCbD,0.0,0.001000009,confirmed
2025-10-24T17:56:42.075961,ethereum_tx,0x433efcd398325bccf9a5a886e6a14fa85eee1070ecc5da18ef7d0c9f3ea08913,9481677,0x29c014C9da9C9Fd8d959f126A87Dc09dfE384b1a,0x08d2b0a37F869FF76BACB5Bab3278E26ab7067B7,5.34e-05,0.001000009,confirmed
2025-10-24T17:56:42.075961,ethereum_tx,0x077b9e3b7dc3955871464c5c65c6a8178859531fa2dec1718ad22b5b666e8e48,9481678,0x8f937B3BE78aE12702173698ed00a522bBBA0570,,0.0,1.5,confirmed
2025-10-24T17:56:42.075961,ethereum_tx,0x424792ba4a3187c07ca7567083beb00d5b45e31fc3d251ba4ce5168e1eefe265,9481678,0xD24611cFF6E7AFd94c263498a317CBCb6eddc5ca,0xcA11bde05977b3631167028862bE2a173976CA11,0.0,3.000000009,confirmed
2025-10-24T17:56:42.075961,ethereum_tx,0x4fda42c58f7b2014793d5c2efc871db461d2fa220201635fc373d0a722252a26,9481678,0x7E0f32d2Ea8AfE3eDD67E33dccaf1A01BdEcCE6f,0xd82F42477B6A1D8521866Cbf394e75eC3136CE7e,0.0,1.000000009,confirmed
2025-10-24T17:56:42.075961,ethereum_tx,0x1661164110271a1f8ff8f03cf4ca5adecfd325787e14252f06e1b482c3c14ed9,9481678,0x9b0EcbE75dB3e5b5FdD9a94868e49bD505eA9D24,0xA497339346B8dD15AC21c244A53Fbac6B0813897,0.12,1.500000009,confirmed
2025-10-24T17:56:42.075961,ethereum_tx,0xf7e23c58293023b43f371fbc2457d7b0df89145e9a4def0a5704513dc9687337,9481678,0xC6392aD8A14794eA57D237D12017E7295bea2363,0x70ff7691266f0cB1DC70dDF9c61AF4041f861aC2,0.005,30.0,confirmed
2025-10-24T17:56:42.075961,ethereum_tx,0x3e657f343168dc90776496263b9a9028069258adc9a06faa0891d167a80b1876,9481678,0x13a021dbD56A6E8f5a74386e7637aDFf476a825E,0xb35cF9B277Ff0DD48e3Dd99a2259b5ED06cb5329,0.0,1.000000009,confirmed
2025-10-24T17:56:42.075961,ethereum_tx,0x73262b32dd31f9e6fcfca0eec6f41a0e67d675ae5acfdddcab16c37c5180d8fe,9481678,0xAf6b508bF1f658fa9DF0FEB1E431b3334E1EC8fA,0x18bCB94F6334100A6f9b942D7E5DF214287238b0,0.0,2.000000009,confirmed
2025-10-24T17:56:42.075961,ethereum_tx,0x1f9999279c7b8f5ca32b3508e7b7c1c568839e91949a44bb0dc11edeb01d7cd0,9481678,0xB3A4e46b180887e27ea1881CF7A413775210440E,0x025Ce546F76B2C4632E07742492dA1cD843df3d9,0.0,2.500000009,confirmed
2025-10-24T17:56:42.075961,ethereum_tx,0xb169de061a71e4eddfaaba43c834b243731f675204fa485ce72f6ba2b884dc69,9481678,0x22080b164346366ef5ee15606d5Ee1C5A9f27708,0xc861aE0Cd70b73b0C8F1D62Fa669E6D1d7D7e0aB,3.09e-06,1.500000009,confirmed
2025-10-24T17:56:42.075961,ethereum_tx,0xd0e8d0d12c6a5fe627b5f7652288128b6bd73ba09b10502314dade6485045352,9481678,0x251B0Dc2f8dE5017423674Ba9A15dEfe0ba07F04,0xF24ad7ebbe408558e5CD84Fc15bA8E3430D202e3,0.0,1.000000009,confirmed
2025-10-24T17:56:42.075961,ethereum_tx,0xc9195316babab76501142b31a58030c667d99322b09242e759a0b6ce67ce2cab,9481678,0x5433Edc9F6490408a2D01DA6292c18Ead2AaeA6f,0x7976dFd7fB1293F61aD32c4396B89fCB65D07246,0.0,1.000000009,confirmed
2025-10-24T17:56:42.075961,ethereum_tx,0x77a76fa71fb223da198969f49500438faab7747cb822df5f400d6b678e083b22,9481678,0x60EF6a1C9308C55142D5FdD34e68A72dfA836d5F,0x5f794505f53Bc8F2C9fF7A4283FBB4d354729e42,0.0,1.000000009,confirmed
2025-10-24T17:56:42.075961,ethereum_tx,0x217be4f74b0dde88063f8ce94dbb9b4eadf38e302b0a2bb8d2f09a6f63989bd8,9481678,0xc5eAEa93552D1405704e4f1ff9eF9524b031C126,0x9042041458cbdb5e62Fa471233C9009B5881f6e3,0.0,1.000000009,confirmed
2025-10-24T17:56:42.075961,ethereum_tx,0x1dd73ef51a29ec77895c04ff3d8d5e90f650b457d832bf337bd9a674ab26248a,9481678,0xe8D498AddA5B80aD3EFC185BE915d73b0B393daA,0x57c5dC670eB6f571bDD8Fc1CF178c46c9A917A74,0.0,1.5,confirmed
2025-10-24T17:56:42.075961,ethereum_tx,0xa89cbbc90bf8bc1ab8d755e8e2d4259b01652980cd9c3d1301806af3a8035b66,9481678,0x067225c3428D07924E7db9924e7776855405eD70,0x2A4496bbC344414e3bDbE6a8E7c40EF007DAeEd1,0.0,1.5,confirmed
2025-10-24T17:56:42.075961,ethereum_tx,0x73725878f3ad726caae950d898f75792c7905cfa60de8e381bf1e876cb3acdd6,9481678,0xdedD98af145731AD0696F36d8ef4307b71416385,0x2A4496bbC344414e3bDbE6a8E7c40EF007DAeEd1,0.0,1.5,confirmed
2025-10-24T17:56:42.075961,ethereum_tx,0x6f8de2a17c41ccb08085d5ca2dc98b3199cdf2696449af652613f55b079b18d6,9481678,0x4538a3D9328014cE32e569D874952aEC48b8CE5E,0x2A4496bbC344414e3bDbE6a8E7c40EF007DAeEd1,0.0,1.5,confirmed
2025-10-24T17:56:42.075961,ethereum_tx,0x002ecaa10eb29319c5d8b66e49c5bfb44451845c8c0f9f2abe8dfe3b91585836,9481678,0x55418060A3F777BC740DE4cAcEE4E67D1B3E94F9,0x2A4496bbC344414e3bDbE6a8E7c40EF007DAeEd1,0.0,1.5,confirmed
2025-10-24T17:56:42.075961,ethereum_tx,0xfa73665fbae59a30806dceaa600c48383ecc4a33495171e92fe826e8acf9203e,9481678,0x85AA16B0a6eA346138eAA7D0c041195E624Bf7d4,0x2A4496bbC344414e3bDbE6a8E7c40EF007DAeEd1,0.0,1.5,confirmed
2025-10-24T17:56:42.075961,ethereum_tx,0x3e0e00d28d168308f8a04736ecd6e93be972e3dca5f487f44bb5b011b1113826,9481678,0xF7176593E3B1A1Ed40dCCea9933Ee6DC4C063BCb,0x7509502fe9Ba309821FF7607589D807B3da8B56a,0.0,1.000000009,confirmed
2025-10-24T17:56:42.075961,ethereum_tx,0x454b87ba70a74b68d988d440aaa66d8005d3976c9c193687e143243a44b7d6f8,9481678,0x0e0C6bb0038AE6EFf62515800A380bBF5F7D20ec,0x7b79995e5f793A07Bc00c21412e50Ecae098E7f9,0.0,1.0,confirmed
2025-10-24T17:56:42.075961,ethereum_tx,0x77278dd10e1c5e7f5c73fa3ec3f14842cec56c94632960e6d0464298eb40083e,9481678,0xe7F38E2D57a0eA80240B5E65A69AF66812CbCd0C,0x8E8d9d7C1Ba21B5d7130a6130a12667a02A2c39a,0.01,2.0,confirmed
2025-10-24T17:56:42.075961,ethereum_tx,0xda96e6f0db33cbbc63c6a3c78c305b40f46e71797d9e998580396f9a7449167c,9481678,0x7F09a9800753B15950780654Fd0cBDC0Ede41F37,0xE439D1B8a5675eff74C699854Ff72DA1651B6Bfe,0.0,1.000000009,confirmed
2025-10-24T17:56:42.075961,ethereum_tx,0x6383fb5f409da53ee7cafdaf5b7807807f738954704bad4469262cefe0b59418,9481678,0xDE645d7DC8f33DbC92dd970d408A9f9cF50eCD1B,0xeC65251f281d2481845174abC0A6061A2437A084,0.006,1.500000009,confirmed
2025-10-24T17:56:42.075961,ethereum_tx,0x28895829e77d27c0eae372827f1befd9a32f8040637c49b4c322b3eb63dfb516,9481678,0xF0FEd0C0192539a1076d8BDa1233f414704d98Be,0x00D22efF04CF7d0f5A355A6D9A06E43120398dA6,0.0,1.000000009,confirmed
2025-10-24T17:56:42.075961,ethereum_tx,0xf88c00d943d0c61b930d69a9cd3ac2513695c017ab063110fa9ee5960594c145,9481678,0xEA52e1330d19084008a28b9e3Dee42314706C532,0x00061188fd428f9B615Ff9664442126E847c3418,0.0,1.000000009,confirmed
2025-10-24T17:56:42.075961,ethereum_tx,0x18066c3a850c88b2268c6509f4d522f080b4304c62715ee59f036c9ba6fddcda,9481678,0x1a8f1cec95Fa6f418756bb99c3D67544b9d46F6F,0x00a431E8Bcf6B683F52FDb687101826D374ba8aC,0.0,1.000000009,confirmed
2025-10-24T17:56:42.075961,ethereum_tx,0x132da83eaa9a6212463fb83ecf8314c49567170aef6db0310c20df0eac3208eb,9481678,0x0a62Ab09C1e26Fec0d31DE5caA15AEcC9143AAdd,0x0053F4C6Dc77F13299336248208AaE839196a724,0.0,1.000000009,confirmed
2025-10-24T17:56:42.075961,ethereum_tx,0x300a0808c1e2d5263b6d56f688fbac5146ed406102cf510c0ffc2c8112405c92,9481678,0x21e57C21530Bc33F12Ba96C9dDC135488365002F,0x004De1914F4f17aC234f5A5Bc8a4072a231d44BF,0.0,1.000000009,confirmed
2025-10-24T17:56:42.075961,ethereum_tx,0x3a39a030f866d47c3f776d91ee434e47cf1d4251b32e69fd180c3b54b57da1bb,9481678,0x2D2059ba39F02E2eF871829dAD0F60a9De1071af,0x5FF137D4b0FDCD49DcA30c7CF57E578a026d2789,0.0,0.100000009,confirmed
2025-10-24T17:56:42.075961,ethereum_tx,0xc95b98f092648ce9f9316476fab8afe6b67b2c9ef9aeb13df4310b20987850a4,9481678,0xb35aF8Dbc1CFd7F5c3002F6856F09bE50BCb8A2c,0xf993E10C83Fe26DddFc6cb5E82444C44201e8a9C,1e-06,0.020000009,confirmed
2025-10-24T17:56:42.075961,ethereum_tx,0x39f628ad5aae46e132e809a1656a1d6ef50a76a6e4ad18eebe84a859d7aff15b,9481678,0x13392D9533D8a9C4613Ca54a59774BB2C2D99B14,0xf993E10C83Fe26DddFc6cb5E82444C44201e8a9C,1e-06,0.020000009,confirmed
2025-10-24T17:56:42.075961,ethereum_tx,0x123df7da3b335f9a33b30b14c85c0b93f3e6c4686cf441b94960bd7284e5378c,9481678,0xe5D6A1e163a7e53cd5Dca42e708f979dfDfE9986,0xf993E10C83Fe26DddFc6cb5E82444C44201e8a9C,1e-06,0.020000009,confirmed
2025-10-24T17:56:42.075961,ethereum_tx,0x08800b8c0693b00161256775d5ac7985d40ad5a7e707bef62cbe4b1cc486e9d0,9481678,0x440CB99372eBb783Bcb584d89D63C489DDD3A58f,0xf993E10C83Fe26DddFc6cb5E82444C44201e8a9C,1e-06,0.020000009,confirmed
2025-10-24T17:56:42.075961,ethereum_tx,0x724554588c837ecd8e0e424c8a6da4bcdb088b8230fc6245e1291038f90c9e6e,9481678,0xC088Db0D32639182D4a3C13FcC34B51e0F052578,0x5A25d1DD33e51A9F555FA5BcFe88AF075214b8d2,0.0,0.001200011,confirmed
2025-10-24T17:56:42.075961,ethereum_tx,0xc8b51d0ec61cfd96a44ee22ec4bc0141c1cd024ce1ace3f580c79364096b31be,9481678,0xC088Db0D32639182D4a3C13FcC34B51e0F052578,0x5A25d1DD33e51A9F555FA5BcFe88AF075214b8d2,0.0,0.001200011,confirmed
2025-10-24T17:56:42.075961,ethereum_tx,0xf5f1cbe960b1b45058031acd81660f43180f8f3b84a47f8e29f3f24977e74aba,9481678,0x6d7927C0D236388319864007681BC0C6b844Def8,0x12e1181a741b70BE6A9D81f85af3E92B6ba41897,0.0,0.001300011,confirmed
2025-10-24T17:56:42.075961,ethereum_tx,0x4285e39faac38422754773d30540915cad6374d6e414f7d54c92ddb5e4e3f785,9481678,0x65fE2C0e3f7B9C981839f06BB1Aa69e43F589585,0x93fACfb642917529A9C7354545F6444239eF6Ac9,0.0,0.001000009,confirmed
2025-10-24T17:56:42.075961,ethereum_tx,0x9de15d9a98fd50341cbb0059e445dd7a53d8ba71d879b35abfd684c447e5a710,9481678,0x5d72984B2e1170EAA0DA4BC22B25C87729C5EBB3,0xd4116f515A6958da851080B390DDE4B81f408978,0.0,0.00100001,confirmed
2025-10-24T17:56:42.075961,ethereum_tx,0xb77ed9b2e4a6d1faa65b01272a140394fdb4f905f66bed21f2d81ba8cfc270cc,9481678,0x94b6cEfE36Ef5FB68F3e6a04DB85219404b74126,0x329630163D90404ae55D11BE8Cc76B0479555282,0.0,0.001,confirmed
2025-10-24T17:56:42.075961,ethereum_tx,0x3be16cdbf48c398c8e2caf427a32d32f1ab439fb48a70f0d36e1c2d1725e0449,9481678,0x27A88B8846882507bab868974805339d4c438667,0xA73aFb610aC79A729A393D679029fCf9618854AD,0.0,0.001200011,confirmed
2025-10-24T17:56:42.075961,ethereum_tx,0x708eeb47752efe5be064a1c0c1cd110480f92fd0f41c89a4ecd82f40317c6040,9481678,0xcD12Ed9b63603bc9685Cda552c0156d9b297b41F,0x87A3effB84CBE1E4caB6Ab430139eC41d156D55A,2e-05,0.001000009,confirmed
2025-10-24T17:56:42.075961,ethereum_tx,0x7a21fd967e59986210cffd8a5d1d95040c94a9ed432871bb5c603bfc730cd49e,9481678,0xc50fee94414B13e54172ca3ec22020b0A3EB3172,0x693D43fD2443fF118325a96d08CbC34309E98772,0.0,0.001000018,confirmed
2025-10-24T17:56:42.075961,ethereum_tx,0x0de4ebd945e69ee986fcc61a1e1a95800edc366001ca0ab76735f91de91dee80,9481678,0x2c2ff804eD59BBE2533e0a8210D5a120414D4c93,0xA73aFb610aC79A729A393D679029fCf9618854AD,0.0,0.001100009,confirmed
2025-10-24T17:56:42.075961,ethereum_tx,0x117c318b736dc9d0725c5703ead88887e39b148dfbfae8faaf1c6497f3b50666,9481678,0xb3a1956Cff1ecc8054B81b0C83b9847CB71384b8,0xCf8EDB3333Fae73b23f689229F4De6Ac95d1f707,0.0,0.001038897,confirmed
2025-10-24T17:56:42.075961,ethereum_tx,0xc527e805ebf2d8c54e7d037b72c7ec90b16b6f875c6bd6bbf6aa7fb099d35f9e,9481678,0xf1AFA75b44595f2b8c68FD9c7D4d6ca647ceB39c,0xf25cCDD56d31aF5FA5762F1C35949e36c4ab00c2,0.0,0.001000009,confirmed
2025-10-24T17:56:42.075961,ethereum_tx,0x48eacee86a0df03455cf1e2c3dab6f8356842f15edd243eebfb55cac2927de3a,9481678,0x1Ad2daBc8D944290Bc925A9DCe0cE52849b603fA,0x5b1BCE8b92D4838AbF03E0EC2b4773daEE244082,0.0,0.001000009,confirmed
2025-10-24T17:56:42.075961,ethereum_tx,0xeb02acb7f56e25d66ea6f8b76a8c4c9ab7fab915d6e20959a054a366ed15c62e,9481678,0xEE5C0c29fB478a94D9a1c626c524122060Eeb860,0xF0111EdE031a4377C34A4AD900f1E633E41055Dc,0.0,0.001000009,confirmed
2025-10-24T17:56:42.075961,ethereum_tx,0x309aba219e3021b52edec88e631e0ca033e4a3880324f647e304c7c085252cb4,9481678,0xFA646594bF2241061314d53e850A466815B3600a,0x738e96D813a47552499fe1C82E8dD415f7afB7C3,0.0,0.001100009,confirmed
2025-10-24T17:56:42.075961,ethereum_tx,0x7a13ad6ad0e8d5d1e1d0e5375f08cc4703d815a0a51edd401a66b1b5f2543cb0,9481678,0x715d1084b1237Ba6a61447890F282E2505471EEC,0xb5A49949C49dEDD852F9f0f419b17aD2785032db,0.0,0.001058781,confirmed
2025-10-24T17:56:42.075961,ethereum_tx,0x92cb6aab79ef28b754b0fc01e38e3e73bd7a95cc17836458e466bab634a3ceb1,9481678,0x9905E8C3A4f82037170a8c411CD8b11D4894066f,0xd0dbB2486e3Fbf371D1B2e35Fa330bef6529d2f4,0.0,0.001100009,confirmed
2025-10-24T17:56:42.075961,ethereum_tx,0xf9ea569f5c9254e14d424c61c1c16ac54f9fb939200d6f2baa8224e1aa09fb39,9481678,0x056A1275DD670205aba10D8fC9bB597777a65030,0xd0dbB2486e3Fbf371D1B2e35Fa330bef6529d2f4,0.0,0.001100009,confirmed
2025-10-24T17:56:42.075961,ethereum_tx,0x48f7fe77a8c5ee79a8384c48ce266fddb6bea25eadb56836f29573f0114127f2,9481678,0x099BA97a37FA019c064a2517026e3c2Ea8DB9964,0xF6e7F84d9cee738ec59c08B7a7260152C236813a,0.0,0.001000009,confirmed
2025-10-24T17:56:42.075961,ethereum_tx,0xe0b9d4599a3548914e94373cee09302c76e0cba53467977933d83d8544cdc194,9481678,0x3Da763C42E438eB17880fB6A83040d6cf13eF03b,0xFf00000000000000000000000000000000042069,0.0,0.001000009,confirmed
2025-10-24T17:56:42.075961,ethereum_tx,0x71f748738da804ab65a8c4c02b408a069e76f0bf8b10ca0bb1aba1690bcd13cc,9481678,0x1fFD7C562335D06D5439E40Ca3d5c04a708B63A5,0xEA0A0f1EfB1088F4ff0Def03741Cb2C64F89361E,0.0,0.001000009,confirmed
2025-10-24T17:56:42.075961,ethereum_tx,0xcfab7cdd30d2b119d203116cc461494fa3db23cc2d063e87f38f7279b682843b,9481678,0xfF46d7d3c3db4170F56D21B5725aF8C07450E4CC,0xc6255a594299F1776de376d0509aB5ab875A6E3E,0.0,0.001099246,confirmed
2025-10-24T17:56:42.075961,ethereum_tx,0xb5986e6250afe4ebc482831e68165c1a0ae686756112b003576e3dc1fac3ceef,9481678,0x69cDf38fc92276ece115B896fE2145C6a7ab3301,0x956962C34687A954e611A83619ABaA37Ce6bC78A,0.001,0.001,confirmed
2025-10-24T17:56:42.075961,ethereum_tx,0x7fc83bf01ae9c13fdd821dc4be31ac539a6b330c5ffc1911c39a2045d1d09c81,9481678,0x9dA7810c4b81C5241ddEd3486543B3F878f8484d,0x956962C34687A954e611A83619ABaA37Ce6bC78A,0.001,0.001,confirmed
2025-10-24T17:56:42.075961,ethereum_tx,0xe71558dbd23777e5ba185a22499352644b091e216c8e887c233e14cfbd57a808,9481678,0x2bF78d2268Ed1776E41323D6A5aE694d8c8F7968,0x956962C34687A954e611A83619ABaA37Ce6bC78A,0.0001,0.001,confirmed
2025-10-24T17:56:42.075961,ethereum_tx,0xba4650a21fbaaa093653150f7764fee99259bf2acc6870cffaf6965e50181dc2,9481678,0x2B167882e52363A902f4Ab1C49229dCE54FeD182,0x956962C34687A954e611A83619ABaA37Ce6bC78A,0.0002,0.001,confirmed
2025-10-24T17:56:42.075961,ethereum_tx,0x92fbc4343824bb98540f4de4595bc66d96b2211ebf9f8501055474afa25eeefd,9481678,0x442c38b1e7a544aC3d632D0d664a953c5a064471,0x956962C34687A954e611A83619ABaA37Ce6bC78A,0.0001,0.001,confirmed
2025-10-24T17:56:42.075961,ethereum_tx,0x57ea599135c6b285b5779484cf04ae107ae57b74c5a65f097e552e92f102d40b,9481678,0x880b27A0405a2C93816975a6b50786F3D75C7E91,0x956962C34687A954e611A83619ABaA37Ce6bC78A,0.0001,0.001,confirmed
2025-10-24T17:56:42.075961,ethereum_tx,0x41eb9bbc7fb3b6030258b368a63f087271c998aaa6a60d5e34463d3c6a1a8b64,9481678,0x832F3678Af28d4A6e1026b9Da19638b17A47dC92,0x956962C34687A954e611A83619ABaA37Ce6bC78A,0.0001193,0.001,confirmed
2025-10-24T17:56:42.075961,ethereum_tx,0x3e90099a635322f58c15029a8b0bf6b72b1b2aa34340ff0b48c8d22b0b68fa8e,9481678,0xbf649Fcb75e22dAD588d952Ef0b4f2099BE4f020,0x956962C34687A954e611A83619ABaA37Ce6bC78A,1e-05,0.001,confirmed
2025-10-24T17:56:42.075961,ethereum_tx,0x21cf034a90d7384ca58d7421881d07fa0756fcd9feffeee1afe8577e8ee63470,9481678,0x9C8FaA60ac71ad698FA1E9ba77C7F409eF4834cf,0x956962C34687A954e611A83619ABaA37Ce6bC78A,0.000132,0.001,confirmed
2025-10-24T17:56:42.075961,ethereum_tx,0x1e9e90ec51b96120d5145a056c9120d01986314379f84856e0be9f586337f7d1,9481678,0x0E37cCAD68e92957A640A526eAF302C577a01647,0x956962C34687A954e611A83619ABaA37Ce6bC78A,3e-06,0.001,confirmed
2025-10-24T17:56:42.075961,ethereum_tx,0xb4521857893c8654749c44f36d2277a82d4d4e0053d4f19185462324920c3bde,9481678,0xf28836a07eb2C2cF82d61210C2B767eb8171e95e,0x956962C34687A954e611A83619ABaA37Ce6bC78A,1e-07,0.001,confirmed
2025-10-24T17:56:42.075961,ethereum_tx,0x90b1c3077e0cc0ef9006d4ce83a14d2ae9df1945c4520f0e6b84f2a0f058935b,9481678,0x4762AF5868dCb9c59B3F8cA8d701C603c1E6BA3F,0x956962C34687A954e611A83619ABaA37Ce6bC78A,1e-07,0.001,confirmed
2025-10-24T17:56:42.075961,ethereum_tx,0x8991567700d86967f8835ab3732d0a89a5c442307c5e4bfd0307d96b3081582a,9481678,0x94B794E59838De302CCf043d1c7C5E14fc6473A1,0x956962C34687A954e611A83619ABaA37Ce6bC78A,1e-07,0.001,confirmed
2025-10-24T17:56:42.075961,ethereum_tx,0x867a96aa3519e60ca3fe62ff5ac62c417680e8b92429f6aef239ff7f1a81b75a,9481678,0xa0Be15C8AeaBD5aBC01Dc0fd1A4aa3481737A41C,0x956962C34687A954e611A83619ABaA37Ce6bC78A,1e-07,0.001,confirmed
2025-10-24T17:56:42.075961,ethereum_tx,0x64d5ce873cf62479d9f0430c7831b156a4c00072cdc1d01fc5ce539572ffb18f,9481678,0x5Af3B6Db3bc3A57D6b410c09867302f3F27D5F34,0x956962C34687A954e611A83619ABaA37Ce6bC78A,1e-06,0.001,confirmed
2025-10-24T17:56:42.075961,ethereum_tx,0x5ff772969559419ac894421d1363557f9c17ab792b8624bbb0b078bf0d289dd8,9481678,0xE5e61cdef06BAe6e2c98A2285ED4d59b627203fD,0x956962C34687A954e611A83619ABaA37Ce6bC78A,1e-07,0.001,confirmed
2025-10-24T17:56:42.075961,ethereum_tx,0x5b2ea51e79b15f177ffb3a93cc03f950e39052ee1f64d2c27510ab2338f2b8dc,9481678,0x782aD979f615E030076D4eb4be6aCeBF672E0ca0,0x956962C34687A954e611A83619ABaA37Ce6bC78A,1e-06,0.001,confirmed
2025-10-24T17:56:42.075961,ethereum_tx,0x588a02dd9fd3545dc8ba4a37df80e62df6d9f10269adafa2b89a7a3c155311da,9481678,0x3E2aEB729b82Edb5ce1Af01c02746625C71C79f5,0x956962C34687A954e611A83619ABaA37Ce6bC78A,1e-07,0.001,confirmed
2025-10-24T17:56:42.075961,ethereum_tx,0x53564596d33c4ec75f7f844d30f4e552e7ad9fdfeaae84a7dd893514e2742ed7,9481678,0x0D5BDAd21E8C439033e705F8907947f730D1ce84,0x956962C34687A954e611A83619ABaA37Ce6bC78A,1e-07,0.001,confirmed
2025-10-24T17:56:42.075961,ethereum_tx,0x4f996aa08b1b0fdea9be5594967fd1ba717d6c2e99c557c1745c8f6a0352ad4f,9481678,0x8Dfe90E5a0E285741723cdDEa9615ECbF6E2A2cb,0x956962C34687A954e611A83619ABaA37Ce6bC78A,1e-07,0.001,confirmed
2025-10-24T17:56:42.075961,ethereum_tx,0x48de1570e2d47d75a3fe0195c62870a923e5caecc75d2e718e25b4ef52fd909f,9481678,0x20CE9f32397df7d1590296cbb354Fb59662A3034,0x956962C34687A954e611A83619ABaA37Ce6bC78A,1e-07,0.001,confirmed
2025-10-24T17:56:42.075961,ethereum_tx,0x41429b85005c6a64976f4e58125cb7499449e62ca2ecefa88a969828ac9eb0af,9481678,0x13e6009357AF52E7D564b5914aa97719C8304A28,0x956962C34687A954e611A83619ABaA37Ce6bC78A,1e-05,0.001,confirmed
2025-10-24T17:56:42.075961,ethereum_tx,0x36f8ae00cdf473981e2ae3e93b592d29a37fe9dc35a437dc0d8dc56b00eb3df3,9481678,0xB3d83899c5999D824D7a8098914E5aa211B3e7c7,0x956962C34687A954e611A83619ABaA37Ce6bC78A,1e-06,0.001,confirmed
2025-10-24T17:56:42.075961,ethereum_tx,0x19d350748ba737f52e4898f29217c7f1ec9c0231e8c8c61dd8d169200b64ec30,9481678,0x8356B1EE8Ab99dE3583F0A01e2d247959B665173,0x956962C34687A954e611A83619ABaA37Ce6bC78A,1e-07,0.001,confirmed
2025-10-24T17:56:42.075961,ethereum_tx,0xa4625b820776987462e320c12f6604758eb66d394e8f629339d7084e2e68f257,9481678,0x047CA7df8E03351030e2Cd1A8daa154a53064aC7,0x3eDF60dd017aCe33A0220F78741b5581C385A1BA,0.0,0.001052641,confirmed
2025-10-24T17:56:42.075961,ethereum_tx,0xa07f5fe1b205c2f04ad11779514fc528266ecfac67849cf99f0304dd222a2f2e,9481678,0x2fd8B4a5D4CC9Ed0065fec5B3f3C51Bc117aB245,0x3eDF60dd017aCe33A0220F78741b5581C385A1BA,0.0,0.001052641,confirmed
2025-10-24T17:56:42.075961,ethereum_tx,0xd6bc3e310b9f0f3b95ee2d0644ee3b5da072bd248d0dc12e2d8bfa9d799be941,9481678,0x9C5D85C1023dfbE4D13E39030E2722B43fD2EBbE,0x03C66CB1826BDB0395BF31E68Bf7E873e9564fFB,0.0,0.001000009,confirmed
2025-10-24T17:56:42.075961,ethereum_tx,0x1210e64d964914a22937f53087d40bb36e3248f361634443c533562cc7934372,9481678,0x0108df8D316D31cB307F84C8d5dB6d34FA802b8b,0x03C66CB1826BDB0395BF31E68Bf7E873e9564fFB,0.0,0.001000009,confirmed
2025-10-24T17:56:42.075961,ethereum_tx,0x6f5a988f0a4c3956791d1869a643128a0f5894622a1d00aa6051b5eb58162db9,9481678,0xb18ad974b6853092e902dF327171B6D9a2F59D87,0x69C6b28Fdc74618817fa380De29a653060e14009,0.0,0.001000009,confirmed
2025-10-24T17:56:42.075961,ethereum_tx,0x128f4b0ec8153a564f35a44a88c4ac566e78889167f5950bc5c2e91bfc7f86a6,9481678,0xF9b540ab0BEAe02d0a956F325E65545F0E467Cbe,0x83458E8Bf8206131Fe5c05127007FA164c0948A2,0.0,0.001000009,confirmed
2025-10-24T17:56:42.075961,ethereum_tx,0x64da6109f23e2bec65a90bf2c2a9f1ca621e9a10f3c40ba4a11725ffe59d2562,9481678,0xd365D7486Ba11856bc9b559D0e52829aC0db8745,0x6Fd793919b0F2582e9456fe5Da80cD9549E1e2a2,0.001,0.001200011,confirmed
2025-10-24T17:56:42.075961,ethereum_tx,0xd16ec959e06df6b63b1ba012838907ba986519f4309cb4eb7c4f3b4712d1b162,9481678,0x3b1B0aB54C7487aFB204132BB73c9333D647C263,0xf980087305C637089aA793cfe93125A29127c1Cb,2.69e-06,0.001000009,confirmed
2025-10-24T17:56:42.075961,ethereum_tx,0xaec0d1734cdb0e62c20004fe9083c9eb8a75ee591be72a5e668d07aa6a33f355,9481678,0xaF619b9C406797a30696F495CFF6175B8C9573Eb,0x15e195C27643557E8155e68C825fe55e1f1C7ddE,1e-05,0.001000009,confirmed
2025-10-24T17:56:42.075961,ethereum_tx,0xa94079ff87a754d331f06edb4213cf1c558a09f810b93dc908caaad9f360cd36,9481678,0xC2c2FeE420f1231a3E6A1a37096bb93E19778AB8,0xC2c2FeE420f1231a3E6A1a37096bb93E19778AB8,1.99e-06,0.001000009,confirmed
2025-10-24T17:56:42.075961,ethereum_tx,0x91378bc7697baf1cd84a4206e3d1becd0b879ce79638898ea4c36af8cce0cd19,9481678,0x8b89852cFCd2e324365b3e7AD1591d1dF1ECd8DC,0x08d2b0a37F869FF76BACB5Bab3278E26ab7067B7,6e-05,0.001000009,confirmed
2025-10-24T17:56:42.075961,ethereum_tx,0xc978beb8c88a7b510454e23cc0e5d53065f4b7cda795f334b8368cfb5190871d,9481678,0x8b89852cFCd2e324365b3e7AD1591d1dF1ECd8DC,0x08d2b0a37F869FF76BACB5Bab3278E26ab7067B7,6e-05,0.001000009,confirmed
2025-10-24T17:56:42.075961,ethereum_tx,0xca19dbbe7e2cdc94f1213ef7c432d56da82e261e0039c554d3c36e20c2efe4d5,9481678,0x8b89852cFCd2e324365b3e7AD1591d1dF1ECd8DC,0x08d2b0a37F869FF76BACB5Bab3278E26ab7067B7,6e-05,0.001000009,confirmed
2025-10-24T17:56:42.075961,ethereum_tx,0x8764941892a8b1a53589b1209a431c70c71c8317e011648c8a7110f0075cab04,9481678,0x4c33b96Dca2EEaB30b76881ccC189C5C0177B1F1,0xFBbB298bc0f164389dF7EE26b5946775622dAae4,2.11e-06,0.001000009,confirmed
2025-10-24T17:56:42.075961,ethereum_tx,0x6777ad6a0fc9d8483b247145a5f36bb3dac789ad0a92398e639b80f489d1945d,9481678,0xf5A870C13b6376fDf3A6Bf0127cf6BB377e180b6,0x853758425e953739F5438fd6fd0Efe04A477b039,1e-12,0.001000009,confirmed
2025-10-24T17:56:42.075961,ethereum_tx,0x45e4aa38088bf99996eabeecd83eef701b199c4e4114040488d64989337ed5bb,9481678,0xFda8452066a0b78dcF6c10Dcd988bF18cB19D3f5,0x9D762A539d1C08c6F81aa9E460486A53f7e40AD4,0.06,0.001000009,confirmed
2025-10-24T17:56:42.075961,ethereum_tx,0x149941195e5764059f5d05a3fc9fda72d4437eb63177f826ded01459fb438493,9481678,0xfFF256a355855557417ceef806fe6ddE534c9D15,0x0000000000000000000000000000000000000000,1e-05,0.001000009,confirmed
2025-10-24T17:56:42.075961,ethereum_tx,0x08dabccac6b541ad59094578d468bbe16bfaef49af314210819bcd7660e5fa5b,9481678,0x8C20837EB6e0cAE5EDFb8600B81c684102C0c92E,0x853758425e953739F5438fd6fd0Efe04A477b039,0.0001,0.001000009,confirmed
2025-10-24T17:56:42.075961,ethereum_tx,0x01a7ad240f86f85bb7706d5fbc462271756f5659f9bdafb12b0e19780cd2c71e,9481678,0xb947EDDe9c797D83f785F491af389316b2BBd9dd,0xaB3599E71EC894De2A30655345F61DFb910e19e3,0.03,0.001000009,confirmed
2025-10-24T17:56:42.075961,ethereum_tx,0x00a28eff51d4b7e5170d02620cf25c7b959a64c2960ea2071941d8084ec63baa,9481678,0xaF619b9C406797a30696F495CFF6175B8C9573Eb,0x15e195C27643557E8155e68C825fe55e1f1C7ddE,1e-05,0.001000009,confirmed
2025-10-24T17:56:42.075961,ethereum_tx,0x4d0a7b7a1db0daa64c989982b839dbaebe7fedf38b2b6b90a82cc4727cfeff39,9481678,0x13CB6AE34A13a0977F4d7101eBc24B87Bb23F0d5,0x9b7E335088762aD8061C04D08C37902ABC8ACb87,0.011080594421028643,9e-09,confirmed
2025-10-24T17:56:42.075961,ethereum_tx,0xfd226c4b87886c2bbf681e45cc9b156d8211d2d5f3a8dc7ce2ebe838ced5045a,9481679,0xccdFe4C496b14c9E2A12346E3a2F3C554A875098,0xA30C408322be35be361D00da2c6BD6D117Ce2E77,0.0,3.000000009,confirmed
2025-10-24T17:56:42.075961,ethereum_tx,0xef81a260428f0f3e103a2e072f4ced9cdf4036840d748dc511c800adb50bff62,9481679,0x17cFDEfD3244c292654f0D423734dADdbd3CDC68,0xAeD454fd6e7167eC1AF28e5C90351EA00a2d450d,0.0,1.500000009,confirmed
2025-10-24T17:56:42.075961,ethereum_tx,0x1c7d123b874549c2a529d84701639d44ac331d5c6f3a10387ec9f541615a8b8d,9481679,0x63eDD7de2C86e84aED94F4fdF11707812ec2eBdF,0xcA11bde05977b3631167028862bE2a173976CA11,0.0,3.000000009,confirmed
2025-10-24T17:56:42.075961,ethereum_tx,0x8734cdb456a295d9f79bc8f775279a20875b9f3dbcdfd12a9ed81b110fcedca0,9481679,0xAf6b508bF1f658fa9DF0FEB1E431b3334E1EC8fA,0x18bCB94F6334100A6f9b942D7E5DF214287238b0,0.0,3.000000009,confirmed
2025-10-24T17:56:42.075961,ethereum_tx,0x7cc90027c03ea48dab3ec8b2af3d2320072f10fdaf817175d70ad9e115c6c782,9481679,0x5070BFaD0BEbd52AE6970f4f8fdB0bb3D25c0c04,0x425b27a4D2F3025e40C371907B9d8ceb02E1f1Ce,0.0,1.000000009,confirmed
2025-10-24T17:56:42.075961,ethereum_tx,0x377a26cb06c9f53d479d22bbf51ac71857ee2bd81a34440f84074ea80c8a3eca,9481679,0xa7A272a1FF0122e4Be4Bf0Ad644f2F5343181cc8,0x59292409867c2cb86faC433fC06AD48307953e2A,0.0,1.000000009,confirmed
2025-10-24T17:56:42.075961,ethereum_tx,0xd55b9a7a60414cd41d9db979ece68ed43f9c2e98fb0af24e95c1a8f0a693c040,9481679,0x375EF3bFa28bA65c6D983de31A6cA30FDDD1e14b,0xc6255a594299F1776de376d0509aB5ab875A6E3E,0.0,1.500000009,confirmed
2025-10-24T17:56:42.075961,ethereum_tx,0x9a0e6c12383c15bd3c1ba698ccbb8ce2a039e0c719adb46c79050c6398910785,9481679,0x8f937B3BE78aE12702173698ed00a522bBBA0570,0x9720e766f000288BadB54EE0a2798f1F46656C59,0.0,1.5,confirmed
2025-10-24T17:56:42.075961,ethereum_tx,0x605a5f5e61cc874620a6dd347d30226281b51e2d8317b3a7ee4b9255bf047de7,9481679,0x42781F122B7FcE3d01EF49500AA6681e295394a1,0x1e5798BD101310d95c62bF13E52eff63403F5239,0.0,1.5,confirmed
2025-10-24T17:56:42.075961,ethereum_tx,0x3e7d9ca58bd4a5f16314fe5ae8ab2d0d4c25f992df0e2ef1cf4e425e6da3cf64,9481679,0x3C95c2633296B264d051498C4b2e982EbB526A53,0x3C95c2633296B264d051498C4b2e982EbB526A53,0.0,4.1,confirmed
2025-10-24T17:56:42.075961,ethereum_tx,0xcf807dfdb07ba553912671a20d75f31bd67bef62fa13619170a9df94c92197a6,9481679,0x568921948c5Cb18D7ffbD4b31422Ab22197880A4,0x297F9E629fEBCB455aaC2208d36BD85a6eD5fa87,0.0,1.000000009,confirmed
2025-10-24T17:56:42.075961,ethereum_tx,0xa22be5e543ccda3dffc630237cc2c477171fd9f9ba28933c925d65c3b15bbff5,9481679,0xF33827175e9414dfa1E4f0827F106359F6b52AB7,0xea86b43278159379686B220b0f858086e631cE1e,0.0,1.000000009,confirmed
2025-10-24T17:56:42.075961,ethereum_tx,0xd8c1c2d44d1503e349320230fbe748b94dea346c888d67c63d47d0009f9f1c4e,9481679,0x06Da314915a32792B5C2d0a9A8d0E06195aE1124,0xFA3B05F2A7B318b0A0c484c529cF4f707c6277ff,0.0,1.000000009,confirmed
2025-10-24T17:56:42.075961,ethereum_tx,0xbc0b5ced024a3ee9c35a5c1fe887323498ea1ce13bfbaa7a58599537bc85bc25,9481679,0xDB2D29CE5457BcB9C5BabFd478123F0125ca63F2,0x6c8c141Ba0e67Bd18bc87b2642eA88A51A0Fc75C,0.0,1.000000009,confirmed
2025-10-24T17:56:42.075961,ethereum_tx,0x5498e6ee89d7fbaeff0fb2e066dd3793d67b06c8815f6eaf3fa628f706ca2ddf,9481679,0x6D6a3b2Db28E266cDdF628f598eD58056c26E42b,0x1fB23daC036A3BF1E15Fb5F43DFD67C76e026e8E,0.0,1.000000009,confirmed
2025-10-24T17:56:42.075961,ethereum_tx,0x1acdea3fbebc14196b3c31e6c5801eed2956bc3851d0ec14574c6e0e1440aeee,9481679,0x155f043Fb533cAeB7E63CA878350c3a0962A2BFA,0xdcFb97cA0666809e9522f5a4FcF98e8b2D4686e7,0.0,1.000000009,confirmed
2025-10-24T17:56:42.075961,ethereum_tx,0xa9434405b31ae9e549a568f9b209b5533427d8e4f498e04bd700513021d816fb,9481679,0xFDe992231A330Ed7E47948C943f602025f370B10,0x57c5dC670eB6f571bDD8Fc1CF178c46c9A917A74,0.0,1.5,confirmed
2025-10-24T17:56:42.075961,ethereum_tx,0x0770455ea2fb22c322fc6d49592592423feeadd72ced307be90edb359dbfd6cf,9481679,0x46539Be5940C10bfF73De48278D2562202f35748,0x57c5dC670eB6f571bDD8Fc1CF178c46c9A917A74,0.0,1.5,confirmed
2025-10-24T17:56:42.075961,ethereum_tx,0xc7c397175e1216dbe0fdb723ddb6ed79fa584c2b919526339b30bf7c3962fa3c,9481679,0xC915fBB94D959EEbbdE2956e7f1DE2D6210A2147,0x956962C34687A954e611A83619ABaA37Ce6bC78A,0.0,1.500000009,confirmed
2025-10-24T17:56:42.075961,ethereum_tx,0x090a7701e802c1efe97f741c37c2a077812ca275bbe89c57514ce4445a49ccd8,9481679,0x4A37261FF7e1DF2c71ac29B2b2E9E53A4ce39619,0xc497E485C414dB594F0030fa6C32365578C7E99E,0.001,1.500000009,confirmed
2025-10-24T17:56:42.075961,ethereum_tx,0x97fe1577d408045d40d85921d0e78872c104077cc8aeb38ae905766db76db422,9481679,0xc995CB934667733e0fBDBEaD76a4CD01B66dA721,0x5cFA7ffA14d6dd40551832b9D4c2eCff3db7d3fB,0.0,1.500000009,confirmed
2025-10-24T17:56:42.075961,ethereum_tx,0x4d2e38cf10310ef34f9192993a7087727649dc81cfb19d7b75b1035384851b1f,9481679,0x6A29cc2F73789E2EC36631af9Ba0a86fDe88d96B,0x465C15e9e2F3837472B0B204e955c5205270CA9E,0.0,1.500000009,confirmed
2025-10-24T17:56:42.075961,ethereum_tx,0x560ce8726cf214a071b97929419cf5e781ba14f18d7923c4805bbc23634443bf,9481679,0x71858Ef34B2988AE95F0031Db29A0b3b6045aD88,0x17D8fd62e460F3C93e2c30d4886D02049f363525,0.0,1.000000009,confirmed
2025-10-24T17:56:42.075961,ethereum_tx,0xfb2813dba8c12bb4f05b1ec0062d306c43a820d69c1f58fe08dbd7ccfa05e9af,9481679,0x9A3ff835AD7F3fBC63d7D61D35a5092532B42002,0x2A4496bbC344414e3bDbE6a8E7c40EF007DAeEd1,0.0,1.5,confirmed
2025-10-24T17:56:42.075961,ethereum_tx,0xf45c3612b70e92b581c05da6670a242d0829dd6e24f021b1a145190ce6535c3c,9481679,0x266aEAA6d43994B657e91A1C70E55C5E1da4D196,0x2A4496bbC344414e3bDbE6a8E7c40EF007DAeEd1,0.0,1.5,confirmed
2025-10-24T17:56:42.075961,ethereum_tx,0xc91e29b408b3a8eaef9029ae16e660cb57fb6a645e89c0b6f45065a773e579c6,9481679,0xFA534ba617AD3e65bDFB2a5c8BD0e343598D0cf4,0x2A4496bbC344414e3bDbE6a8E7c40EF007DAeEd1,0.0,1.5,confirmed
2025-10-24T17:56:42.075961,ethereum_tx,0x979269c652dd6beae944eeef1f6ff08a1aa38909906bf237f4bc1905e8de28c8,9481679,0xcc820Db61cAc455AB7769315b5b911871321C18C,0x2A4496bbC344414e3bDbE6a8E7c40EF007DAeEd1,0.0,1.5,confirmed
2025-10-24T17:56:42.075961,ethereum_tx,0x7b1663336569d8b12c4798e65f0c1c25d50c3010b0aa01393d3402c03a7dc865,9481679,0xCC7828094223D47EA31bfae48d4b05FA7c25957F,0x2A4496bbC344414e3bDbE6a8E7c40EF007DAeEd1,0.0,1.5,confirmed
2025-10-24T17:56:42.075961,ethereum_tx,0x5ae0a353b62b0f8f6817785aae135c95768beb4641258c7aa2905e12c7fa3612,9481679,0x7b0D3F61C1C4343D2Ea2e9aeC13cB4a7f04E0A5e,0x2A4496bbC344414e3bDbE6a8E7c40EF007DAeEd1,0.0,1.5,confirmed
2025-10-24T17:56:42.075961,ethereum_tx,0xd3034e48f07df624e09b606dd233244242fc7ea8380d465947f39e77a363610e,9481679,0x4C86bB55922f904CbFbC99BB9EE08fbfA99355D9,0x2A4496bbC344414e3bDbE6a8E7c40EF007DAeEd1,0.0,1.5,confirmed
2025-10-24T17:56:42.075961,ethereum_tx,0xc0f15558eb1055044537ba892a6ea081498875dcf8a6c70efafe6fe002d3a55a,9481679,0xB24d00E645454b0Bf190E96416937A428c8A9770,0x2A4496bbC344414e3bDbE6a8E7c40EF007DAeEd1,0.0,1.5,confirmed
2025-10-24T17:56:42.075961,ethereum_tx,0xeedb72797c0c58425dd04fccd2cf8df0c7444f7b2fe3c729c8f5f3dd23cdea44,9481679,0x22d72dB063dd9cE6b96bDE48331E6984c1570F38,0x1E59A308BAFAd671F63BA5d440489f0a84bF0F7C,0.0,1.000000009,confirmed
2025-10-24T17:56:42.075961,ethereum_tx,0x09996c1795eace8ef5a1100de3c4afc535597c57762192e1c5f75c8e35ebc01c,9481679,0x6Cc9397c3B38739daCbfaA68EaD5F5D77Ba5F455,0xBB07C0d3e94ea5866b9458336A026508B498AE58,2.5,2.000000009,confirmed
2025-10-24T17:56:42.075961,ethereum_tx,0x70778bee3e788b77b0d3269b428f3080c0507b1cf9b47a9146318b2be44a4e2f,9481679,0x6Cc9397c3B38739daCbfaA68EaD5F5D77Ba5F455,0xd3606dD2E639f2F0E2144f5B0EA8F07d3824C6aE,0.0621802,2.000000009,confirmed
2025-10-24T17:56:42.075961,ethereum_tx,0xc98815a71c76ae63c56b0067222b409964dbca7a32279119a358b47242e3efa5,9481679,0xe7F38E2D57a0eA80240B5E65A69AF66812CbCd0C,0x7b32137017afADEE25914a00e8eca234277d91EF,0.01,2.0,confirmed
2025-10-24T17:56:42.075961,ethereum_tx,0xcb3401d674e29c95312623942747bce76e172a85a8c888d91ccb0a604f2c2a3d,9481679,0x51db1d62C31c5949a58b36dF32d72f1b2A89DeD3,0x9983601325CeB04f10862563545034ca8A034821,0.0,1.000000009,confirmed
2025-10-24T17:56:42.075961,ethereum_tx,0xcedd3a6d22de1448a934fcd2bb8d091240f85e1357ad44e6336e21281ceca6d5,9481679,0x79798a9667C3a15BefB6928B4b305132127E98cF,0xBC04d69Ecd7890699b2BE7924eA86474e15098E6,0.599968499999769,1.500000009,confirmed
2025-10-24T17:56:42.075961,ethereum_tx,0xf3ca2092fc760859350bd78c3b3ca610961d814b77168f6b3920ee693e50aff1,9481679,0x319c2e7aB76028ce0FC1d129f528cEd2a670f6A5,0xFE036D5510E1bfe0E503080691B15e9F8A41101c,1e-05,1.5,confirmed
2025-10-24T17:56:42.075961,ethereum_tx,0xa0e46fc57dc33c843655caf2dc1acbb5172a89cdedf7cb7dfeb12337120b81e9,9481679,0xF0FEd0C0192539a1076d8BDa1233f414704d98Be,0x00D22efF04CF7d0f5A355A6D9A06E43120398dA6,0.0,1.000000009,confirmed
2025-10-24T17:56:42.075961,ethereum_tx,0x0afc972e937e3f9fdc6be7f960e73857fea24a5c9dc2a392a2ff39e2cb75625e,9481679,0xB5Ed3CfEcB5524dEEb19540a9c94f494C37cE65a,0x8a2d7B098488cB0fDf68A5Bf796743De6dE5F8c9,0.0,1.0,confirmed
2025-10-24T17:56:42.075961,ethereum_tx,0xbefc346d444ed85be5384f55690ed871a86c1b0f725d8a77b8781e422c162c7c,9481679,0x2FdB93b96A5ECaEE0ca930E0DF345fD248f7A797,0xfD3B55f8307A7c8BE6Aec2a4bEaAC1928Ed46BB2,0.0,1.000000009,confirmed
2025-10-24T17:56:42.075961,ethereum_tx,0xfc93116bad7c6e861e4af10ef0086137f95b42093fc1834c8f2d86a4383b7121,9481679,0x2D2059ba39F02E2eF871829dAD0F60a9De1071af,0x5FF137D4b0FDCD49DcA30c7CF57E578a026d2789,0.0,0.100000009,confirmed
2025-10-24T17:56:42.075961,ethereum_tx,0x315eb87ff6de8e7c31c3842b5331a0e2ef0a771766be253a0cda5cfe3c524e0f,9481679,0x1036a290Dd1429564FA3A7E430d65087CDFBfe95,0xB88Ca91Fef0874828e5ea830402e9089aaE0bB7F,0.0,1.000000009,confirmed
2025-10-24T17:56:42.075961,ethereum_tx,0xa6852ba7c99aa9799f6f0b448b1e1217dad49f32cc5be0d6f3b0a23c4a281191,9481679,0x8EDf9B54e1c693b7B0caEa85E6a005C35e229124,0x006737CC6980a7786a477cE46B491845509b19dC,0.0,1.000000009,confirmed
2025-10-24T17:56:42.075961,ethereum_tx,0xa043053cd965aaa2f058cba1f808528ac8bf5d73c7c5a08aa006fec970ee1bc7,9481679,0x0204523dCC4436bb7d02962b5387981035F39120,0x914418c795Bbc3dABB5Ed665c79eE270F345BCdd,0.0,1.000000009,confirmed
2025-10-24T17:56:42.075961,ethereum_tx,0x413c8087e0bff72839017a5c2f62e31fc5b2796bb20d5152c2f1181375152002,9481679,0x4A4AFB35557608A7470C9da71F387e9933A1Cb4e,0xeC3EE228c6287a52CEd04B4521e61C3DBA106648,0.0,1.000000009,confirmed
2025-10-24T17:56:42.075961,ethereum_tx,0xf34bc9468c9584ea79473cf26b234f962333ca0f5088488768611593155aa774,9481679,0xe5c1Da25FB12eb6F4f6356fCE49d301827826C54,0xf993E10C83Fe26DddFc6cb5E82444C44201e8a9C,1e-06,0.020000009,confirmed
2025-10-24T17:56:42.075961,ethereum_tx,0xba6ff7d16e12fce2d6adce703cd52db2ba891e1e8ee31c738ffc6c32ae33e272,9481679,0x33d05b80d8a1CC39096b166434038892C9C6147A,0xf993E10C83Fe26DddFc6cb5E82444C44201e8a9C,1e-06,0.020000009,confirmed
2025-10-24T17:56:42.075961,ethereum_tx,0x8493cb26b5f9b06eced837702b14bd6bf703315c33a162cb56c7f7ab13d2588e,9481679,0xb7D19727355EfE8Bc21db2eF1cbA7a6Ccfbce0B2,0xf993E10C83Fe26DddFc6cb5E82444C44201e8a9C,1e-06,0.020000009,confirmed
2025-10-24T17:56:42.075961,ethereum_tx,0x03d3ff84cdaccb4a43bc10dfe5e8fdcbc262bccb5fa2b3abfbcbd7c70b766396,9481679,0xCaed1EaD8F1281EA4A23fc736244171C7dcd74DF,0xf993E10C83Fe26DddFc6cb5E82444C44201e8a9C,1e-06,0.020000009,confirmed
2025-10-24T17:56:42.075961,ethereum_tx,0xb1017e60ed480b8c888b84137f5b06d6fb7bbcbe360b46195cf74583bbebd012,9481679,0xC088Db0D32639182D4a3C13FcC34B51e0F052578,0x5A25d1DD33e51A9F555FA5BcFe88AF075214b8d2,0.0,0.001200011,confirmed
2025-10-24T17:56:42.075961,ethereum_tx,0xd81864193cf27eb79df5165d627603e23f0afe58ee8e4278061ab8941b37e62d,9481679,0x227fAC697F70c0824f1489407d991fa6aD7A5630,0x35A54c8C757806eB6820629bc82d90E056394C92,0.010156319160085,0.001300009,confirmed
2025-10-24T17:56:42.075961,ethereum_tx,0xc2cba808d5a6efc18fba89672802424adfebe2c245ed864fa70cf8491fba1c56,9481679,0xDA29BB71669f46F2a779b4b62f03644A84eE3479,0xb094Ba769b4976Dc37fC689A76675f31bc4923b0,0.0,0.001000009,confirmed
2025-10-24T17:56:42.075961,ethereum_tx,0x1902a1a9f8cc16781fb8b5cec3d6066ecb93013ef0970a4b8ce6cb66354a88f8,9481679,0x5d72984B2e1170EAA0DA4BC22B25C87729C5EBB3,0xd4116f515A6958da851080B390DDE4B81f408978,0.0,0.00100001,confirmed
2025-10-24T17:56:42.075961,ethereum_tx,0x75ab874cf8f21f28365b981b842147df83aba137fe45b25feb1a34a0fe066444,9481679,0xdcC8dB3296eA8bAF6a7Ae681f4a47CDfEB1A61bD,0x329630163D90404ae55D11BE8Cc76B0479555282,0.0,0.001,confirmed
2025-10-24T17:56:42.075961,ethereum_tx,0xf7c95f4dfb3a091e6f5d870f0b98117c04738f17ee0e07f480ea3eec388c0548,9481679,0x73B027b34b607B2e78234C69F76E9b690a30e820,0x2D8989766DA8c3058f00510EC1a5B281BA192D2a,0.0,0.001000009,confirmed
2025-10-24T17:56:42.075961,ethereum_tx,0x5facf44c74f3b3e3d2992dca39e2146a74088287d099883121977fcf1eb90940,9481679,0x8C8c36920230004802131C9acbE47C671f75c197,0x40B5B59160Abe11B1dfE91593b8966Bc0Df966c7,0.0,0.001000009,confirmed
2025-10-24T17:56:42.075961,ethereum_tx,0xfa4bba60fdcf5637e14b33f0c8d742ee80964e91a785e6907790424d44aba532,9481679,0xd764694784476B391A80fF30f79834B5195de923,0x87A3effB84CBE1E4caB6Ab430139eC41d156D55A,0.0,0.001000009,confirmed
2025-10-24T17:56:42.075961,ethereum_tx,0x15e7fb676f368e9b0781c2869a540c14bc08ad56cee43fa5e4ff6c20d3e5eba4,9481679,0xCf44a5Dc203cDaF539Ea04e1FF97224cc9a9cB84,0xc6255a594299F1776de376d0509aB5ab875A6E3E,0.0,0.001000009,confirmed
2025-10-24T17:56:42.075961,ethereum_tx,0x4ac66cdc1687db5f2f9f4e359dce3184adc9092cceeccb5c524e055cfc5dd7fa,9481679,0x7e922677B1824d6E65e1Be413eFcDa33718DB23c,0x86EFBD0b6736Bed994962f9797049422A3A8E8Ad,0.0,0.001107571,confirmed
2025-10-24T17:56:42.075961,ethereum_tx,0x1b01c77bd6625faaee85012de20649c534d41704633f6499abfe6960652503f5,9481679,0xb3a1956Cff1ecc8054B81b0C83b9847CB71384b8,0xCf8EDB3333Fae73b23f689229F4De6Ac95d1f707,0.0,0.001038897,confirmed
2025-10-24T17:56:42.075961,ethereum_tx,0x665e1f7503aaabb05c73b43095af13f0adb23e8327517f4c204add45d0e61e0f,9481679,0x1Ad2daBc8D944290Bc925A9DCe0cE52849b603fA,0x5b1BCE8b92D4838AbF03E0EC2b4773daEE244082,0.0,0.001000009,confirmed
2025-10-24T17:56:42.075961,ethereum_tx,0x0d21778a82d3d406fb8b5f81f1222ffa12696b2a0cc9fa1ec25b0aac38838e4c,9481679,0x61d8838f9A00250C9AF13D622DA7c08c372ee587,0xCf8EDB3333Fae73b23f689229F4De6Ac95d1f707,0.0,0.001061914,confirmed
2025-10-24T17:56:42.075961,ethereum_tx,0x6c24f19a067c42f53f988ae0e58945eed281d093e2b2d76a9e5a2f442e47e591,9481679,0x4BA56bDa2009816e260921970041d6Eb005D7272,0xC764A997C86dC22B50Eb637626e3f46bfd82534A,0.0,0.001500014,confirmed
2025-10-24T17:56:42.075961,ethereum_tx,0x9ce9be2fcb022edf9a7368af30747c3ba599d3474f879f306c03c790b8eb0112,9481679,0xcB499cf9d71FBD345e9BF8A37434e5C92d290Efc,0xb3975b4294ed871013d2B47ADe5da9015Df5C54a,0.0,0.001000009,confirmed
2025-10-24T17:56:42.075961,ethereum_tx,0xa217d9b25023ae0ea8c16d78edc7777a211b552eb6214bc03841b72556bc79f4,9481679,0x8c722966408b50D71410ea47e3E456320aA85595,0x956962C34687A954e611A83619ABaA37Ce6bC78A,2.5929505784589e-05,0.001500013,confirmed
2025-10-24T17:56:42.075961,ethereum_tx,0x5d2c53daaf6e6c5565291d73bd06d56ff3cea572aa71bf35d70f3e9783e20b38,9481679,0xCaE5bEa7ac2f3A4C8Fc8B4B4152269Eb0c28bC43,0x956962C34687A954e611A83619ABaA37Ce6bC78A,2.824519911587e-06,0.001500013,confirmed
2025-10-24T17:56:42.075961,ethereum_tx,0xb2a18ded4772ebfff839715855e4c9fc18b77f0c1b834645bde3bf10a93a5a32,9481679,0x099BA97a37FA019c064a2517026e3c2Ea8DB9964,0xF6e7F84d9cee738ec59c08B7a7260152C236813a,0.0,0.001000009,confirmed
2025-10-24T17:56:42.075961,ethereum_tx,0xdeb1e2cfde1dc256c84c45e7ab9e50528e12faa539695c89958dfe89cfc8bc12,9481679,0x3Da763C42E438eB17880fB6A83040d6cf13eF03b,0xFf00000000000000000000000000000000042069,0.0,0.001000009,confirmed
2025-10-24T17:56:42.075961,ethereum_tx,0xe6e6a47d583f2ccc621c54f64ffbf905238be27832783c2cbd95f2c0d52deec8,9481679,0x832F3678Af28d4A6e1026b9Da19638b17A47dC92,0x956962C34687A954e611A83619ABaA37Ce6bC78A,0.0002619861,0.001,confirmed
2025-10-24T17:56:42.075961,ethereum_tx,0xa63f7c8e894539fae4c6bf533ffcf647fe9c341858c530388174d081ceb32fab,9481679,0xe89287c43B78c6F34C482768Bd99B9B693491403,0x956962C34687A954e611A83619ABaA37Ce6bC78A,0.01,0.001,confirmed
2025-10-24T17:56:42.075961,ethereum_tx,0x8066152c31042988f0112e59acf9f3f0550e62adc2309aa7675c01a0b3cf1d1f,9481679,0x442c38b1e7a544aC3d632D0d664a953c5a064471,0x956962C34687A954e611A83619ABaA37Ce6bC78A,0.0001,0.001,confirmed
2025-10-24T17:56:42.075961,ethereum_tx,0x61966ad459ca49e34cad0de1e7f697243882b40faffaf1007395563fb3678114,9481679,0xafdcCe1Cad7a083860D73f2d62C2090292DBA171,0x956962C34687A954e611A83619ABaA37Ce6bC78A,1e-05,0.001,confirmed
2025-10-24T17:56:42.075961,ethereum_tx,0x50219de0d8dc2b85368610a0d8381668c3fd4f7f38e37899cc107b119fea7444,9481679,0x0835a809F7353D260FFeacC68AD31B60F006849d,0x956962C34687A954e611A83619ABaA37Ce6bC78A,0.00012,0.001,confirmed
2025-10-24T17:56:42.075961,ethereum_tx,0x1dc05fab48a8e2b814f0387c263eeaf34c5dc96bec26e7f6167460451a54557c,9481679,0xCb348B787b08De332854d89EF8847C2b46494aD6,0x956962C34687A954e611A83619ABaA37Ce6bC78A,3e-06,0.001,confirmed
2025-10-24T17:56:42.075961,ethereum_tx,0x10b8acb78a53d9aab0dd23b085902d650cc2b88aacab60ba674d315f2633bf8a,9481679,0x0B61fd795242cAED2FEd5DB1c83E8F46D390aFD5,0x956962C34687A954e611A83619ABaA37Ce6bC78A,0.0001,0.001,confirmed
2025-10-24T17:56:42.075961,ethereum_tx,0xc48e72177c144b2e5e6a8ca6dad73611a7e4fcaa1836cbe055c1f9f57e16d27a,9481679,0x572e2B3140ea2a46F48E3ffe72e418C0883cE2C3,0x956962C34687A954e611A83619ABaA37Ce6bC78A,1e-07,0.001,confirmed
2025-10-24T17:56:42.075961,ethereum_tx,0xaf4f9ca1a7590556ab97f66103f27ff0e318b89890e5978acbeed9d2a8f325d1,9481679,0xF7067502F610fBcFA7158416af7550c0Bb24C020,0x956962C34687A954e611A83619ABaA37Ce6bC78A,1e-07,0.001,confirmed
2025-10-24T17:56:42.075961,ethereum_tx,0x7ffe5badcf98e70334359159fcb036a4e912cdf22dfbbdac40e1a0809a02d438,9481679,0xfc13E0c11CB8A42241cAA10822a5f6Ff9dA716Ae,0x956962C34687A954e611A83619ABaA37Ce6bC78A,1e-06,0.001,confirmed
2025-10-24T17:56:42.075961,ethereum_tx,0x5aac7def6a00f1319f77d70170f00683e0b2d0d2b6737567098d6a7accc31f29,9481679,0x1414942f6c103fAFd0Dea7aFeCA927255D902464,0x956962C34687A954e611A83619ABaA37Ce6bC78A,1e-06,0.001,confirmed
2025-10-24T17:56:42.075961,ethereum_tx,0x58a89a416b5dc3fc0d1f0d88abf52ce85e5f499d3182abb9e78fb84e35d40bb1,9481679,0xF8AB8193475Ee88eAA793F9974F913339a07b6c2,0x956962C34687A954e611A83619ABaA37Ce6bC78A,1e-07,0.001,confirmed
2025-10-24T17:56:42.075961,ethereum_tx,0x42f870ac6625058fd34a5cbc40b13e37f26807137358770991a977a16c8ecc55,9481679,0x61Da2fC6F36248fb687D9305564485F594A5b1C0,0x956962C34687A954e611A83619ABaA37Ce6bC78A,1e-07,0.001,confirmed
2025-10-24T17:56:42.075961,ethereum_tx,0x31509e80ab33fd949afdfe0d91a7c154088284e49fbfe945ba8d4b0570538ca2,9481679,0x0AD85BaEC70B5A9446b23AF5C1D83B9bbbCB03d4,0x956962C34687A954e611A83619ABaA37Ce6bC78A,1e-06,0.001,confirmed
2025-10-24T17:56:42.075961,ethereum_tx,0x9dbc1a36e0c7f69d3a4030961a5257f3e38bb3565b4b1b641bf7e5dcc374ec90,9481679,0xA8aEc473BbCF00A18DCEA89b491C53599566CD6C,0x956962C34687A954e611A83619ABaA37Ce6bC78A,1e-06,0.001,confirmed
2025-10-24T17:56:42.075961,ethereum_tx,0x9870f9ed80a031547a42a2bdd828866b4b620153527e70e4cd9bd6a7e75008e5,9481679,0x762fcb5a7DA58481c0ac88C7579ef1fC5527C11D,0x1552573d9cEa305c82F998C120e19c2aF8BFfF56,0.0,0.001100009,confirmed
2025-10-24T17:56:42.075961,ethereum_tx,0x17909916273355a60cfbbad7f73a98cda425e16c3e470bfa558d535eebfabc70,9481679,0x6eC607e69Bb23EAB45F0910906dB08B094593F44,0x7015D19606bcc6154dFD02e32e36e6013cb77d07,0.0,0.001000009,confirmed
2025-10-24T17:56:42.075961,ethereum_tx,0xb0ac4dc225334fa4bba2a47ae236c27c21328ab0a6b9fd925042e0c1e4a370be,9481679,0xE4765a5D7335DAd51b3058d0b8eDeE540D149a21,0x83458E8Bf8206131Fe5c05127007FA164c0948A2,1e-18,0.001200009,confirmed
2025-10-24T17:56:42.075961,ethereum_tx,0x075c601aee4f02218e24f20c3944e98a4f4892312158078ed88f0e214e5a73bf,9481679,0xE0adA9cA4dF10428E9dF9b2A0F3eEdAf2142430B,0xbDeaD2A70Fe794D2f97b37EFDE497e68974a296d,0.0,0.001000009,confirmed
2025-10-24T17:56:42.075961,ethereum_tx,0xf360bbd469fb7d565ae35afd9e39b5fe121a4e17a5db3fd8198b160d6284de49,9481679,0x723B434b965E5bc0bE97385AAF4E32DE2cE31a09,0x03C66CB1826BDB0395BF31E68Bf7E873e9564fFB,0.0,0.001000009,confirmed
2025-10-24T17:56:42.075961,ethereum_tx,0xcd88d41db6d8d192bca3c8d4bf8218b729b8febbeb00d5fcc72f80dbf0c4c732,9481679,0xDC93f91579a9424EF98d96505731efCa1447F98e,0x03C66CB1826BDB0395BF31E68Bf7E873e9564fFB,0.0,0.001000009,confirmed
2025-10-24T17:56:42.075961,ethereum_tx,0x3d27c3be2a182896c6d798d38f79f27b9244cb8a1cbcf10c0e7fbb3bfb412c6d,9481679,0x4087e059564770BE79656d48ab6DA9eea70b0b1e,0x03C66CB1826BDB0395BF31E68Bf7E873e9564fFB,0.0,0.001000009,confirmed
2025-10-24T17:56:42.075961,ethereum_tx,0x2d5583072ead369d46dfc42a71f06e7dc6bc908f059c90324983efae7043b294,9481679,0x3983d0e359687D3F390199d47B9F0Aa058916042,0x03C66CB1826BDB0395BF31E68Bf7E873e9564fFB,0.0,0.001000009,confirmed
2025-10-24T17:56:42.075961,ethereum_tx,0x263005ff644cd989c7d488f942900b5aad7a72add30cc7c843ad92495fda580e,9481679,0x019bB933300ea2F014d1780Df8d2e7F24e746b28,0x03C66CB1826BDB0395BF31E68Bf7E873e9564fFB,0.0,0.001000009,confirmed
2025-10-24T17:56:42.075961,ethereum_tx,0x1b34a222eef20edb2f02683f9e9004789db5c4278a9f633f76860e06784fd7cd,9481679,0x5C98562360ECDCC3cD69155Ecd8f1129F6d13742,0x03C66CB1826BDB0395BF31E68Bf7E873e9564fFB,0.0,0.001000009,confirmed
2025-10-24T17:56:42.075961,ethereum_tx,0xe6c7f59cde93251fe9ab8d190eaf196d3adcbfa977c991bbf9219c4ac1ae9525,9481679,0x112c7722C9A6AE8E407325C43DBdAF385153cD0E,0x12919da72bE9427DCD3AFA4Eb19CAD818f816df8,1e-05,0.001000009,confirmed
2025-10-24T17:56:42.075961,ethereum_tx,0xfcedd9f57568a91adc57d2539ef4c5cb8c42337d31395e3876d051440a0c0b19,9481679,0x32FafD34a522107b67DEe1Ef0755d1C13951129a,0x853758425e953739F5438fd6fd0Efe04A477b039,0.0001,0.001000009,confirmed
2025-10-24T17:56:42.075961,ethereum_tx,0xf9e3fd50a941cc0f9a5cffae5984609adfc584ff005fc5475bf6e79fdbe2d762,9481679,0xC2c2FeE420f1231a3E6A1a37096bb93E19778AB8,0x295cE4D6432564A78A2904794dE012322c6ae727,1.27e-06,0.001000009,confirmed
2025-10-24T17:56:42.075961,ethereum_tx,0xbc67a33381707bd19d9e645e71e53d01f6f764b381fdd47bd000816fbd2f8c46,9481679,0xE5640C04d6A658908D257B2135a0Ac23eb79D63a,0x0000000000000000000000000000000000000000,1e-05,0.001000009,confirmed
2025-10-24T17:56:42.075961,ethereum_tx,0xbb598ffefc5528898394d8dc75d144c4959fdf7a153429adae599a798f18fb0c,9481679,0xE21aDCe4bba62b94242aC7b510C1b2FABBD9c3C4,0x853758425e953739F5438fd6fd0Efe04A477b039,0.0001,0.001000009,confirmed
2025-10-24T17:56:42.075961,ethereum_tx,0x7f225e71c8a881aed44bb993ed16c0d7d2eb7ed82ab358e6f4a9932d84b8af89,9481679,0x04fF039849da6f1854aFd626507c5Aa21D773aC1,0x853758425e953739F5438fd6fd0Efe04A477b039,0.0001,0.001000009,confirmed
2025-10-24T17:56:42.075961,ethereum_tx,0x529f63a5f2880fff56c3b26a15c80281c5520f0ca8b4774a6d4ccd3b9a6b592e,9481679,0x8b89852cFCd2e324365b3e7AD1591d1dF1ECd8DC,0x08d2b0a37F869FF76BACB5Bab3278E26ab7067B7,6e-05,0.001000009,confirmed
2025-10-24T17:56:42.075961,ethereum_tx,0x4e9cf1aa65eddcd89de86353b28ee5ffb8bdf79aad80ad58d7d8dfdf4aa02ce2,9481679,0xaF619b9C406797a30696F495CFF6175B8C9573Eb,0x15e195C27643557E8155e68C825fe55e1f1C7ddE,1e-05,0.001000009,confirmed
2025-10-24T17:56:42.075961,ethereum_tx,0x358d62b75453766b82651b869696572b0103e57b90614cb1baab8accb467a47d,9481679,0x2a55c0FC41bE09faAAB94700d9e8b7b1A21885f6,0x853758425e953739F5438fd6fd0Efe04A477b039,0.0001,0.001000009,confirmed
2025-10-24T17:56:42.075961,ethereum_tx,0x29d9da9a4e58221707a556d8490828dd44f96d34c5ac96df20ea2d4d23093b9c,9481679,0x0c06384B9D5Eb60E97B100d0116a7eCf62915957,0x08d2b0a37F869FF76BACB5Bab3278E26ab7067B7,6.48e-05,0.001000009,confirmed
2025-10-24T17:56:42.075961,ethereum_tx,0x2335e4b90d4e553bb793ca8e5a8474c96d6a1b5404a0037971b6bcc15da30812,9481679,0x3b1B0aB54C7487aFB204132BB73c9333D647C263,0x79B29b971b529992dE6f65579614A383DA00F8D0,1.13e-06,0.001000009,confirmed
2025-10-24T17:56:42.075961,ethereum_tx,0x1ee341cdf013bdae8e30a502bb5b7c6fe4b3515420f2380612aa2cea5343b0ed,9481679,0x8b89852cFCd2e324365b3e7AD1591d1dF1ECd8DC,0x08d2b0a37F869FF76BACB5Bab3278E26ab7067B7,6e-05,0.001000009,confirmed
2025-10-24T17:56:42.075961,ethereum_tx,0x69cffefa192dd3508214ff06164cc6026d235befd384745b3baa3ebc95d3e6ba,9481679,0x8b89852cFCd2e324365b3e7AD1591d1dF1ECd8DC,0x08d2b0a37F869FF76BACB5Bab3278E26ab7067B7,6e-05,0.001000009,confirmed
2025-10-24T17:56:42.075961,ethereum_tx,0x67acb0646b0a2b55cafa42f836da47b0d860f82e7727d8878234d76f1681724a,9481679,0x8b89852cFCd2e324365b3e7AD1591d1dF1ECd8DC,0x08d2b0a37F869FF76BACB5Bab3278E26ab7067B7,6e-05,0.001000009,confirmed
2025-10-24T17:56:42.075961,ethereum_tx,0xd4817b9062c25a354f6e9af8df2ac23543f26be5f3c7fa53fe7465604e30b58b,9481679,0x8b89852cFCd2e324365b3e7AD1591d1dF1ECd8DC,0x08d2b0a37F869FF76BACB5Bab3278E26ab7067B7,6e-05,0.001000009,confirmed
2025-10-24T17:56:42.075961,ethereum_tx,0x1d93ade817f58a7791cdd55d639d89bea88c2c6e309e3ccfcdbcea6bb16ec6af,9481679,0x36760519827d082E2bA5aaCF7fe2EB3272978F13,0x08d2b0a37F869FF76BACB5Bab3278E26ab7067B7,4e-05,0.001000009,confirmed
2025-10-24T17:56:42.075961,ethereum_tx,0x9daecfd0823e87d74d59125723f61a4d03d3a9d33fccfafd794844f0328300fd,9481679,0x13CB6AE34A13a0977F4d7101eBc24B87Bb23F0d5,0x0c06B6D4EC451987e8C0B772ffcf7F080c46447A,0.01757261195510021,9e-09,confirmed
2025-10-24T17:56:42.075961,ethereum_tx,0x51b6bcd817de097bd8b415a5c5cea0a2102742b12cea27d6a57fdef00f4b25ca,9481680,0x671dea470d173E3a3fAB9a463a9D85C9032dA5e5,0x27Da8735d8d1402cEc072C234759fbbB4dABBC4A,0.0,58.000000009,confirmed
2025-10-24T17:56:42.075961,ethereum_tx,0xabc2aaed7ea3830dc785d20589cb417cd06c0348b1666ca4aaa037e397771ceb,9481680,0xAf6b508bF1f658fa9DF0FEB1E431b3334E1EC8fA,0x18bCB94F6334100A6f9b942D7E5DF214287238b0,0.0,6.000000009,confirmed
2025-10-24T17:56:42.075961,ethereum_tx,0x1c37e7076a0e99962d3352c501534b9fa2d720129fffc1498fc6b2147116fcb1,9481680,0x897D3Ef7cB47D672d3fB5Bca237AF1B8c0D607c3,0xcA11bde05977b3631167028862bE2a173976CA11,0.0,3.000000009,confirmed
2025-10-24T17:56:42.075961,ethereum_tx,0x7bc9128446483e68cae98476fc990d54150bf2c89038f7f8ed2d1f1efdc45ff5,9481680,0xD844ba11F64d23a7481E24474D2f184e350B9B3d,0x1c7D4B196Cb0C7B01d743Fbc6116a902379C7238,0.0,2.000000009,confirmed
2025-10-24T17:56:42.075961,ethereum_tx,0x94b8645552b0d39347a4029df27963d9d6ff10effc0b8d31e718f8b710cc67dc,9481680,0x6Cc9397c3B38739daCbfaA68EaD5F5D77Ba5F455,0x787A72F585c447dfA9Ae60560b6Ac632d3b311cb,2.5,2.000000009,confirmed
2025-10-24T17:56:42.075961,ethereum_tx,0x5bd90e406f0f62c859634ace903a441d18b45a02cb2a5b6ace8de8342097e6be,9481680,0xe7F38E2D57a0eA80240B5E65A69AF66812CbCd0C,0x71d11eAF9608c403D2Fcf9Dc9Cde5FAf8a7d0AA7,0.01,2.0,confirmed
2025-10-24T17:56:42.075961,ethereum_tx,0x8b4807f1ff94c459366847c3921586b8bf7cd61a7c6ef527b55603128bf8e4ba,9481680,0x9474452B286DDF11F966eD10b601d51012e1B5F3,0x9474452B286DDF11F966eD10b601d51012e1B5F3,0.0,1.650000009,confirmed
2025-10-24T17:56:42.075961,ethereum_tx,0x8aa92ea9294c4e84e0b83db03a544b83fd3047b0f73483cbe63c5d37895a5438,9481680,0xFd6740F7e9aBE6d6936A079b2883Da3564553842,0x956962C34687A954e611A83619ABaA37Ce6bC78A,0.001,1.500000009,confirmed
2025-10-24T17:56:42.075961,ethereum_tx,0xa5db99d1e16e68bdaa086246d83e40b1bf8d6c66f57e4201f02eff7e4a250d97,9481680,0x5D8e07909b334fd920efeBc0cfFE44f4F3d54205,0x85ba72E242f899EA77fc4c0AfFec609422937Ec8,0.0,1.500000009,confirmed
2025-10-24T17:56:42.075961,ethereum_tx,0xaac311e1adb65314e4e2dec046f75da5f4256d26e20681a1c8b78688f5e042a3,9481680,0x7a507865d52cE740cdca98cDd18f987355415F92,0x87A3effB84CBE1E4caB6Ab430139eC41d156D55A,1.72e-05,1.500000009,confirmed
2025-10-24T17:56:42.075961,ethereum_tx,0xd5cae02284ccb7f6b2b6ee0d083be929cf86e2267401423d82d30705eaafc0f7,9481680,0xC915fBB94D959EEbbdE2956e7f1DE2D6210A2147,0x956962C34687A954e611A83619ABaA37Ce6bC78A,0.005,1.500000009,confirmed
2025-10-24T17:56:42.075961,ethereum_tx,0x877e5b1269248fd05a5cd11290d55d13079c9233ed24e7c03f5076b21c7cee3c,9481680,0xc995CB934667733e0fBDBEaD76a4CD01B66dA721,0x5cFA7ffA14d6dd40551832b9D4c2eCff3db7d3fB,0.0,1.500000009,confirmed
2025-10-24T17:56:42.075961,ethereum_tx,0xfa3ceb77db0ceebd5dd607ab4272c10c74480155b6fe1e170b4195273ba45e32,9481680,0x6A29cc2F73789E2EC36631af9Ba0a86fDe88d96B,0x38C967856d17E900042Af447B3346bfF26C8ed4B,0.002,1.500000009,confirmed
2025-10-24T17:56:42.075961,ethereum_tx,0x8dc4b1446e0516fe7a68b40911a78649815306348d844b8e26a0384a6985cf19,9481680,0x1f00D3D7116ec57eE061bAE1c6485fc3421C584a,0x57c5dC670eB6f571bDD8Fc1CF178c46c9A917A74,0.0,1.5,confirmed
2025-10-24T17:56:42.075961,ethereum_tx,0x0e722e5b14b1dcd597b3d9a5b66bbd3b88fa7056a4a8eaf0753064c742cdc308,9481680,0xce36791143F2d0Bb994A3bd58776BCe6F252fFB9,0x2A4496bbC344414e3bDbE6a8E7c40EF007DAeEd1,0.0,1.5,confirmed
2025-10-24T17:56:42.075961,ethereum_tx,0x8364642144e0d138a0cb75156122eab6035953ff2fc13935c756a60443d78877,9481680,0x6adbFB2d5D377612c5D3Fd9373934FbdcEaC160F,0xb19a4068B8003C36457F03B272Bb5385c00Dcc78,1.02e-05,1.5,confirmed
2025-10-24T17:56:42.075961,ethereum_tx,0x9437045c61ca6f0beaeaa83b813e9e207e7f659537b568279974aab186164b51,9481680,0x0968a4c3B6B8864d7784f39e88cB025f19EDCd32,0x2A4496bbC344414e3bDbE6a8E7c40EF007DAeEd1,0.0,1.5,confirmed
2025-10-24T17:56:42.075961,ethereum_tx,0xd9fd6ed5f23141e53952aede109a43e8eee14f06175437daae2063855710bf2b,9481680,0x6072aa3e08BF35F9cf5cB17CB6174D0EC7761C15,0x2A4496bbC344414e3bDbE6a8E7c40EF007DAeEd1,0.0,1.5,confirmed
2025-10-24T17:56:42.075961,ethereum_tx,0x1335260e6a94cb9e9b07dd9fa06decf5f74b571480cd2a25f86ccc9a57acadea,9481680,0x2ED487A0210dfCD6f72643A5c3E5147B27948F5C,0x2A4496bbC344414e3bDbE6a8E7c40EF007DAeEd1,0.0,1.5,confirmed
2025-10-24T17:56:42.075961,ethereum_tx,0x3c6a3d2137a89c6fc80cf9da081ee462fe6e5502963c97c6a5f8319a32b8c518,9481680,0x293c02Fa6323f3660c605547DF44Feda52c6A834,0x2A4496bbC344414e3bDbE6a8E7c40EF007DAeEd1,0.0,1.5,confirmed
2025-10-24T17:56:42.075961,ethereum_tx,0x0c32b313171df4bdb4953f59c0f4e65a949d14fe222ca8f7099cd1f6b7de9231,9481680,0x90a68c096e1fb46eDCb1081ef4EdE7d5547Bb65e,0x2A4496bbC344414e3bDbE6a8E7c40EF007DAeEd1,0.0,1.5,confirmed
2025-10-24T17:56:42.075961,ethereum_tx,0x2cf28aaeb4f510b7816d0cbc1e495cce5a6633399521accfecb6c8c7dfa8f606,9481680,0x4538a3D9328014cE32e569D874952aEC48b8CE5E,0x2A4496bbC344414e3bDbE6a8E7c40EF007DAeEd1,0.0,1.5,confirmed
2025-10-24T17:56:42.075961,ethereum_tx,0xf8f1bb40da116b89b822b0e83c43c2e389551cc5a6976000d98540d7004aa566,9481680,0x95f9ea159CA88e1300ef7ff0B5F100D0d1d8aB28,0xf2Fe99A2311c999E030f9e3a856B5Ee79727950F,0.0,1.000000009,confirmed
2025-10-24T17:56:42.075961,ethereum_tx,0x6645577ec7e8473db5b5e113e7567d1363eb133236c22e278396ce6cddcc3271,9481680,0x48BcB4065C0D9194aDa8EDd7FB3E6d8c8C5abBBc,0xBB478d897ffF53fC09a52Dade83032c612F48c93,0.0,1.000000009,confirmed
2025-10-24T17:56:42.075961,ethereum_tx,0xff4ea52cb4cb1460664b9120173a8ab799e95d0fa08c5525cdf3ac2ec450ecec,9481680,0x45Bd8Bc15FfC21315F8a1e3cdF67c73b487768e8,0xfF00000000000000000000000000002511155931,0.0,1.000000009,confirmed
2025-10-24T17:56:42.075961,ethereum_tx,0x79159d006879373fac6ecf990e2e39b9cdba7d4de7a28b59722b9f71bb02546d,9481680,0x5070BFaD0BEbd52AE6970f4f8fdB0bb3D25c0c04,0xC7Fff8910A9fF7357539D182486b84443a01e3E5,0.0,1.000000009,confirmed
2025-10-24T17:56:42.075961,ethereum_tx,0x2c0ba8571ab9fcdda8af95ef3d15a13dec15d48f611e42644c02bc6c79fe5262,9481680,0xAA397907a6a1DBF181715a282C95E522B84c9375,0x38528f56a7Cd7c3688830bAe68373360b0489033,0.0,1.000000009,confirmed
2025-10-24T17:56:42.075961,ethereum_tx,0x052f4729d3379c72969fcb23282820ce28bb1c4a210410691ec4dd7c1ac95b34,9481680,0xAC1CCFB1826502E9E9B01F21124EfE5a9c228186,0x59f63C0917841a6F04Ea6933d1E8E009Fd2E4E55,0.0,1.000000009,confirmed
2025-10-24T17:56:42.075961,ethereum_tx,0x1de13a036f313b4c327962368ec9cc8289cc3742e6b9027c28e5c3f82a71e869,9481680,0x001C124488545022f32c963CAFA2CEf7fCb2796F,0x5627B89Ec33CEce4D22Cf99d6C775490de31d18D,0.0,1.000000009,confirmed
2025-10-24T17:56:42.075961,ethereum_tx,0x4769786b137ff68ab6136c420b4b86ed0bcb8b16daeb058903284c62f37bacc8,9481680,0x0F801fADe05143616983E0184f828797092a7bBE,0x7AA6c0e77d58fAeF19a2d8Fa24C37E634BaB1c7f,0.0,1.000000009,confirmed
2025-10-24T17:56:42.075961,ethereum_tx,0xda442b69095b7a9c2f0415e700cbc06437f36273880d6d84be77033dab7f2e3c,9481680,0x7B52f71Ca50Bce413eaFF4a4287Cf4b9685f7602,0x213E47845bEDeE341a46169A0eaB3a15F6990abb,0.0,1.000000009,confirmed
2025-10-24T17:56:42.075961,ethereum_tx,0x5b59bcdc6984b1d273c0c383f8bff1f860dd5787d9433e0c8e6849fa4758b621,9481680,0x2D5cD08643086a42b0BCA5Adb1D755e80Cd5FE55,0x71dE1BA3C0C0396Eb5871e8108AA1Cb1dA121Bf8,0.0,1.000000009,confirmed
2025-10-24T17:56:42.075961,ethereum_tx,0x5a4910fbd33aa0ff69c0a4aca8e4181dbf3b33552999971c2ea337d9444cd6e2,9481680,0xF0FEd0C0192539a1076d8BDa1233f414704d98Be,0x00D22efF04CF7d0f5A355A6D9A06E43120398dA6,0.0,1.000000009,confirmed
2025-10-24T17:56:42.075961,ethereum_tx,0xb9075741578c743b2bae96e6266463cd3a02e863fd3191a03887c7d8c9790976,9481680,0x0632215e32658508fC985BB80f22eE71377F7aAE,0xFF00000000000000000000000000000000743111,0.0,1.000000009,confirmed
2025-10-24T17:56:42.075961,ethereum_tx,0x2b44872510acc8d38acbd590225b28f035e93c00bb4154f97137119e3868d36b,9481680,0xD6f7F5b882CDEe6b9fBB1A658b8Cce53A7c84Dc1,0x0011891A6Cc29226B06fD6b4f709cc2012736bc1,0.0,1.000000009,confirmed
2025-10-24T17:56:42.075961,ethereum_tx,0xa06c04dc55be70cc9d6855daff54348bec4ca5f86cf89fbf202bcd9632315015,9481680,0x0e0C6bb0038AE6EFf62515800A380bBF5F7D20ec,0x55414C542b7AD44C56741205757Ec0b7007c64C7,0.0,1.0,confirmed
2025-10-24T17:56:42.075961,ethereum_tx,0xad5a3e59ef36766dc92440ca7e38c460a565a2adf2da2624d6303d3d91d4cf98,9481680,0xa00b5493b1F1aB695a18FF339a877a26C8162463,0x18a5B678E9155d728F8Cf67F7f5043Ce1B7fc1f6,0.0,0.050000009,confirmed
2025-10-24T17:56:42.075961,ethereum_tx,0x210e1f308e4b25359922286b2a7d0ef5408543a6b7da234643234a8d0f2d737c,9481680,0x0dfd44d4ce05a21BeC3451Aff0e9C38aC63AcB08,0xf993E10C83Fe26DddFc6cb5E82444C44201e8a9C,1e-06,0.020000009,confirmed
2025-10-24T17:56:42.075961,ethereum_tx,0x302662a85110e7c0a3d6b2517901f9387b4f5a4fc2dc3aa8ad421856a1b2c353,9481680,0x748cC127832a9D99187595c349Df9Fa7D5311442,0xf993E10C83Fe26DddFc6cb5E82444C44201e8a9C,1e-06,0.020000009,confirmed
2025-10-24T17:56:42.075961,ethereum_tx,0x8084d28e89f575a00a775749d805ef221e474676da818fde2842c94c848c9283,9481680,0x8BA9c6c016c53bA764ADa52E9014DEEF3940CFB0,0xf993E10C83Fe26DddFc6cb5E82444C44201e8a9C,1e-06,0.020000009,confirmed
2025-10-24T17:56:42.075961,ethereum_tx,0x9bc6cedad006be057d46564d302dba9c4a7f35e656a507720155ef8e7a7d9a58,9481680,0xf77c52c538fADD74Bd8eD4a81F7FA03dDD775826,0xf993E10C83Fe26DddFc6cb5E82444C44201e8a9C,1e-06,0.020000009,confirmed
2025-10-24T17:56:42.075961,ethereum_tx,0xacc0c383eb2607fe771b6752c2404e680cb5de5a88cd4f7e8e43fed03afdf857,9481680,0x94b6a29B8b4681b76E9F4D4B2e7482E464DF3B7A,0x9bd469B960a028500f17fbDf7BEEDd1CD4C0E1D8,0.0,0.002200018,confirmed
2025-10-24T17:56:42.075961,ethereum_tx,0x780f4f344369052d050ac2d93b538ff8c63992a5afbd8578552409dddc5720ba,9481680,0x5B55E1f98800012AD42AafEE2585AA61BaBf1752,0x1348947e282138d8f377b467F7D9c2EB0F335d1f,0.0,0.00200002,confirmed
2025-10-24T17:56:42.075961,ethereum_tx,0x2e728e702c6bd4a058a999dcacff4912a723911170625d53be720ec83d90a25f,9481680,0xb7510C1587ECa81ccFbe91b67DB4efE3c715Da23,0x2aA119921f6D7A02D33626faAB5c2e76DFb08C33,0.000595,0.001550013,confirmed
2025-10-24T17:56:42.075961,ethereum_tx,0xd107db3043d60637c408f73fa813f4a1fd3b90f8e3af3cbd36f2429ecfad221e,9481680,0x6d7927C0D236388319864007681BC0C6b844Def8,0x12e1181a741b70BE6A9D81f85af3E92B6ba41897,0.0,0.001300011,confirmed
2025-10-24T17:56:42.075961,ethereum_tx,0x6d1e4fb54509b86facb16f918e7f1b92ba6430ee21b5a34c2600ac2df9e4e873,9481680,0xc5F31150671b96a5ef62efC6919f657044c9E874,0x9f54e6A87429E7bB2fe7B9f0ACCA3A31560FF198,0.0,0.001200015,confirmed
2025-10-24T17:56:42.075961,ethereum_tx,0xc37f22f1a54cf93c1bbd10ced0ca162cac5ea677c6c996481933278427f43be0,9481680,0xC088Db0D32639182D4a3C13FcC34B51e0F052578,0x5A25d1DD33e51A9F555FA5BcFe88AF075214b8d2,0.0,0.001200011,confirmed
2025-10-24T17:56:42.075961,ethereum_tx,0x62ba607817ef6462a35a4dc383e8e57b4950cda8b10aa8cccecb8e6e5e21e748,9481680,0x2774201Dc99af7Ec8fc914093eAD8Da4d2448B6D,0x1c7D4B196Cb0C7B01d743Fbc6116a902379C7238,0.0,0.001200011,confirmed
2025-10-24T17:56:42.075961,ethereum_tx,0x0c2cb6d20732153fded064f854e803a4287946a220e55096eb09661948634327,9481680,0xd25DB2Ff2263A31b192EE117eB83E7792C01d58f,0x956962C34687A954e611A83619ABaA37Ce6bC78A,0.000207,0.001200011,confirmed
2025-10-24T17:56:42.075961,ethereum_tx,0x1a7f645d67f37815313a727a5e0c0d949314622d1d7af6ede41f264a2bebcb75,9481680,0x803BF5A736415bE3d584e734582699EFCE5F4f7C,0x90306f2cC5DFACcaFD35F75DD552e19f92a6b168,0.01,0.001200011,confirmed
2025-10-24T17:56:42.075961,ethereum_tx,0x970afa2bbf73a7d3d260a33d289b467a307350f51a72626356f996dba055f1bf,9481680,0x52f1984Cd3e46e1214dB222D3Ff63712E7aCEedD,0x166af7777a21F3DA243eBDA4421fC86A17c95531,0.05,0.001100009,confirmed
2025-10-24T17:56:42.075961,ethereum_tx,0xdbe29b60796d768a51731e21d7564cd2a400ca4cce177fef36ef42d675786e10,9481680,0xb3a1956Cff1ecc8054B81b0C83b9847CB71384b8,0xCf8EDB3333Fae73b23f689229F4De6Ac95d1f707,0.0,0.001061914,confirmed
2025-10-24T17:56:42.075961,ethereum_tx,0x5cbae485cf1f469ee9522d0c94b2eef416a4751af4c62b4368354c65995c5532,9481680,0x61d8838f9A00250C9AF13D622DA7c08c372ee587,0xCf8EDB3333Fae73b23f689229F4De6Ac95d1f707,0.0,0.001061914,confirmed
2025-10-24T17:56:42.075961,ethereum_tx,0x7cbea49c11756c6ba20742ad835bfd4330674675e9a7dfcfa536ca7fa2cf0073,9481680,0x715d1084b1237Ba6a61447890F282E2505471EEC,0xb5A49949C49dEDD852F9f0f419b17aD2785032db,0.0,0.001057617,confirmed
2025-10-24T17:56:42.075961,ethereum_tx,0x55c58a6e319188f3c7b4caec45e78a6d195de920d17f9321a5778451f846438c,9481680,0x207D430716d4F12e7e6d9acB39BbC73fD4cB4E1C,0xA73aFb610aC79A729A393D679029fCf9618854AD,0.0,0.00105265,confirmed
2025-10-24T17:56:42.075961,ethereum_tx,0xdd9cabacbaf13cd946dbfebe7cb5f950ea14244c77758eeaa9850e651cfe0c03,9481680,0x27A88B8846882507bab868974805339d4c438667,0xA73aFb610aC79A729A393D679029fCf9618854AD,0.0,0.00105265,confirmed
2025-10-24T17:56:42.075961,ethereum_tx,0xc8c0e87e30e1ac44884693a1bc64b8f680d92aab005bbadd36df25c4bcc67266,9481680,0x27A88B8846882507bab868974805339d4c438667,0xA73aFb610aC79A729A393D679029fCf9618854AD,0.0,0.00105265,confirmed
2025-10-24T17:56:42.075961,ethereum_tx,0x4360508477ecc249153df8c52a20a0c1635264e2c94379f3b77bebe5e6485930,9481680,0xa2157100Fd0b2288e8dd0EfF22Da84cF623A31ce,0x3eDF60dd017aCe33A0220F78741b5581C385A1BA,0.0,0.001052641,confirmed
2025-10-24T17:56:42.075961,ethereum_tx,0xb40a0c16f8cf05c28a4f1d08ff6358ce7248479bb66038ee035fc5532f3520d9,9481680,0x2fd8B4a5D4CC9Ed0065fec5B3f3C51Bc117aB245,0x7215691F60C4fA7Bb82c5Ac44c7d57dc32bB0493,0.0,0.001052641,confirmed
2025-10-24T17:56:42.075961,ethereum_tx,0xb019234e1467b62282b23f2c2d5d06cc21a3a2d9a8c08aa8e6b6d2782e3dfa5b,9481680,0x474Fc6A6735FA2a9D3a87fc04De2686BFa5A1836,0xEA0dEE23DFD8f662f774fec688fD1A93278a8d8C,1.48e-06,0.001000009,confirmed
2025-10-24T17:56:42.075961,ethereum_tx,0x14f6606b6eb6dad44a64fa243aedbb4bcabe4d5a5f912b26bb9be60f7b3924e1,9481680,0xcb5f93894646D1859a86e479cf9a2ee8Ce12D401,0x853758425e953739F5438fd6fd0Efe04A477b039,0.0001,0.001000009,confirmed
2025-10-24T17:56:42.075961,ethereum_tx,0x5095abfc93e46f71609a2b0ee1525944add016ed40be8c7cd28502ad717e2291,9481680,0x099BA97a37FA019c064a2517026e3c2Ea8DB9964,0xF6e7F84d9cee738ec59c08B7a7260152C236813a,0.0,0.001000009,confirmed
2025-10-24T17:56:42.075961,ethereum_tx,0x7c09afa324479e31666cc33f848f705fa09f906af25b0d25d2f01b867d5e48d7,9481680,0x8b89852cFCd2e324365b3e7AD1591d1dF1ECd8DC,0x08d2b0a37F869FF76BACB5Bab3278E26ab7067B7,6e-05,0.001000009,confirmed
2025-10-24T17:56:42.075961,ethereum_tx,0xf17c76a47268f9215619a4e3fd420480f5e11ca0a6e1bdd2f0bbe7096df467fe,9481680,0xE5640C04d6A658908D257B2135a0Ac23eb79D63a,0x0000000000000000000000000000000000000000,1e-05,0.001000009,confirmed
2025-10-24T17:56:42.075961,ethereum_tx,0xd42e4299842b68f19efe6c37a49ac438bcc38c0653f11e24b5dba1e5d9e8dd35,9481680,0x8b89852cFCd2e324365b3e7AD1591d1dF1ECd8DC,0x08d2b0a37F869FF76BACB5Bab3278E26ab7067B7,6e-05,0.001000009,confirmed
2025-10-24T17:56:42.075961,ethereum_tx,0x66f387409d18a574570c6e06588795f5d202d6c4986839ef68461d87dfaa78b5,9481680,0x93e314dF3a7Aca0A6884C1fb8f846d4799Ee5D63,0x03C66CB1826BDB0395BF31E68Bf7E873e9564fFB,0.0,0.001000009,confirmed
2025-10-24T17:56:42.075961,ethereum_tx,0xbf26bff960a6d6a34d151fc0e7132464b5c02178e6cde45c085bdb9af3451f4f,9481680,0xBf389beCd498E1a07bd011489F6982DbC7E31897,0xFb13dE1C5aC28fc8335Ec5721b06eB4eA6e3897b,0.0,0.001000009,confirmed
2025-10-24T17:56:42.075961,ethereum_tx,0xa6adceb9fce2a1b987c0e478a9e76035b1ef3be4280cd171cd9dcd88d44b1f22,9481680,0x58E18B212613778d1f8B10E5eA72eDDa0Ff9bE6E,0x08d2b0a37F869FF76BACB5Bab3278E26ab7067B7,1e-05,0.001000009,confirmed
2025-10-24T17:56:42.075961,ethereum_tx,0x26312ad8904e974b946a8e4bdcecc5a9a560288949c6faf349e5cedc59cc28af,9481680,0x2799Ed76Ce7d7E2d23e0E573ED19004089496a01,0x03C66CB1826BDB0395BF31E68Bf7E873e9564fFB,0.0,0.001000009,confirmed
2025-10-24T17:56:42.075961,ethereum_tx,0x63e850a6baa14ee6ebb714ad3ec65b00c4cbfef91d6842f1ba1105f212393be5,9481680,0xB3C259f1235A50Bd0B8aA2E588648c106F6F3816,0x0215f8e5e81B75799Ae38232420377339d811796,0.0,0.001000009,confirmed
2025-10-24T17:56:42.075961,ethereum_tx,0xfa1fabe7a616b7665050c17a2c80888aaff7b91f2919d56fd79e4a2486ce2229,9481680,0x99891A215bcee4dd9844E90dA4EECEC28288497b,0x03C66CB1826BDB0395BF31E68Bf7E873e9564fFB,0.0,0.001000009,confirmed
2025-10-24T17:56:42.075961,ethereum_tx,0x20b324fe6e59ad47b3c8de4b2a15195a6f42b886c6027100b496702c206cbb81,9481680,0x9757c2d9c8cD2058204CA82d45bDE62989a82368,0x0000000000000000000000000000000000000000,1.99e-05,0.001000009,confirmed
2025-10-24T17:56:42.075961,ethereum_tx,0x466cee27c4d539a4cefc204f07b3bb9eb29ec4b0993a2985c99f765023af4434,9481680,0x39aBD7819E5632Fa06D2ECBba45Dca5c90687EE3,0xef4758510E03204c1ccB0d90403726fc825385f7,0.0,0.001000009,confirmed
2025-10-24T17:56:42.075961,ethereum_tx,0x264edcf60ad97b55c23c7fdc1cf202166005765815073a2511284a06c4bb0f89,9481680,0x0976F984c7e7aBfD29746DbFecEF6B9FD7a9F5Da,0x87A3effB84CBE1E4caB6Ab430139eC41d156D55A,0.0,0.001000009,confirmed
2025-10-24T17:56:42.075961,ethereum_tx,0x81fb0e7be0edee39eaefbb12bc47a23228de8f88269d2f917786e41c95fb85f2,9481680,0x39aBD7819E5632Fa06D2ECBba45Dca5c90687EE3,0xaEDd025d540AFdE57b28264E9ac98fc8b20ac0C2,0.0,0.001000009,confirmed
2025-10-24T17:56:42.075961,ethereum_tx,0xdb3dc194fadba1d34fa3436f6bafa45babcf81c6b291da02da6a536bba0f547c,9481680,0x6eC607e69Bb23EAB45F0910906dB08B094593F44,0xB2767586B99A3D68dcEC34ba95129C11C38E9738,0.0,0.001000009,confirmed
2025-10-24T17:56:42.075961,ethereum_tx,0x92a3bed15f2eff45e0a0142abd8343d1c28083dd0d5ad71517b82d08f47ed012,9481680,0x21cd59f369Fc8B895c0450569af678aA905Acd99,0x03C66CB1826BDB0395BF31E68Bf7E873e9564fFB,0.0,0.001000009,confirmed
2025-10-24T17:56:42.075961,ethereum_tx,0xe6841daa6b11936a8076cbd97a49b1c760d1a2092dd476e55b4ef62a35d91e30,9481680,0xaF619b9C406797a30696F495CFF6175B8C9573Eb,0x15e195C27643557E8155e68C825fe55e1f1C7ddE,1e-05,0.001000009,confirmed
2025-10-24T17:56:42.075961,ethereum_tx,0xd2373a96dbb8460148f0e4619f10396140a1eadccf51c8756898e32b325e9845,9481680,0xdC69180812Ffbf44463E772A32724fEB5eF3Db1f,0x03C66CB1826BDB0395BF31E68Bf7E873e9564fFB,0.0,0.001000009,confirmed
2025-10-24T17:56:42.075961,ethereum_tx,0xa5e689acc60da55b89fcca82ca0fb0cac43c88ee740e31d886391e347456804b,9481680,0xcD12Ed9b63603bc9685Cda552c0156d9b297b41F,0x87A3effB84CBE1E4caB6Ab430139eC41d156D55A,0.0,0.001000009,confirmed
2025-10-24T17:56:42.075961,ethereum_tx,0xe2b55405ca3ba284a73a8703189ccbcc85c809bd003b59225fcebf881ac2d318,9481680,0xe0A7a1d4c453d65D8E4F07166E0E7Fd8c1235193,0xDd5c67C615279876Ce7D86d595360a6F5Fbe60dD,4.37e-06,0.001000009,confirmed
2025-10-24T17:56:42.075961,ethereum_tx,0x90aa45b69d417f36596cf7162729a7fbebd0767394e87ce020b221a30b89021c,9481680,0x6d50EDC485a5c5C8E57e45994de1C8f8A11A7cee,0xA3A87819FC57CE09886eE8ee077E5e45398f4652,6.1e-05,0.001000009,confirmed
2025-10-24T17:56:42.075961,ethereum_tx,0x82fc742c5e10cb841f97933ad350e3ce4235705f65c195d4f3baa3c1f16bf748,9481680,0x71A6D6a1ca08FFC667F85050f72d9aAE327Aa29A,0x19d180bc50198A622C62AcDbeD7eC6B415DCF415,3.9e-05,0.001000009,confirmed
2025-10-24T17:56:42.075961,ethereum_tx,0x91787d3f1b077ac1997bc7a0c801abbf8a9b3c9c0db0bda20867619bf15349aa,9481680,0x09c86F9A8614d171238Eb5305B7e7c16B61A4057,0xf517960B13bb7B6f8d861E0c551517B1a50b060D,1.38e-06,0.001000009,confirmed
2025-10-24T17:56:42.075961,ethereum_tx,0x40683a4f50266dfda86756229f25b699bae65c91c890f81d8a354213bb861cbe,9481680,0x4b4D83d77b15c7DebEC16bfbaBeB20bb4a5dEFbA,0x329689c2926216b15973bDd2c00561E80E6418A1,0.001,0.001000009,confirmed
2025-10-24T17:56:42.075961,ethereum_tx,0x5fe212df2bad047f3e0c62ad5c9667f39ee4a6774d34dc329b981c170e9f0e02,9481680,0x3Da763C42E438eB17880fB6A83040d6cf13eF03b,0xFf00000000000000000000000000000000042069,0.0,0.001000009,confirmed
2025-10-24T17:56:42.075961,ethereum_tx,0x395fb599ac621be65b42fbeda194bac1593fe9d9678a6c2afe4fc0c098dc27ba,9481681,0xAf6b508bF1f658fa9DF0FEB1E431b3334E1EC8fA,0x18bCB94F6334100A6f9b942D7E5DF214287238b0,0.0,12.000000009,confirmed
2025-10-24T17:56:42.075961,ethereum_tx,0x09ec97f611983bd04abc09cc4e0116f573f3a138a414c758655a182d76f9f74e,9481681,0x4EA09D8f3fb494a11072ff05b1BE2241adCeEd09,0x006B2223248D0e45296d7d4F3cffF325579954C4,0.0,5.010000009,confirmed
2025-10-24T17:56:42.075961,ethereum_tx,0x03f823031e6682ffa77606eae65bf415ebc650ac196897d9ea1dff2988df117d,9481681,0x3C95c2633296B264d051498C4b2e982EbB526A53,0x3C95c2633296B264d051498C4b2e982EbB526A53,0.0,4.1,confirmed
2025-10-24T17:56:42.075961,ethereum_tx,0x441ae76fa705f625073f915aa012e1ac0e4a04877c62d446476a429b5f9f8e62,9481681,0xb6eDEF0b3F969a011861288158d02ccc93cf648f,0x5154140b0Fb2452f9A3b4D4c73549bBF8fdAe2a2,0.0,3.000000009,confirmed
2025-10-24T17:56:42.075961,ethereum_tx,0xb22f30822c7c2dbb8062c1a9a001de12c0a69573aee5da9aa784c33dc8fe7a16,9481681,0x8cDfF37048Bb53603715120F2D55b4f3B74657f7,0xcA11bde05977b3631167028862bE2a173976CA11,0.0,3.000000009,confirmed
2025-10-24T17:56:42.075961,ethereum_tx,0xde5321eae408de9db3ae6efcc0aa0903374956aa027c19272c740b101b82f61a,9481681,0x55A07F9f7eD7F110c2Ddd8f2f5d8677Dc94aF4E2,0xeA30c4B8b44078Bbf8a6ef5b9f1eC1626C7848D9,0.0,2.200000009,confirmed
2025-10-24T17:56:42.075961,ethereum_tx,0xcbe4897259b5f3583db7e25b3a0ff7eaf923a80a2cd7e1b5367420acda18fcd4,9481681,0xe7F38E2D57a0eA80240B5E65A69AF66812CbCd0C,0x71d016725265e55BE459824758050E04bf41142e,0.01,2.0,confirmed
2025-10-24T17:56:42.075961,ethereum_tx,0x3ea7960fb513986b4241993ca05bd1baf7ec8b26313efcbd182a292a7d65f1b5,9481681,0x8DeE5a6139917d63995de28b763E53dBac485335,0x0DD44c60565b3c1A4a6b97013e722940FD37580E,0.0,1.500000009,confirmed
2025-10-24T17:56:42.075961,ethereum_tx,0x301148ed9e99707e08ed97fdc2875fc18b43050d87f2747048a3511975bceb73,9481681,0xC915fBB94D959EEbbdE2956e7f1DE2D6210A2147,0x956962C34687A954e611A83619ABaA37Ce6bC78A,0.006,1.500000009,confirmed
2025-10-24T17:56:42.075961,ethereum_tx,0x19b9fd9237513cd0cc111017dc4e06deb0dea22e1b8453556494e3d1dfbfd4ed,9481681,0x1B96Ad5aE222c4e7F6Eb9a5d772aDB7974E0a652,0x7e9d4593d864f84cf34AA786A8C190F68002832F,0.0,1.500000009,confirmed
2025-10-24T17:56:42.075961,ethereum_tx,0x6cc7e332f273d6d6eda65fe015f6a9bf32abc18decc824ee52e045a6bc1a42ad,9481681,0xdedD98af145731AD0696F36d8ef4307b71416385,0x2A4496bbC344414e3bDbE6a8E7c40EF007DAeEd1,0.0,1.5,confirmed
2025-10-24T17:56:42.075961,ethereum_tx,0x77eba719f710b248dd14e9d32ae45f9460cd740016765eb32001e2ecfbc44e4c,9481681,0x85AA16B0a6eA346138eAA7D0c041195E624Bf7d4,0x2A4496bbC344414e3bDbE6a8E7c40EF007DAeEd1,0.0,1.5,confirmed
2025-10-24T17:56:42.075961,ethereum_tx,0x68218c788cacddfa376c336907fa44fe1808d642fb331b200561ed14923b80c8,9481681,0x0BB2b05aFb98ddf46126706B40dde1745662bA71,0x2A4496bbC344414e3bDbE6a8E7c40EF007DAeEd1,0.0,1.5,confirmed
2025-10-24T17:56:42.075961,ethereum_tx,0xedd7b2a0979cd8a7a9179d4b4e7f02f25c137cf278a77b0056d6317b49aeeeff,9481681,0x9b8b1d35Ad7a3b129785900114e6778fdff80089,0x57c5dC670eB6f571bDD8Fc1CF178c46c9A917A74,0.0,1.5,confirmed
2025-10-24T17:56:42.075961,ethereum_tx,0x0c73e918e4ff561883fa37f44ca22000c816f4dec1e854f1c6ea5489714b03ce,9481681,0x8f937B3BE78aE12702173698ed00a522bBBA0570,0x57c5dC670eB6f571bDD8Fc1CF178c46c9A917A74,0.0,1.5,confirmed
2025-10-24T17:56:42.075961,ethereum_tx,0x63058e7103b99bbdbe802b61cdcd71c5c76d947460bebba2993b89aa4685dafd,9481681,0x319c2e7aB76028ce0FC1d129f528cEd2a670f6A5,0xfadcD98237Dfe8a9D24885595E8d6F87A78e66a7,1e-05,1.5,confirmed
2025-10-24T17:56:42.075961,ethereum_tx,0x0f7611e7e15c2769387db898781edb172c6d27b8d1e48954dc2f6a7b89bfbd32,9481681,0x42781F122B7FcE3d01EF49500AA6681e295394a1,0x57c5dC670eB6f571bDD8Fc1CF178c46c9A917A74,0.0,1.5,confirmed
2025-10-24T17:56:42.075961,ethereum_tx,0x4304d1f621c7faa55a4b571c45c9de5d35b6edd94007146989afe5b87b3446a2,9481681,0x31C226f971b5eC98Ac3858CE21993Ca9f53419AD,0x7B81a708ee135E9077AE0102DB248954e78c3B79,0.0,1.000000009,confirmed
2025-10-24T17:56:42.075961,ethereum_tx,0xd28745d0c10809cd357823fc96a6fbbcea2750cdeb3ad27637a8db8e67c8ab21,9481681,0x05E7Bf2B70C33DCEDEaE8a04a521E73E12E2c982,0x661d64D2adeB489257Beaa1028019eC0B3EAc83a,0.0,1.000000009,confirmed
2025-10-24T17:56:42.075961,ethereum_tx,0x70415518361b442143cc4385d62b2827816086adc9dd5216b21637fb9d465960,9481681,0xF6FF6C8cA01E3A8E79d1dbFF7CE77665Cb30CD88,0x7d9Dd4f7Fd1E9af8C60E4c8Be16d303b0b92e4ed,0.0,1.000000009,confirmed
2025-10-24T17:56:42.075961,ethereum_tx,0xa2f16a2043e1d8db3f0a4b026ef55ba3948a1152b8a73d8ce5ae196a15a28cb3,9481681,0x2e3392e6bBA85AFA1C4534A5c0cdC0c462dbb455,0x00Ce61f80A424ec033149A4Ca065aF1768955295,0.0,1.000000009,confirmed
2025-10-24T17:56:42.075961,ethereum_tx,0x71f8a1c408fe78f7911fca68239cdeae86236bfbd7e3765dbbe05c359ec2e2e2,9481681,0xc5eAEa93552D1405704e4f1ff9eF9524b031C126,0x9042041458cbdb5e62Fa471233C9009B5881f6e3,0.0,1.000000009,confirmed
2025-10-24T17:56:42.075961,ethereum_tx,0x4da6986ec15ba81606721799c333f1c2aed4d7cc0431a7fa2ab2e4768896a181,9481681,0x60EF6a1C9308C55142D5FdD34e68A72dfA836d5F,0x5f794505f53Bc8F2C9fF7A4283FBB4d354729e42,0.0,1.000000009,confirmed
2025-10-24T17:56:42.075961,ethereum_tx,0x50c72e8c282c78ff7dd215cd6687b26f2064f668c94668f93c964fd298f84a35,9481681,0x2D1fEcD426061329b2e7ad8100dCB7f31618bD0b,0x7Ba5596f395172Bdc076F9Ee9f86138B4FF7F62B,0.0,1.000000009,confirmed
2025-10-24T17:56:42.075961,ethereum_tx,0xc9003fb91b0005db60b7c337ae32c55f886cab3d69bc742591f6ea0cb2f08892,9481681,0xE09057A0FfF335FA802DEF5e358dA734668D6bd2,0x78DeEBb82af5F647A2662564D5b69466a5Ca7c33,0.0,1.000000009,confirmed
2025-10-24T17:56:42.075961,ethereum_tx,0x3febd1d9682de9e2a518be03d201b4dfb757523a2d39ca926d56a90f491d84a6,9481681,0xF0FEd0C0192539a1076d8BDa1233f414704d98Be,0x00D22efF04CF7d0f5A355A6D9A06E43120398dA6,0.0,1.000000009,confirmed
2025-10-24T17:56:42.075961,ethereum_tx,0xaeec3c487f6f8ddd7be51f9fdfbd8b9c4feeaecdc8e4aa0684560a9961afa71c,9481681,0x4F2d212F64Fa80AbdBC5024000Ab59B73e5efB2E,0x00EF7AE78fC56F5fcaddc2834BcA466c738DD0DA,0.0,1.000000009,confirmed
2025-10-24T17:56:42.075961,ethereum_tx,0x53cd4286ecaa8b16a26b31a9cd8d7707bc2168479072cc6a3eda9f4d624415a4,9481681,0xB5Ed3CfEcB5524dEEb19540a9c94f494C37cE65a,0xF40E9240464482db4B0e95bEAcb14C3dE04C5715,0.0,1.0,confirmed
2025-10-24T17:56:42.075961,ethereum_tx,0xf7efbbad5232f50c642dd229952893cc1dbf0c90063b8426974264006676e384,9481681,0xC773942264E07D9DA57A43a21a09591c626AbD9B,0xf993E10C83Fe26DddFc6cb5E82444C44201e8a9C,1e-06,0.020000009,confirmed
2025-10-24T17:56:42.075961,ethereum_tx,0xf94aac8c553e16375b209625a74bc0ce8f2f8f61034520c886bd01d39158cc60,9481681,0x5cdd8311559E7121070a059aD56c5cE43B5Aeef0,0xf993E10C83Fe26DddFc6cb5E82444C44201e8a9C,1e-06,0.020000009,confirmed
2025-10-24T17:56:42.075961,ethereum_tx,0x35f0f18c50fb6b29e0fc15472e4ba8afb5f7a62b8a24b0d4e84a9cbaf9aa6078,9481681,0x8486DB80946800BdDfb5c165A58b7f3e572A614E,0xf993E10C83Fe26DddFc6cb5E82444C44201e8a9C,1e-06,0.020000009,confirmed
2025-10-24T17:56:42.075961,ethereum_tx,0x0c22d75c43178e0447cc54cc5dfd7f48a2e6e47dfaa882e98b04ee4b5b6e325d,9481681,0xDBA81B05b412589c339cA7D96580E026fddEbAeF,0xf993E10C83Fe26DddFc6cb5E82444C44201e8a9C,1e-06,0.020000009,confirmed
2025-10-24T17:56:42.075961,ethereum_tx,0xfaa72c16f81030bd4c641c2c0086bb63c04e748be9b1b2c12d0baf084e6b02f3,9481681,0xCF4E33A3c4a7Cc875f6C647412732F7D11Be08a3,0x956962C34687A954e611A83619ABaA37Ce6bC78A,2.90358391041e-06,0.001500013,confirmed
2025-10-24T17:56:42.075961,ethereum_tx,0x0e959f8f1f5ba04b1ca411177e2a7603f2b54f2836b3ee52fc1ccc61c552968f,9481681,0xACCaBd6C46322ce684A9C07D1bBCaB6C9a7e5Dca,0x956962C34687A954e611A83619ABaA37Ce6bC78A,2.3581337645842e-05,0.001500013,confirmed
2025-10-24T17:56:42.075961,ethereum_tx,0x09968e4ec0048e8d9981c83f0f381d19295dff6968ef8eea5742bf8be352d4f9,9481681,0xF7176593E3B1A1Ed40dCCea9933Ee6DC4C063BCb,0x108F68829B41C6e4E5A4cd709A5e3173283bb5be,0.0,0.001200011,confirmed
2025-10-24T17:56:42.075961,ethereum_tx,0xf46806a07d8f7a71be238d45802591a504e406077f59b16505e90e979544c306,9481681,0x75C155Eb3B1A6A329E0Fd01931e2C8a61F83dA34,0x7b79995e5f793A07Bc00c21412e50Ecae098E7f9,0.004,0.001200011,confirmed
2025-10-24T17:56:42.075961,ethereum_tx,0x69c964b6c652a4ad1ec31bce8697061cb134109ab6675644499c1ba48d74fe13,9481681,0x149Cb8dC7a151269E294208a166896714223F968,0x956962C34687A954e611A83619ABaA37Ce6bC78A,0.1,0.001200011,confirmed
2025-10-24T17:56:42.075961,ethereum_tx,0xde67ac2d62f0edc0fbed32aa2127cc1e8d95824e48e6a9868e574cb774567c26,9481681,0xFA646594bF2241061314d53e850A466815B3600a,0x738e96D813a47552499fe1C82E8dD415f7afB7C3,0.0,0.001107571,confirmed
2025-10-24T17:56:42.075961,ethereum_tx,0x626b72d03bdb70456a64d133dcfc1486d6caa9fad3be54dc6b694fda03fd3f41,9481681,0x1b2a13Dc32a0227F8471dA52e0cBB8E5e8A4F4e1,0xCaC524BcA292aaade2DF8A05cC58F0a65B1B3bB9,0.0,0.001100009,confirmed
2025-10-24T17:56:42.075961,ethereum_tx,0x138fe556144aafe5fdc7211feaf52f2a675f006362911fd7820b5d41bad9049e,9481681,0x61d8838f9A00250C9AF13D622DA7c08c372ee587,0xCf8EDB3333Fae73b23f689229F4De6Ac95d1f707,0.0,0.001072231,confirmed
2025-10-24T17:56:42.075961,ethereum_tx,0x2b48f7f1ce30ecfded2c6e12fc31672e6307389c3e3580969b00f5c76ec9b939,9481681,0xb3a1956Cff1ecc8054B81b0C83b9847CB71384b8,0xCf8EDB3333Fae73b23f689229F4De6Ac95d1f707,0.0,0.001072231,confirmed
2025-10-24T17:56:42.075961,ethereum_tx,0x932c98cc6780cb9897b3e3684f6e2d5ba42ff9328c2c30dccd9436b42cd3e31d,9481681,0xe3C60eA4F385BC41E80a57995d6602B811A106ef,0x3eDF60dd017aCe33A0220F78741b5581C385A1BA,0.0,0.001052641,confirmed
2025-10-24T17:56:42.075961,ethereum_tx,0xb36e5a8beb746cc9ba0c0b4b63fe177f06a2ee1e3d30bc31ad951971b2aa86ac,9481681,0x047CA7df8E03351030e2Cd1A8daa154a53064aC7,0x7215691F60C4fA7Bb82c5Ac44c7d57dc32bB0493,0.0,0.001052641,confirmed
2025-10-24T17:56:42.075961,ethereum_tx,0x014c7ec5aa28bce4e240ea30be6d802fcb5dbcfd16698e87d6fede70a314b800,9481681,0x49E8d6086D2029C4334188571bf5b22597d596c4,0x49E8d6086D2029C4334188571bf5b22597d596c4,0.0001,0.001000009,confirmed
2025-10-24T17:56:42.075961,ethereum_tx,0xb0072d6c2ed70e9a366d2e9297cd07b1591581f7a0bd25299723106d1576a638,9481681,0x2c06b1d706Fa7fcfa882EB4ce7F2fe27d58E08F4,0x08d2b0a37F869FF76BACB5Bab3278E26ab7067B7,2e-05,0.001000009,confirmed
2025-10-24T17:56:42.075961,ethereum_tx,0x7b3b4afe72045374544ccefd0920ea1fabe66ab021f5ef20e6d79c449c2fe4fc,9481681,0xcc7a3706Df7FCcFbF99f577382BC62C0e565FcF0,0x7554E3D8544CC2eb8Becaa7b6dEc64802Ff2d34C,0.0,0.001000009,confirmed
2025-10-24T17:56:42.075961,ethereum_tx,0x9dd5f514a4acd3820997dcebceea257a788c92e43b2e7e1adafff69255079530,9481681,0xb3Fb53Aec32a7B31e21d155364E7A7eE9c20A39f,0x87A3effB84CBE1E4caB6Ab430139eC41d156D55A,0.0,0.001000009,confirmed
2025-10-24T17:56:42.075961,ethereum_tx,0x4ae62aec18c64d42f970115c8023a81bbf3beb0863adec0dfc6d8015179cddf1,9481681,0x7A1d9827D3cD91AE4449F4D98e6Afb42dCeE9aAf,0x03C66CB1826BDB0395BF31E68Bf7E873e9564fFB,0.0,0.001000009,confirmed
2025-10-24T17:56:42.075961,ethereum_tx,0x10bc8b181d74e9392e6571c39c3f6bfac1338b6865468072c826ce3a72e41045,9481681,0x3ECAc7088C6C3bda8c888f584ED85b335a740D2f,0x87A3effB84CBE1E4caB6Ab430139eC41d156D55A,0.0,0.001000009,confirmed
2025-10-24T17:56:42.075961,ethereum_tx,0xb2714e4d347abf7f5a9eb8e232fe4c8c9e7f59d37e12c93a5b29f86cec2f9fc4,9481681,0xE5640C04d6A658908D257B2135a0Ac23eb79D63a,0x0000000000000000000000000000000000000000,1e-05,0.001000009,confirmed
2025-10-24T17:56:42.075961,ethereum_tx,0xfffb04a46838f84e70245ab834ffff2c4f054cf1a283dff22979e56da390674d,9481681,0xaF619b9C406797a30696F495CFF6175B8C9573Eb,0x15e195C27643557E8155e68C825fe55e1f1C7ddE,1e-05,0.001000009,confirmed
2025-10-24T17:56:42.075961,ethereum_tx,0xecd8b1eaf078f25762e0f25e61ecb169ce259c10a9752d29ae8c2f62314c58ed,9481681,0xe0A7a1d4c453d65D8E4F07166E0E7Fd8c1235193,0xfd7DE63361E2E9c9Ce9863fF83c8E127e6d87826,5.56e-06,0.001000009,confirmed
2025-10-24T17:56:42.075961,ethereum_tx,0x04d2dea65d7a9d2458401d66bc19c28b7e60410cb7b61afcc0f7cd5be0f6b80e,9481681,0x43E14291FeA92614DF18A7cA78D4b8572970A7Ed,0x03C66CB1826BDB0395BF31E68Bf7E873e9564fFB,0.0,0.001000009,confirmed
2025-10-24T17:56:42.075961,ethereum_tx,0x1a712a1501a6a0c3d745f33dbf3101d02467dda2ebefc373753c3eac7bec902e,9481681,0x09c86F9A8614d171238Eb5305B7e7c16B61A4057,0x59551eBC1b597493E78EB2369795A76c0D16fD1C,1.84e-06,0.001000009,confirmed
2025-10-24T17:56:42.075961,ethereum_tx,0xe5f993cfe3d92061b1db39e7bcf73e66a26f1fb0bddad56076e8f6081f1f01f0,9481681,0xcD12Ed9b63603bc9685Cda552c0156d9b297b41F,0x87A3effB84CBE1E4caB6Ab430139eC41d156D55A,0.0,0.001000009,confirmed
2025-10-24T17:56:42.075961,ethereum_tx,0xadfb77d4816925c1f8f57fcdb7525ebebb1b3fbc5b3f4ee7250d13405f86d37c,9481681,0x78fa4Ba8f410680C1F5E6db390FB3Af89f32dF77,0x03C66CB1826BDB0395BF31E68Bf7E873e9564fFB,0.0,0.001000009,confirmed
2025-10-24T17:56:42.075961,ethereum_tx,0x50f7ed39a2942f947ec8d6a3f66076cad45d4cd20d1b7400da961345f79b5b38,9481681,0xff8AD8FBfD507fe463005D256720317A90Fc49b5,0x03C66CB1826BDB0395BF31E68Bf7E873e9564fFB,0.0,0.001000009,confirmed
2025-10-24T17:56:42.075961,ethereum_tx,0xf0b1eb5bdccf7f1c347324226e5a4f469a40798fc868f686009432e172e9e342,9481681,0x2cD491400c8078FE9e0927BC41Ed60158C86Dd00,0x03C66CB1826BDB0395BF31E68Bf7E873e9564fFB,0.0,0.001000009,confirmed
2025-10-24T17:56:42.075961,ethereum_tx,0xb1d92bbf73f534e895394995cd1bda61f340d548fd1cc104be3ba727fd168fa8,9481681,0xaF59179BD18ed5C86482b06B7E5404465E5Fa405,0x03C66CB1826BDB0395BF31E68Bf7E873e9564fFB,0.0,0.001000009,confirmed
2025-10-24T17:56:42.075961,ethereum_tx,0xab3d1198e4d4fbefc085b9e424cb0532dc7ed11f44adedb9c6513dd8f2bbfeab,9481681,0x474Fc6A6735FA2a9D3a87fc04De2686BFa5A1836,0x32dB12ac43d40fAB920C38a58AA022d970477f5C,1.1e-06,0.001000009,confirmed
2025-10-24T17:56:42.075961,ethereum_tx,0xa7a9dc492b8864ea555c376721e790d9810ad6624bb3ed60bbe3fb45993aaace,9481681,0x7Bf0A08a301Ac4914fBE26Bb3662c56C712500aA,0x03C66CB1826BDB0395BF31E68Bf7E873e9564fFB,0.0,0.001000009,confirmed
2025-10-24T17:56:42.075961,ethereum_tx,0xd88e0c92dc033effedf681de4b4f5cc9e5aafc609f6d7e72ef15f82cec2fde69,9481681,0xe4b032521EF9471436b7a22a4a3c69CA1D1C3029,0x03C66CB1826BDB0395BF31E68Bf7E873e9564fFB,0.0,0.001000009,confirmed
2025-10-24T17:56:42.075961,ethereum_tx,0x1e93a720b65068455d6940aaca1c662b2941b44220c1d5e2e6700d4d801dfb18,9481681,0x364Eacd12A8C6d97ca2A23850aFa873Ad46FE387,0x03C66CB1826BDB0395BF31E68Bf7E873e9564fFB,0.0,0.001000009,confirmed
2025-10-24T17:56:42.075961,ethereum_tx,0x48769e298bb2ba6dc3395adc8a137a09f233f46f941bedd82d0ad6b1c3afcde5,9481681,0x1Ad2daBc8D944290Bc925A9DCe0cE52849b603fA,,0.0,0.001000009,confirmed
2025-10-24T17:56:42.075961,ethereum_tx,0xc1ac6a4f0dea65ecb0a6c9a949c440bdda9650e47701fb4c80f7df08518229e2,9481681,0xF5335E003e6258b9eC2E297Fd638777f3747Ee6B,0x03C66CB1826BDB0395BF31E68Bf7E873e9564fFB,0.0,0.001000009,confirmed
2025-10-24T17:56:42.075961,ethereum_tx,0x33e2f33c7363c32981480f6cbd28f041e51da973c01fdecc312d52421822b65d,9481682,0x4AB3387810eF500bfe05a49dc53A44C222cbab3e,0xFf00000000000000000000000000000000001301,0.0,2.000000009,confirmed
2025-10-24T17:56:42.075961,ethereum_tx,0x9da116e2765d14b9ec7f953542b5043cddbb03a1578771fd12e6357fac0f7fd2,9481682,0xe0bEa9f97559A5860edaDE603d4B8907bc460A28,0x102E0911cdC1f5505c2A64Dc499Cf04ADA974B78,0.0,1.000000009,confirmed
2025-10-24T17:56:42.075961,ethereum_tx,0x67c06c188028f1975c22229689f2788884f4827a9d1178c01ef7997d39d4dfd6,9481682,0xC6392aD8A14794eA57D237D12017E7295bea2363,0xF9a8c80f444D3045A779De13d1fbAfe27976a2c1,0.005,30.0,confirmed
2025-10-24T17:56:42.075961,ethereum_tx,0xf0e9c9277beb9efce69cc65c503bd6b3b9f908e4ad8b3d5f49f2641442531ece,9481682,0xAf6b508bF1f658fa9DF0FEB1E431b3334E1EC8fA,0x18bCB94F6334100A6f9b942D7E5DF214287238b0,0.0,24.000000009,confirmed
2025-10-24T17:56:42.075961,ethereum_tx,0x4271efc8ebe34fb8c77ddf015debffbf3865694ba8cd9d3b10b738d98a01c12a,9481682,0xb001aEB47bDb31EBE36C74518ee7B42E0926C697,0x73B668d8374DDB42c9e2f46fd5B754Ac215495bc,0.0,2.000000009,confirmed
2025-10-24T17:56:42.075961,ethereum_tx,0xe0555e7008e67b91973252509ab0e878563b82a7754fdffbe9b6a93f3c2e3247,9481682,0xb4cdEf10977C8014BFb58b3fe88c35e3456d0aA2,0x73B668d8374DDB42c9e2f46fd5B754Ac215495bc,0.0,2.000000009,confirmed
2025-10-24T17:56:42.075961,ethereum_tx,0xd87d593fa352365a551a9b7576669752940c9ffd72b98d8b0f57fa32c3372d2a,9481682,0xe7F38E2D57a0eA80240B5E65A69AF66812CbCd0C,0x624aD153f56EeA9025a1359abCF9F9D72E7963F5,0.01,2.0,confirmed
2025-10-24T17:56:42.075961,ethereum_tx,0x1798e4e26b35bb2605da650d1ba0eb1ed7019849e62b9221c5b45c38256c3510,9481682,0xd3c5967d94d79F17bDc493401c33f7e8897c5f81,0x5B8b13e8f3E6Ec888e88C77cf039EB6281F21D93,0.0001256062423739,1.501000009,confirmed
2025-10-24T17:56:42.075961,ethereum_tx,0xdf045df9ec28560cbcdb467bab4cd3329e1569d77819e7cdb72f0fd640fb65ae,9481682,0xc995CB934667733e0fBDBEaD76a4CD01B66dA721,0x5cFA7ffA14d6dd40551832b9D4c2eCff3db7d3fB,0.0,1.500000009,confirmed
2025-10-24T17:56:42.075961,ethereum_tx,0xe7633cb68c7a285e9d0eb5328b590bb897d5a902becc4f58547cb33ab63bad11,9481682,0x6A29cc2F73789E2EC36631af9Ba0a86fDe88d96B,0x465C15e9e2F3837472B0B204e955c5205270CA9E,0.0,1.500000009,confirmed
2025-10-24T17:56:42.075961,ethereum_tx,0x163ee638a0f675b3dccee1e89e83b752660957f26f466d1757142e40c57f4b07,9481682,0xC915fBB94D959EEbbdE2956e7f1DE2D6210A2147,0x956962C34687A954e611A83619ABaA37Ce6bC78A,0.007,1.500000009,confirmed
2025-10-24T17:56:42.075961,ethereum_tx,0xdfa324f49b592dfa38360472cdb6fe9df86e0d06f14a8642b2b320be85b5364d,9481682,0x204aF6a45d0040455F77C6417BD75693790F1F0E,0x9F057176F76263447c4473cdf7e2dC5534ba48E2,3e-13,1.500000009,confirmed
2025-10-24T17:56:42.075961,ethereum_tx,0xf1fc6414ef6ca976c9b414a0c0c43a8b4886beba683a76b8e87854e307ba36d4,9481682,0x067225c3428D07924E7db9924e7776855405eD70,0x2A4496bbC344414e3bDbE6a8E7c40EF007DAeEd1,0.0,1.5,confirmed
2025-10-24T17:56:42.075961,ethereum_tx,0x8cd5d2c675c33385fc0756530a7ee56ee21cdc421eb7f1349d65cd36aad00608,9481682,0xB24d00E645454b0Bf190E96416937A428c8A9770,0x2A4496bbC344414e3bDbE6a8E7c40EF007DAeEd1,0.0,1.5,confirmed
2025-10-24T17:56:42.075961,ethereum_tx,0x2b9d90ddf67fa54d3f2e74f1c787a9dff734d3880e87ccb0192c9f63e02377be,9481682,0x46539Be5940C10bfF73De48278D2562202f35748,0x2A4496bbC344414e3bDbE6a8E7c40EF007DAeEd1,0.0,1.5,confirmed
2025-10-24T17:56:42.075961,ethereum_tx,0xff460076fb6dfd3b68ac9e31905a5834abcacb41f9ddf64d5746731e84091496,9481682,0x9A3ff835AD7F3fBC63d7D61D35a5092532B42002,0x2A4496bbC344414e3bDbE6a8E7c40EF007DAeEd1,0.0,1.5,confirmed
2025-10-24T17:56:42.075961,ethereum_tx,0x0ddb5d1ed157703fb76aa41b1f23db1646825c2e1084b40fa651d87e8f196a5f,9481682,0xcc820Db61cAc455AB7769315b5b911871321C18C,0x2A4496bbC344414e3bDbE6a8E7c40EF007DAeEd1,0.0,1.5,confirmed
2025-10-24T17:56:42.075961,ethereum_tx,0x70e576773e1d1d653600ba5216fdb520e0e5c3446bfffa0858558020484be6c6,9481682,0xe7e6d1c56cCdA90c7738aB3244FfC5e40fc4d445,0x2A4496bbC344414e3bDbE6a8E7c40EF007DAeEd1,0.0,1.5,confirmed
2025-10-24T17:56:42.075961,ethereum_tx,0x9649215bf995aafe1a32d5ef533f2757cb9231c362c1e9a952c0b69ebf636685,9481682,0xFDe992231A330Ed7E47948C943f602025f370B10,0x2A4496bbC344414e3bDbE6a8E7c40EF007DAeEd1,0.0,1.5,confirmed
2025-10-24T17:56:42.075961,ethereum_tx,0x6800c8b6e9c02ad081bb301845d44bbf28e8568f1fb094c28ee3a7eb2c30646d,9481682,0x5DA8eF4603D0a59acb9B0BD73a72E1ee468A44Dc,0x2A4496bbC344414e3bDbE6a8E7c40EF007DAeEd1,0.0,1.5,confirmed
2025-10-24T17:56:42.075961,ethereum_tx,0xdc518a1f8bc07320c5b2898f5fe4906e9bc20dad1089318313a30c1b9d173cfa,9481682,0xce36791143F2d0Bb994A3bd58776BCe6F252fFB9,0x2A4496bbC344414e3bDbE6a8E7c40EF007DAeEd1,0.0,1.5,confirmed
2025-10-24T17:56:42.075961,ethereum_tx,0x6b090b31c2a58f82e9e9240b6382864cabeeb69ce4a1d9ceaf7f0b8e6aa4f11b,9481682,0x6adbFB2d5D377612c5D3Fd9373934FbdcEaC160F,0x5FEE2306F5207C781D3Cb73DEB39Fe06eFdCB1e0,1.09e-05,1.5,confirmed
2025-10-24T17:56:42.075961,ethereum_tx,0xa13aa416e8c9f3cb7265faf53eb7118f62fe8cf0bcde1992545ef4c9984a0ec0,9481682,0x7Dd0FB0877da5C00fdacdF69cf51C1229Fa18924,0x1D15a66521BdB3043335734039D428f97bAb3f7e,0.0,1.000000009,confirmed
2025-10-24T17:56:42.075961,ethereum_tx,0x98763c8e293769183c18bacda2996997f3da9859b74b79d94c36337a75976a05,9481682,0xfd53470828BE7b9b3E39670323C0Bc1F1a3B7B7d,0xade2208f895c258133da617d414d61446364C7Fc,0.0,1.000000009,confirmed
2025-10-24T17:56:42.075961,ethereum_tx,0x39e39bb7d4c61d892c0a5854f3dd5261bf48b046edf4c8c94d28766aad36e250,9481682,0x2395B71Aa01AECB581b01f37a8602E77B85dAB93,0x37ee6198c9B6967a2d9BC6BfE300B52db30a58C1,0.0,1.000000009,confirmed
2025-10-24T17:56:42.075961,ethereum_tx,0xe088944dee4bc004a8ee488bc889dc1b0a9b01719d0daf7dd4fe29a34ff9acb7,9481682,0x551caC33C63eBb9F91CECF9e1D81C8Add97695eA,0x9F7806f826D3a31d9a3EB338274E0D27712D4322,0.0,1.000000009,confirmed
2025-10-24T17:56:42.075961,ethereum_tx,0xc1f62412a3defdcd6778bd1bdd56f7de5b6819c601c503c05f2ef056a70fb34e,9481682,0x584D61A30C7Ef1E8D547eE02099dADC487f49889,0xff00000000000000000000000000000000006806,0.0,1.000000009,confirmed
2025-10-24T17:56:42.075961,ethereum_tx,0xea55986a79ed394b8a63b84cc7ff8eae6e2a43b19d79ddd27bf14a6da2da616c,9481682,0x0a3eF2f39aa6acA5609C2454dfBA39e3FDFc0E92,0xb574B65E477C315F40694fB5dECee5F9c58B2C85,0.0,1.000000009,confirmed
2025-10-24T17:56:42.075961,ethereum_tx,0xd25041c53fb3b2d788fd419a6837095a5e314cbfe088b129f419d11fd2522e90,9481682,0x6D6a3b2Db28E266cDdF628f598eD58056c26E42b,0x1fB23daC036A3BF1E15Fb5F43DFD67C76e026e8E,0.0,1.000000009,confirmed
2025-10-24T17:56:42.075961,ethereum_tx,0xd9e97285f2a54090ce1dec37d99b9b73e76d6bf083f86488d16a4ce6b8f4bfa5,9481682,0x13a021dbD56A6E8f5a74386e7637aDFf476a825E,0x109437E6E0c3Ea03799C63D7910918522A1Dd5bF,0.0,1.000000009,confirmed
2025-10-24T17:56:42.075961,ethereum_tx,0x2c12d136355cc581b79cb6d31d97079480c83fddd09720d3102314b00bfcd65a,9481682,0xDB2D29CE5457BcB9C5BabFd478123F0125ca63F2,0x6c8c141Ba0e67Bd18bc87b2642eA88A51A0Fc75C,0.0,1.000000009,confirmed
2025-10-24T17:56:42.075961,ethereum_tx,0xc815082aaf5fc8a8c5415a5ce26891bdfb9f1a1d2240f9825d4e7f27aa31e8db,9481682,0xDd33F9da023F7A1dDa5c14387631A40a1661196a,0x003E85D5e1c3003f2e02D6fFd81c476954386FF7,0.0,1.000000009,confirmed
2025-10-24T17:56:42.075961,ethereum_tx,0x2582e877f0b3fb1570b9887d34f055f1cf4112e047dc9e08db24482f4d1eb1d6,9481682,0x45A9E762151139bA4059404989DcFAb068D69823,0xFf00000000000000000000000000260011155008,0.0,1.000000009,confirmed
2025-10-24T17:56:42.075961,ethereum_tx,0x5bac616116ac09d45dee9f87312dcdbd3ecd23c4e0d3f39fe94619246849ba83,9481682,0x7e44215dB97d1dA208e05164d7821022fd853C0a,0xE0F7589185802731B7842882041a3c6098d9c690,0.0,1.000000009,confirmed
2025-10-24T17:56:42.075961,ethereum_tx,0xee9ea7984ba192502a6549486d5f0e3b8383d7a13505020d43147afd4080f0f9,9481682,0x06F5C815679E1323c87791bEC055Bc7afaEF04AB,0xFCb1C51957bF45345aBCAAb7827846aF337870c4,0.0,1.000000009,confirmed
2025-10-24T17:56:42.075961,ethereum_tx,0xa88e90950ef724effec34d86fe0d0ebd0351476194f16449a4ba4c334fa24f4a,9481682,0x70d00d4364b45b43AEa3e6F14B59CDf9804845cF,0xec41Ed6e491e9AcD1dC4440A49Ec4DF9c682Fc6b,0.0,1.000000009,confirmed
2025-10-24T17:56:42.075961,ethereum_tx,0x8401d5355603c5b78b39dd5add7768ce649b2913abeab2d215201477ca00112a,9481682,0x8e44b28faBAFa0a01bf026C7AaB73eDD39699123,0x457783e0B1Ef4455a2dE36d8174F522e8Ac8264e,0.0,1.000000009,confirmed
2025-10-24T17:56:42.075961,ethereum_tx,0x9ed7ddf20db846c8caea82a11bd9698d5bccada12df6b8b43f41d1d60fd1c466,9481682,0xBb04BFa600969359840265010884b1dc6987Bb69,0x20614FbACFc03443005df4A8d871530B58f3f3D6,0.0,1.000000009,confirmed
2025-10-24T17:56:42.075961,ethereum_tx,0x95f1802322aa3d30192c02a11c226349a7d9a245a9192156347c7764b66b452d,9481682,0xa029e2E511d10CC73b681a7BA0A0cb443AE956Ed,0x5F9364fd5F86091f0c654910c9Db71D3E2c889c3,0.0,1.000000009,confirmed
2025-10-24T17:56:42.075961,ethereum_tx,0xf1358afb93a6c56f84963050867945ab8e2fb50900c22627417194e8a42022c9,9481682,0x155f043Fb533cAeB7E63CA878350c3a0962A2BFA,0xdcFb97cA0666809e9522f5a4FcF98e8b2D4686e7,0.0,1.000000009,confirmed
2025-10-24T17:56:42.075961,ethereum_tx,0xdcd02bffd46e5b62c4f4f8d5fafe3e50f639fe699661ed00bbe81f1e441d5acc,9481682,0x91423cA5EeDab51Cc969f63Df5861e0DC25474b2,0x002CA6Db65f4440575832399C3FcB23A00D470BF,0.0,1.000000009,confirmed
2025-10-24T17:56:42.075961,ethereum_tx,0x6764c8f8f8f1505524fc591738efad9f35eb49c184c7dfb765cb7098233e69e5,9481682,0xF0FEd0C0192539a1076d8BDa1233f414704d98Be,0x00D22efF04CF7d0f5A355A6D9A06E43120398dA6,0.0,1.000000009,confirmed
2025-10-24T17:56:42.075961,ethereum_tx,0xb0aad44ccfae0f9a65805a5eeaace59eea82b81cfc65702702fffa50cd0a98ae,9481682,0x0d81b78b1A476e68D2A08910C6f17bb9dEda50d9,0xa6f0ED3A9a5aC79cacCa674A63aDB98c13c6Ef1b,0.0,1.000000009,confirmed
2025-10-24T17:56:42.075961,ethereum_tx,0x37e1289626cfcb30edbae44f47248709ea36bb1566364315ca78f5555e5a7c27,9481682,0x2DAd7Dee999875812f3DbFA3F6ed65B6A9Ed247b,0x252B2ADEc0F1CC8AD701A3Fc89D4C006c34B255E,0.0,1.000000009,confirmed
2025-10-24T17:56:42.075961,ethereum_tx,0xa1850bb979accd1207d70ed464042befa6ef58cabbb71809e171cc2da8c52c41,9481682,0xB5Ed3CfEcB5524dEEb19540a9c94f494C37cE65a,0xB1F124a9d8c05560EdC077a2E829a3dD432fD83e,0.0,1.0,confirmed
2025-10-24T17:56:42.075961,ethereum_tx,0x8e37899b5a47839c715d2d231b5ab7b9645357cd0307d69ead15fbad875fc83e,9481682,0xFcC86E3d8eC051bD0BdcF3D492C3dEF0B9D325fe,0xDFe1f6a4F26aDd4CB688027b2e86d8cBF7CCA1a7,0.0,0.050000009,confirmed
2025-10-24T17:56:42.075961,ethereum_tx,0x1a20ccfd6bc69f0c1058d73388c56a4b0b1ccc0cc49b3f1e4fdc8da57ceda6ab,9481682,0x0C8a5fBC8fF4a980D5852e8A3065C2F5d53b6206,0x33FeC918028cfd4221812A0062992C48b92F1670,0.0,0.050000009,confirmed
2025-10-24T17:56:42.075961,ethereum_tx,0xf09cd28fe64817ced740ac6090949c5d71aeb4307cc61ffc7737e9d1a5459667,9481682,0x0ca699F8b384a3442CD53C3AC1Ec3D74E5c95D53,0xf993E10C83Fe26DddFc6cb5E82444C44201e8a9C,1e-06,0.020000009,confirmed
2025-10-24T17:56:42.075961,ethereum_tx,0xf651656bcd254347fadf4d7b008744c008b057db826b0172ef7fe1e07721f89d,9481682,0x8E18522ED89F6160cDC663972297d3F6C19d50f6,0xf993E10C83Fe26DddFc6cb5E82444C44201e8a9C,1e-06,0.020000009,confirmed
2025-10-24T17:56:42.075961,ethereum_tx,0x6d6e874ebaa0c7c1ffe87c939bdad893a9af446ed531d73ff1f02335b426fae7,9481682,0x42336ca934eE40196c76105281c4c009398603F1,0xf993E10C83Fe26DddFc6cb5E82444C44201e8a9C,1e-06,0.020000009,confirmed
2025-10-24T17:56:42.075961,ethereum_tx,0x1c2323cc8680223618c4b5344e2b6aa8017e971c9c745e6f932215653a39b0db,9481682,0xD9950EEED5F82EDfbd7353aFfba7FC665b1E3E3F,0xf993E10C83Fe26DddFc6cb5E82444C44201e8a9C,1e-06,0.020000009,confirmed
2025-10-24T17:56:42.075961,ethereum_tx,0x719176d81020fb47651851507739f0dab5b6fc26de6c35fd8fd32847c7bcee69,9481682,0x4BA56bDa2009816e260921970041d6Eb005D7272,0xC764A997C86dC22B50Eb637626e3f46bfd82534A,0.0,0.001500014,confirmed
2025-10-24T17:56:42.075961,ethereum_tx,0x7691d72a776e3332008c002d7c178bc9c07433ca9bcbeffb784c5ea5031f218e,9481682,0x6d7927C0D236388319864007681BC0C6b844Def8,0x12e1181a741b70BE6A9D81f85af3E92B6ba41897,0.0,0.001300011,confirmed
2025-10-24T17:56:42.075961,ethereum_tx,0x618e0c022e935c3497f74ce2efcd4f2eeda88ca3436e9b0d0be3fde4739cb5b5,9481682,0xc4126266E8BA270F1370765308b9D01480556DA6,0x440C9415071A97be0fE2cE84522C3916907b638b,0.0,0.001200011,confirmed
2025-10-24T17:56:42.075961,ethereum_tx,0x5ad733167eaed23c1aca0620d935994f320a5f8de388b834e802027276b09d50,9481682,0x65141CA3329DA9A83458017474b5Bc62097Cf24f,0x69C6b28Fdc74618817fa380De29a653060e14009,1e-18,0.001200009,confirmed
2025-10-24T17:56:42.075961,ethereum_tx,0xe8cd644c1a4e296d557eb1bb6527b9a98eaf898d097f2d13a797bf8bb894e6d4,9481682,0xF5E8A439C599205C1aB06b535DE46681Aed1007a,0x0aC93809F127308de0A962f1fA9693a7Ad72f9C4,0.0,0.001200009,confirmed
2025-10-24T17:56:42.075961,ethereum_tx,0xd064e210cc137e81776174fe970c454275551fa2e566ea1c50f6a3dc9488bec4,9481682,0xF5E8A439C599205C1aB06b535DE46681Aed1007a,0x0aC93809F127308de0A962f1fA9693a7Ad72f9C4,0.0,0.001200009,confirmed
2025-10-24T17:56:42.075961,ethereum_tx,0x4e1f4cd2b554961dfb6c0be0efd2cf492e9045d0b2e25d8b0a4d7bd3d1695ade,9481682,0xF5E8A439C599205C1aB06b535DE46681Aed1007a,0x0aC93809F127308de0A962f1fA9693a7Ad72f9C4,0.0,0.001200009,confirmed
2025-10-24T17:56:42.075961,ethereum_tx,0x12d30d3acd7375f50db74b404437612bc39a559abaed2fb49416a3d5e0b07653,9481682,0xb3a1956Cff1ecc8054B81b0C83b9847CB71384b8,0xCf8EDB3333Fae73b23f689229F4De6Ac95d1f707,0.0,0.001081003,confirmed
2025-10-24T17:56:42.075961,ethereum_tx,0x2a6e2fa7d3b9f1c74b378f5745f9367e93a8fb0afa359a77f2d8ec344772e84d,9481682,0xb3a1956Cff1ecc8054B81b0C83b9847CB71384b8,0xCf8EDB3333Fae73b23f689229F4De6Ac95d1f707,0.0,0.001098004,confirmed
2025-10-24T17:56:42.075961,ethereum_tx,0x50805416391eff86df4ffc33704a0d9892c51b7bea6790f8c69c21d51ca9faee,9481682,0xb3a1956Cff1ecc8054B81b0C83b9847CB71384b8,0xCf8EDB3333Fae73b23f689229F4De6Ac95d1f707,0.0,0.001098004,confirmed
2025-10-24T17:56:42.075961,ethereum_tx,0x0abb24af1893d181e24422997e71d562ff4482b2b2473c2cc2a900f7cd553c9b,9481682,0x81f522d0881039D1b6009CeaFBBd798aEbE7b985,0x0820f975ce90EE5c508657F0C58b71D1fcc85cE0,0.0,0.001060008,confirmed
2025-10-24T17:56:42.075961,ethereum_tx,0xeea96e1124c94d882ea3bd46a17058e17463f855c4c80d38ce406e79f0102660,9481682,0x715d1084b1237Ba6a61447890F282E2505471EEC,0xb5A49949C49dEDD852F9f0f419b17aD2785032db,0.0,0.001060008,confirmed
2025-10-24T17:56:42.075961,ethereum_tx,0x06789f7a86ce2d9b46e7b15619db3cd487010e976f69162951bc5003a261c32a,9481682,0xceFF2eE3291d03B524f1E9147822E57Aa87F78Cf,0x3eDF60dd017aCe33A0220F78741b5581C385A1BA,0.0,0.001052641,confirmed
2025-10-24T17:56:42.075961,ethereum_tx,0xfb75bf725a014970aa2421b67260c0b16b83e3a7b1aa76808de44f09d54a9680,9481682,0xa2157100Fd0b2288e8dd0EfF22Da84cF623A31ce,0x7215691F60C4fA7Bb82c5Ac44c7d57dc32bB0493,0.0,0.001052641,confirmed
2025-10-24T17:56:42.075961,ethereum_tx,0xaa48aabdd832854401b44e539794dc4faffb761272159be56f9f6de7ee6614a4,9481682,0x75C0c372da875a4Fc78E8A37f58618a6D18904e8,0x1c7D4B196Cb0C7B01d743Fbc6116a902379C7238,0.0,0.001000009,confirmed
2025-10-24T17:56:42.075961,ethereum_tx,0x899fe2aca598da9bda99e1b9fc497891ddc70f50fce07fd32490644adc01f0b0,9481682,0x75C0c372da875a4Fc78E8A37f58618a6D18904e8,0x1c7D4B196Cb0C7B01d743Fbc6116a902379C7238,0.0,0.001000009,confirmed
2025-10-24T17:56:42.075961,ethereum_tx,0x3a8dd45ed2f822c5c8f9d0fbeff30849695f1e7ba65d616e01319808b053a484,9481682,0x75C0c372da875a4Fc78E8A37f58618a6D18904e8,0x1c7D4B196Cb0C7B01d743Fbc6116a902379C7238,0.0,0.001000009,confirmed
2025-10-24T17:56:42.075961,ethereum_tx,0x2a72c2e923009a1bdb4e91ac12c804c377aebb8e989983350916320edc4385fd,9481682,0xE5640C04d6A658908D257B2135a0Ac23eb79D63a,0x0000000000000000000000000000000000000000,1e-05,0.001000009,confirmed
2025-10-24T17:56:42.075961,ethereum_tx,0x381af12f752ab1a0dbdb8e9512080500bbc7c4e5fea8008126768c22712c5179,9481682,0xe497c1882d2fC664a2ba93C774363eA14F211d90,0xc807aa9514993745Cf7C35dDeB3eAdE5Af1e7B2C,0.001,0.001000009,confirmed
2025-10-24T17:56:42.075961,ethereum_tx,0x206bb7fef6e4ea9f42f92fd3dd1a4db47231c265b5f77ec61d4aa952c54389b5,9481682,0x112c7722C9A6AE8E407325C43DBdAF385153cD0E,0x12919da72bE9427DCD3AFA4Eb19CAD818f816df8,1e-06,0.001000009,confirmed
2025-10-24T17:56:42.075961,ethereum_tx,0x495a4109a1f4311e7cc1b389d5ceafda8699584614552e6199b291ecf5e7194e,9481682,0xC70D1Aa0Ca3dDE712156352aF47FD9dd483059ED,0xB88Ca91Fef0874828e5ea830402e9089aaE0bB7F,0.0,0.001000009,confirmed
2025-10-24T17:56:42.075961,ethereum_tx,0x5888639c889dad71396ca5779506e8070c433d6cea5330d19f93e0568dfce502,9481682,0x365DA63b66073176aa54e7762771a420B55DC096,0x03C66CB1826BDB0395BF31E68Bf7E873e9564fFB,0.0,0.001000009,confirmed
2025-10-24T17:56:42.075961,ethereum_tx,0xb3186ee8f90d4411b4441508e89fd305b767b07247dbc0767409fd23e496915b,9481682,0x3Da763C42E438eB17880fB6A83040d6cf13eF03b,0xFf00000000000000000000000000000000042069,0.0,0.001000009,confirmed
2025-10-24T17:56:42.075961,ethereum_tx,0x2af85fe15f8fe74055ec32d1e5939b1d9f65dd3bbce86dc1e74d857a12b0cd70,9481682,0x991863C43Aa5555BF15666C363B1Ff70e75Fcee8,0x8aEfcDdA8CDD360a446836b08DfC65b88474d303,5e-12,0.001000009,confirmed
2025-10-24T17:56:42.075961,ethereum_tx,0xf1ddbfe33dce1ae5300cd657782bc9e4f4622e23204f24e098aafa6406222e29,9481682,0xF5d451794BF2dba8C173c021Ea0A3fC5FcB34D2D,0x03C66CB1826BDB0395BF31E68Bf7E873e9564fFB,0.0,0.001000009,confirmed
2025-10-24T17:56:42.075961,ethereum_tx,0x097440ce1279adf02efde3d960c7ab61f522205aa9d7b9e0694a41d075c932f7,9481682,0x44ed4576CEfF95b85BFF7Cf41064662a1977464F,0x15B0E3766B144fbB190AeA6F01d8676af20C5aef,0.0,0.001000009,confirmed
2025-10-24T17:56:42.075961,ethereum_tx,0x6ea44fbed6cacece4dddc84c3bd1dff9eec4b3c977c1dbf5e061dff89e62e8b4,9481682,0x69418191feA04C76Da3c1164a987C5200E904D48,0x03C66CB1826BDB0395BF31E68Bf7E873e9564fFB,0.0,0.001000009,confirmed
2025-10-24T17:56:42.075961,ethereum_tx,0x9145f8258e4c2d4a46c832d78a2babc34dcfec4a4106443da05f6f554c856507,9481682,0x17c79B9E8688eDd6837E6ADE143118Db45D32ece,0x03C66CB1826BDB0395BF31E68Bf7E873e9564fFB,0.0,0.001000009,confirmed
2025-10-24T17:56:42.075961,ethereum_tx,0x3ff3c4d37fe84ea98195c2f96e77f67dd26f5393e49b3582cace83e544e47449,9481682,0x1Ad2daBc8D944290Bc925A9DCe0cE52849b603fA,0x99b4A238E6c2d8D48a8c3cDC4E5425aA572F84ee,0.0,0.001000009,confirmed
2025-10-24T17:56:42.075961,ethereum_tx,0x5096225d53cf8bf8a4daf5727f5461cc7adf684e3a81e5e4de8a8de3218afdaa,9481682,0x71955d4098cD2C0737184Ec881016a538ed9A90D,0x561A3Ca88eF38ABC1eCB6B5C8a2fFaa28Cd0b384,0.0,0.001000009,confirmed
2025-10-24T17:56:42.075961,ethereum_tx,0x75d41babfbb6d4d76f198916383231f7e17da78f4f2a7e678b82d44faa1e5623,9481682,0x1655888a7f33d520a1b3B1565A079b2ea74C692b,0x03C66CB1826BDB0395BF31E68Bf7E873e9564fFB,0.0,0.001000009,confirmed
2025-10-24T17:56:42.075961,ethereum_tx,0x1e5d0a451803c876f6e79ad9530d875fdf300b5cb5b29c51ed2ef3ee7fa4e8ee,9481682,0x712b238Bb9Eb38D6Def868Af51b0418bD49b185d,0x03C66CB1826BDB0395BF31E68Bf7E873e9564fFB,0.0,0.001000009,confirmed
2025-10-24T17:56:42.075961,ethereum_tx,0xaf40fbdf1636ddbf66cc0b887ca6b8e7fa76c7ed2228d74204e66302f29ec5fc,9481682,0x6A1AD31676D0E3618c94F6dB108B62900E929B73,0x03C66CB1826BDB0395BF31E68Bf7E873e9564fFB,0.0,0.001000009,confirmed
2025-10-24T17:56:42.075961,ethereum_tx,0x65b4dad5bcfac80d912b944e5e53153f522e54e3bdcde9b22191612f7df3f00d,9481682,0x2A54FdB8FF11E96B624328453c3bc6f347FEF421,0xa3C6530dfeAbC1dE3c97549E318054C871E5D0Bc,0.0,0.001000009,confirmed
2025-10-24T17:56:42.075961,ethereum_tx,0xf036170f50c678f419b1abb1ee15b602de285b39f7462abd623c28154a2fbe1f,9481682,0x474Fc6A6735FA2a9D3a87fc04De2686BFa5A1836,0x5F8BC62CeC94a410B0ba2132E83c0A06BBbEdF7E,2.16e-06,0.001000009,confirmed
2025-10-24T17:56:42.075961,ethereum_tx,0x83100cfadaff5a918a585a80659a34bdeeffc36f4f361c77c42579477fabaa43,9481682,0x1386728A8f93687d2F3C957170C14a180E0c193B,0x3E836308a6cA81E6D20d9DaA823b3077d2A417D4,1.6e-06,0.001000009,confirmed
2025-10-24T17:56:42.075961,ethereum_tx,0x5ce46878a64e843209bf3e88cf9984041e2b0016ff74cb52578fecd2a8a16838,9481682,0xd9F59bd0AB5CcE4D844aE256cB4AF5CA09304A6D,0x03C66CB1826BDB0395BF31E68Bf7E873e9564fFB,0.0,0.001000009,confirmed
2025-10-24T17:56:42.075961,ethereum_tx,0x153edd8cae570af31e33f973eceeaea3bb87833febe49d55f0d6c42f0701fc41,9481682,0x59348B54F767e50f76A461D6f96d0aEEeFAe1921,0x03C66CB1826BDB0395BF31E68Bf7E873e9564fFB,0.0,0.001000009,confirmed
2025-10-24T17:56:42.075961,ethereum_tx,0x52a0dcd0194845b58cfcf525cf5408575b7141ef98b70f40b9aac5b3d419e6f4,9481682,0x02B263c2dcaCD2C84BE49C6D0110a9d8529Cba4E,0x03C66CB1826BDB0395BF31E68Bf7E873e9564fFB,0.0,0.001000009,confirmed
2025-10-24T17:56:42.075961,ethereum_tx,0x353085334589ad72dd26191642eecec5c834bc80516f46a583055a0e4d71a355,9481682,0xFD3Cb02b9544bBF8E24Cab09F3FA2711133140eb,0x03C66CB1826BDB0395BF31E68Bf7E873e9564fFB,0.0,0.001000009,confirmed
2025-10-24T17:56:42.075961,ethereum_tx,0xb2f63db87e4e7ea781a3dcaa9deaf00e6975d46f326f7ab221368a6ecc393416,9481682,0x330724f97F27CC79a62cb4065672d0760bFB0f09,0x03C66CB1826BDB0395BF31E68Bf7E873e9564fFB,0.0,0.001000009,confirmed
2025-10-24T17:56:42.075961,ethereum_tx,0xaf26bd99b3aa1b0b92bd6938d879096002e318229a22866f91705732ec5bc4c6,9481682,0xFC90Fe3B3B7B21a9e9f929c61e164f4779630F54,0x03C66CB1826BDB0395BF31E68Bf7E873e9564fFB,0.0,0.001000009,confirmed
2025-10-24T17:56:42.075961,ethereum_tx,0x601f041a1aef30c61ee9567c94b6109376f9d51d00a4a7018a008c6ebe177615,9481682,0x37227712b04B88DD60e8d2aC75383C9c173639ec,0x03C66CB1826BDB0395BF31E68Bf7E873e9564fFB,0.0,0.001000009,confirmed
2025-10-24T17:56:42.075961,ethereum_tx,0xcc69507156fa578904bb49beeade6d5dad905a4894969e5a738b5e8249a19e68,9481682,0x491aE4A7bE91BB6b84232bAC79A9Cd5AB017E715,0x8f6E15d9A4d0abCe4814c7d86D5B741A91bDCC04,2.5642e-06,0.001000009,confirmed
2025-10-24T17:56:42.075961,ethereum_tx,0xa4aefbb62cf970a607da6f2eb32bb39b927affb9d1d32cfbf8fc57204a60e46c,9481682,0x6ff22C2Eb4B225cBaC7D69b184A9104b1C8eaA9D,0x03C66CB1826BDB0395BF31E68Bf7E873e9564fFB,0.0,0.001000009,confirmed
2025-10-24T17:56:42.075961,ethereum_tx,0x75e32723c1dd02fdbd300f7811e113f5df3f9a8fc8877edfb3ca4a5b7c190747,9481682,0x0B0e2673A1CE96a115c2c53e1304eD4640294856,0x08d2b0a37F869FF76BACB5Bab3278E26ab7067B7,3e-07,0.001000009,confirmed
2025-10-24T17:56:42.075961,ethereum_tx,0xc342c2d8f21ada51431992b9675a215518f8781cfaf69981fbaff370ff362532,9481682,0x36760519827d082E2bA5aaCF7fe2EB3272978F13,0x08d2b0a37F869FF76BACB5Bab3278E26ab7067B7,4e-05,0.001000009,confirmed
2025-10-24T17:56:42.075961,ethereum_tx,0x8e8b77103be46ae38e04a2b54485aaa21c890c347463f400a642d5b0fa90c712,9481682,0x0c06384B9D5Eb60E97B100d0116a7eCf62915957,0x08d2b0a37F869FF76BACB5Bab3278E26ab7067B7,5.52e-05,0.001000009,confirmed
2025-10-24T17:56:42.075961,ethereum_tx,0x724adb7b7d75bf066e715a10c9edf3de8acbad4067f1ad943a16c13b6dcffc51,9481682,0xfCA9CB97f1d53B349ECb9aF15f158A58e9c5F1C8,0x08d2b0a37F869FF76BACB5Bab3278E26ab7067B7,4.86e-05,0.001000009,confirmed
2025-10-24T17:56:42.075961,ethereum_tx,0x0067fa2c3bcf3d826552402e878b5fbb03aec90e543c98ed3b0f4aed75d7e370,9481682,0xED7378B2eCeF54536339f6E029accF40D873Dfcb,,0.0,0.001000009,confirmed
2025-10-24T17:56:42.075961,ethereum_tx,0x7f940e0e259d0533d5e747a0e1316b054ce3acdc5f8e701e5984fda5f594a191,9481682,0xaD505B753b3D04CBD319C37f78ABCC1EEa74fbD5,0x08d2b0a37F869FF76BACB5Bab3278E26ab7067B7,3e-05,0.001000009,confirmed
2025-10-24T17:56:42.075961,ethereum_tx,0x91fb63d2867efae08caad677aa5e8cbc65080cb40e80b167036762fba6516c56,9481682,0x9DA9E546c7DC934EB622c05b9DE9688576711d77,0x08d2b0a37F869FF76BACB5Bab3278E26ab7067B7,3.88e-05,0.001000009,confirmed
2025-10-24T17:56:42.075961,ethereum_tx,0xae2fd5feeafc58e5b98353ae3565bfd4bab141e5c5276fb4313cdb16821aa4ef,9481682,0xcc7a3706Df7FCcFbF99f577382BC62C0e565FcF0,0x9d94F6cc7713501c5C08c5B87472059e360210e5,0.0,0.001000009,confirmed
2025-10-24T17:56:42.075961,ethereum_tx,0x9bc87a8061b2edf660d8357ab2c5dfe06cac0586c71c240b6f9e400c5ffb664d,9481682,0x05C262C55a3854b9EC58d255295A0EB77C1148aC,0x87A3effB84CBE1E4caB6Ab430139eC41d156D55A,0.0,0.001000009,confirmed
2025-10-24T17:56:42.075961,ethereum_tx,0xe356af631d14624d164e31cb747d4fabedf474978255e9c7a8ed067a10c98b55,9481682,0xE232521803e53509E75A8DD8e8C9db2d56Ae70C0,0x019Cc1e1aa721559ceA132F5206D71771011D304,0.001,0.001000009,confirmed
2025-10-24T17:56:42.075961,ethereum_tx,0xbf2dc4e8782d22319bcc054ac2454b499e80892a060f327e7e9f8070702f9d98,9481682,0x4cB9ac68A2151f14E8242a984b1F1faDb36EBF60,0xC97F5f2FDE4fe6e220069F8D3718bE4FaC7C00f0,0.0,0.001000009,confirmed
2025-10-24T17:56:42.075961,ethereum_tx,0x7bc76e8f5536dde3dd2702c6932a380cee082fd093afad3414a7ede293e75e18,9481682,0xE714Bf286dca57CF7BcC44567bD7A8ab04f47dd2,0xa410D1cde3d56Bb7daa9cfEAb30872a2cEF0f611,5.39e-06,0.001000009,confirmed
2025-10-24T17:56:42.075961,ethereum_tx,0x0ec0035cb497e561b5a62c8fde4f8b6c013adc65700a8c6d4ece1b867bc3b80a,9481682,0xD08a5A94a086a831c2Eb08B93cAB4Ff054182da7,0x853758425e953739F5438fd6fd0Efe04A477b039,0.0001,0.001000009,confirmed
2025-10-24T17:56:42.075961,ethereum_tx,0x4851729cddfd824121f5fbe4742c0643ddaf22c84952e7dfd1c3f8b554556d04,9481682,0x95DeBD421419966cbfF6F81215d041Ac12731C05,0x853758425e953739F5438fd6fd0Efe04A477b039,0.0001,0.001000009,confirmed
2025-10-24T17:56:42.075961,ethereum_tx,0x928d72f42cd9116fd75b169c052c7e81f6fdb4e6e85d8a31de4ba2a24b325ae9,9481682,0xbd9fd62b549b792Cc223E11F4DCF9F873691A600,0x853758425e953739F5438fd6fd0Efe04A477b039,0.0001,0.001000009,confirmed
2025-10-24T17:56:42.075961,ethereum_tx,0xa4b413ed5b00e6905929546c0b16ce516411885e93544ad89737433672c2e9bb,9481682,0x56723acfaC076C8d5C36F8056E2Be9DF659C3b14,0x853758425e953739F5438fd6fd0Efe04A477b039,0.0001,0.001000009,confirmed
2025-10-24T17:56:42.075961,ethereum_tx,0x7d8ac50bb4d90817e90ef8fa7570c6684fc3d760cedb0c2e13235a8e6f81989b,9481682,0x3DFA664c6E5E46aF399C2612054607EB1E94c6bB,0x853758425e953739F5438fd6fd0Efe04A477b039,0.0001,0.001000009,confirmed
2025-10-24T17:56:42.075961,ethereum_tx,0x2327eab596b4a276c1463a591e1c9a22188e41229dba28168a5d814f3e7fe0bf,9481682,0x78FfaCe2CB28B23c98ecB1FbB74863613C5c5F66,0x853758425e953739F5438fd6fd0Efe04A477b039,0.0001,0.001000009,confirmed
2025-10-24T17:56:42.075961,ethereum_tx,0xa28928f033a94367fc5ece715e0d0e6d3973a57a90ed839f6680aae340ed0c40,9481682,0x70F9d4C312f6D59154ac747473D70B9F196D6DBC,0x853758425e953739F5438fd6fd0Efe04A477b039,0.0001,0.001000009,confirmed
2025-10-24T17:56:42.075961,ethereum_tx,0xce3ff00755830aae488349faabd8a6c3e3926b6df83413ada2086f783e66d17b,9481682,0x5d72984B2e1170EAA0DA4BC22B25C87729C5EBB3,0xd4116f515A6958da851080B390DDE4B81f408978,0.0,0.001000001,confirmed
2025-10-24T17:56:42.075961,ethereum_tx,0xf3dfb6373a35822a6443f8e23e394fcf9f32b592ffd0df72f2ab26983cdcc1f9,9481682,0x8c30d0B179Ef27F4fC438004E3ffe99C56A279C5,0x956962C34687A954e611A83619ABaA37Ce6bC78A,0.0001,0.001,confirmed
2025-10-24T17:56:42.075961,ethereum_tx,0xa57cb412f17f4351a2bbdeba9da8844a0cb09c6ea97007edce4123644bb35d9b,9481682,0x507AB607305B1d82639A194B4E54Db58c2fF895B,0x956962C34687A954e611A83619ABaA37Ce6bC78A,1e-07,0.001,confirmed
2025-10-24T17:56:42.075961,ethereum_tx,0xea9f7edeef7856a5436e6718f0f2ec8ce7146f0a47f0d778dd36975dc9ff4f81,9481682,0xf8B98A48569293Da1a3c5fd26eAdefAc1249F610,0x956962C34687A954e611A83619ABaA37Ce6bC78A,1e-06,0.001,confirmed
2025-10-24T17:56:42.075961,ethereum_tx,0xa9f13551a645524318238ffe8752de07c92be41d24b7f480fab5da5e3bdde212,9481682,0xEF9f1f2De719383BE7ED89C857cf0Abd31BA2E47,0x956962C34687A954e611A83619ABaA37Ce6bC78A,1e-06,0.001,confirmed
2025-10-24T17:56:42.075961,ethereum_tx,0x08e55dd3c451a0858394b9501deda922397601a1a9d2b9e8981624d5fe356211,9481682,0x2B167882e52363A902f4Ab1C49229dCE54FeD182,0x956962C34687A954e611A83619ABaA37Ce6bC78A,0.0002,0.001,confirmed
2025-10-24T17:56:42.075961,ethereum_tx,0xfa935f410a1ff2fceb36d5a2f90b028b69c35c0e1beb6aedc0c4a5acc2c2c9de,9481682,0x00000006fbB45f23bc893d6eae365f1e101Bdf40,0x956962C34687A954e611A83619ABaA37Ce6bC78A,0.002228,0.001,confirmed
2025-10-24T17:56:42.075961,ethereum_tx,0x52b171fb2ad8560a7e4de90bac9fc09630aef3ffce9f94dc3601affe6dd963cf,9481682,0xBa10Ba75CF7673c3BE63c706257A9005d9118Bf4,0x956962C34687A954e611A83619ABaA37Ce6bC78A,0.0001,0.001,confirmed
2025-10-24T17:56:42.075961,ethereum_tx,0x64757e8e293e9130d87bdae08ea849c8b116438f2fac009dfb9f8c8b82f32036,9481682,0x2bF78d2268Ed1776E41323D6A5aE694d8c8F7968,0x956962C34687A954e611A83619ABaA37Ce6bC78A,0.0001,0.001,confirmed
2025-10-24T17:56:42.075961,ethereum_tx,0x4a5e4e1f10826d9c32a14ad87700ac79c11658290d7c962c663b09d1240d6e5c,9481682,0x442c38b1e7a544aC3d632D0d664a953c5a064471,0x956962C34687A954e611A83619ABaA37Ce6bC78A,0.0001,0.001,confirmed
2025-10-24T17:56:42.075961,ethereum_tx,0xb151ee8ad2a1725a13c0f2f9e534f2ce589f77326ee65b90fc5011fcd110f10b,9481682,0x3B290E03716f3B5AD76477aE17694Af5411dDb63,0x956962C34687A954e611A83619ABaA37Ce6bC78A,0.001,0.001,confirmed
2025-10-24T17:56:42.075961,ethereum_tx,0x05f667ca0defd658c2fbdf248061e475a211a47cf9737cb291cb89fc076adc22,9481682,0x8Dfe90E5a0E285741723cdDEa9615ECbF6E2A2cb,0x956962C34687A954e611A83619ABaA37Ce6bC78A,1e-07,0.001,confirmed
2025-10-24T17:56:42.075961,ethereum_tx,0x64638565d92b483d3d1a445f04d3afc35f84aab52f6a739a684bc8c8ea930357,9481682,0x832F3678Af28d4A6e1026b9Da19638b17A47dC92,0x956962C34687A954e611A83619ABaA37Ce6bC78A,0.0002366,0.001,confirmed
2025-10-24T17:56:42.075961,ethereum_tx,0x46b4457d7afd96570c04d8808bc5252b1a62b20d319df52a561be7aed87fad0d,9481682,0x69cDf38fc92276ece115B896fE2145C6a7ab3301,0x956962C34687A954e611A83619ABaA37Ce6bC78A,0.001,0.001,confirmed
2025-10-24T17:56:42.075961,ethereum_tx,0xd22091994e62fa86be28fa69fe5af17c85d1901c2c3afc7dac248222539cd0bf,9481682,0x8356B1EE8Ab99dE3583F0A01e2d247959B665173,0x956962C34687A954e611A83619ABaA37Ce6bC78A,1e-07,0.001,confirmed
2025-10-24T17:56:42.075961,ethereum_tx,0xf369c36d516b1197000634ea5c4fdadcd0f0654db783bba9395e6faa283189cd,9481682,0xB719e87E676A0358D2Eb2d2F57B5b0bb68be686F,0x956962C34687A954e611A83619ABaA37Ce6bC78A,3e-06,0.001,confirmed
2025-10-24T17:56:42.075961,ethereum_tx,0xaaebe2a7303ea5990dc986dceb1564d975638ca033db773b79481848be538524,9481682,0x39dee179d6529F6D3A38a12dB16Ae4dFb4fb87Ce,0x956962C34687A954e611A83619ABaA37Ce6bC78A,1e-06,0.001,confirmed
2025-10-24T17:56:42.075961,ethereum_tx,0x3e5d118e940baf3d1db88fbfc61043cdb6d5f231bc2e4d7daf740a596d1b2e09,9481682,0x94B794E59838De302CCf043d1c7C5E14fc6473A1,0x956962C34687A954e611A83619ABaA37Ce6bC78A,1e-07,0.001,confirmed
2025-10-24T17:56:42.075961,ethereum_tx,0x66fb4a227b521e873cd01ccef943259e6e54d06ffeea34b031c038704d395672,9481682,0x361e529767c4050759747671d1C2a02005273Abe,0x956962C34687A954e611A83619ABaA37Ce6bC78A,1e-06,0.001,confirmed
2025-10-24T17:56:42.075961,ethereum_tx,0x0cca95ac277be74cb0757db6158be106afff9150b0b38308b7010261dcc26c32,9481682,0xeB23746F20CA8Bca63d99bf0c201c9f4892BfD01,0x956962C34687A954e611A83619ABaA37Ce6bC78A,1e-07,0.001,confirmed
2025-10-24T17:56:42.075961,ethereum_tx,0xc7c89ec372d324897aed2d4c276734d9140457e39a16533d44748fc06253f554,9481682,0xa0Be15C8AeaBD5aBC01Dc0fd1A4aa3481737A41C,0x956962C34687A954e611A83619ABaA37Ce6bC78A,1e-07,0.001,confirmed
2025-10-24T17:56:42.075961,ethereum_tx,0x9e07d79e8a4a45d6841867e6d7a027c4deda0b69cea6b8a8c525f8321ab9111f,9481682,0xfc13E0c11CB8A42241cAA10822a5f6Ff9dA716Ae,0x956962C34687A954e611A83619ABaA37Ce6bC78A,1e-06,0.001,confirmed
2025-10-24T17:56:42.075961,ethereum_tx,0xdce9f2a8d266586dcd5cd19a6f6df912f58c18cea0c2b8ea23ee4d74bcd500ef,9481682,0x9dA7810c4b81C5241ddEd3486543B3F878f8484d,0x956962C34687A954e611A83619ABaA37Ce6bC78A,0.001,0.001,confirmed
2025-10-24T17:56:42.075961,ethereum_tx,0x4cb2636c9d64174e2444bb7e0483741c27d7d65a7d5dd0c0163c04684892bae4,9481682,0x13e6009357AF52E7D564b5914aa97719C8304A28,0x956962C34687A954e611A83619ABaA37Ce6bC78A,1e-05,0.001,confirmed
2025-10-24T17:56:42.075961,ethereum_tx,0xd08b1cf2b013df0ea7e488e8fea60c27b72f2865baa1cd198b2c4905492c75b7,9481682,0x0AD85BaEC70B5A9446b23AF5C1D83B9bbbCB03d4,0x956962C34687A954e611A83619ABaA37Ce6bC78A,1e-06,0.001,confirmed
2025-10-24T17:56:42.075961,ethereum_tx,0xc527b591d2b1971dd626d4fec3524429abb528c537377a63b3919c3b991ae441,9481682,0x572e2B3140ea2a46F48E3ffe72e418C0883cE2C3,0x956962C34687A954e611A83619ABaA37Ce6bC78A,1e-07,0.001,confirmed
2025-10-24T17:56:42.075961,ethereum_tx,0xd2b9131f2dfcc82fcaedbe9b7ade10ce3073d2e8a48686cf9c0420a132afcddf,9481682,0x0B61fd795242cAED2FEd5DB1c83E8F46D390aFD5,0x956962C34687A954e611A83619ABaA37Ce6bC78A,0.0001,0.001,confirmed
2025-10-24T17:56:42.075961,ethereum_tx,0x0360adb23cbbcf5c0dd32b9dd8854b199a1ef2483a4fc4f8f0c89fa18b85804f,9481682,0xf28836a07eb2C2cF82d61210C2B767eb8171e95e,0x956962C34687A954e611A83619ABaA37Ce6bC78A,1e-07,0.001,confirmed
2025-10-24T17:56:42.075961,ethereum_tx,0x78c75df8d081d2fd9e6d58fe1b41d3076e926746a28dd8b4b437334edd83214f,9481682,0xa20F74Bf625c6d64B353aA6d3B1f64c48099A26d,0x956962C34687A954e611A83619ABaA37Ce6bC78A,1e-06,0.001,confirmed
2025-10-24T17:56:42.075961,ethereum_tx,0x4eac3bde0b7f8c138313a0d2a6749832d6b37ade056c7789055b8db913ed5df3,9481682,0xe89287c43B78c6F34C482768Bd99B9B693491403,0x956962C34687A954e611A83619ABaA37Ce6bC78A,0.01,0.001,confirmed
2025-10-24T17:56:42.075961,ethereum_tx,0xfb097c546ccdaac4c5b4eb71b102e95096cead480e1e15494e726497f7d3c829,9481682,0x1F8A262E5A472191842c8B7dd1c312D85f7E6bA3,0x956962C34687A954e611A83619ABaA37Ce6bC78A,1e-07,0.001,confirmed
2025-10-24T17:56:42.075961,ethereum_tx,0xe77582a041ea629b7d9d871397cc0177c6708ca650abdc56bfdf82a9ff0014c8,9481682,0x9C8FaA60ac71ad698FA1E9ba77C7F409eF4834cf,0x956962C34687A954e611A83619ABaA37Ce6bC78A,0.000132,0.001,confirmed
2025-10-24T17:56:42.075961,ethereum_tx,0xc95327cbec627f9591da24452a25b3cbc2477e5dbb17f6a9a6b0189f238cdaf6,9481682,0x24e1Ed33723BEE8f700E00c06B86c815c75071Ba,0x956962C34687A954e611A83619ABaA37Ce6bC78A,1e-06,0.001,confirmed
2025-10-24T17:56:42.075961,ethereum_tx,0x8ed53b69db37e0e512b875e6e74003abaaf0742bd6bb12b41c9f3b1ceac1cd74,9481682,0x2ad00354A9332E69E9e12A0d79D82709Dd66Ea50,0x956962C34687A954e611A83619ABaA37Ce6bC78A,1e-07,0.001,confirmed
2025-10-24T17:56:42.075961,ethereum_tx,0x4094551c807802f13767856a1342c0f213f16dfe472a0a9a8de57b2cd9d64a7d,9481682,0xd2f4a061fb5b03170C5abBF7bd8161C50A69bcE3,0x956962C34687A954e611A83619ABaA37Ce6bC78A,1e-07,0.001,confirmed
2025-10-24T17:56:42.075961,ethereum_tx,0x5fe6865311be9df6c9a2d9dcdde8891e7fd6c1097e4df8518fa68607b4cee47d,9481682,0xDA4bc6D9f9E8676502538C7476901CB4c891bc04,0x956962C34687A954e611A83619ABaA37Ce6bC78A,1e-07,0.001,confirmed
2025-10-24T17:56:42.075961,ethereum_tx,0xd5c03ae7553df50a12763fb0019e85318bfeecefd7dda98a7254d5f61b8be5fd,9481682,0x7bf2C575E6Bc6813DF4018d4765d65A1504DD9bF,0x956962C34687A954e611A83619ABaA37Ce6bC78A,1e-07,0.001,confirmed
2025-10-24T17:56:42.075961,ethereum_tx,0xc38b9d9dcd7c4be2ac1735cb92b70f643c95fa72987105eb6201ded9549b0751,9481682,0x6877c387eAD8BeF023Ec12FfA72Bd3A4814BcF1e,0x956962C34687A954e611A83619ABaA37Ce6bC78A,0.0001,0.001,confirmed
2025-10-24T17:56:42.075961,ethereum_tx,0xf44808ad9cbd0cdbb5d680cc590b41ee853b20d46164dfdf0bcc2f07b66dccaa,9481683,0xAf6b508bF1f658fa9DF0FEB1E431b3334E1EC8fA,0x18bCB94F6334100A6f9b942D7E5DF214287238b0,0.0,48.000000009,confirmed
2025-10-24T17:56:42.075961,ethereum_tx,0xf31cccfa3c2fadb97b4f2826df48195d064b3c848db28f79aba0532b8ce50ccf,9481683,0x10159cea24d247074453A3CAF4a2B1c462a91927,0xcA11bde05977b3631167028862bE2a173976CA11,0.0,3.000000009,confirmed
2025-10-24T17:56:42.075961,ethereum_tx,0xdde57cb676699404b43566d6818e898732e7fdb2dda44bff18156726f9a4421f,9481683,0x6Cc9397c3B38739daCbfaA68EaD5F5D77Ba5F455,0xa569BA69E308A812f60fb040E9dEa1BAb1ee03d5,0.08454225,2.000000009,confirmed
2025-10-24T17:56:42.075961,ethereum_tx,0x94d0acd080ebe71ffbf3bfe7330ca1362da3559e02fe1ae0e8d8c52c99de0057,9481683,0xD844ba11F64d23a7481E24474D2f184e350B9B3d,0x1c7D4B196Cb0C7B01d743Fbc6116a902379C7238,0.0,2.000000009,confirmed
2025-10-24T17:56:42.075961,ethereum_tx,0xde1bd8a71775d04be4fe465f45a9d4e66ab8ed3e761b379676cbdafe5721e59d,9481683,0x6A29cc2F73789E2EC36631af9Ba0a86fDe88d96B,0x38C967856d17E900042Af447B3346bfF26C8ed4B,0.002,1.500000009,confirmed
2025-10-24T17:56:42.075961,ethereum_tx,0xb7431b60f5880f6391229f6b75d5d2efd70117c1125a8055c1a668ef1cb8e13e,9481683,0x9006F3742f8085bE7973637ed5B9d6bb9938e57a,,0.01,1.500000009,confirmed
2025-10-24T17:56:42.075961,ethereum_tx,0x9558ba447b74102fe7e6fe7714fdfe337b2190069814e56783c6c0198852e150,9481683,0x0D3633251Cc5157304f5088B99c5ae62D43FbD4D,0x87A3effB84CBE1E4caB6Ab430139eC41d156D55A,0.1,1.500000009,confirmed
2025-10-24T17:56:42.075961,ethereum_tx,0x4e87d185904ed57555b6ad8e9991ea495601c79ce7d8f97ac9bb39967141bcb2,9481683,0x9474452B286DDF11F966eD10b601d51012e1B5F3,0x217EaA5abf2166412a032A7915051D37A616757b,0.0,1.500000009,confirmed
2025-10-24T17:56:42.075961,ethereum_tx,0x3370f2c7f082e6dfd44817d7acaee84ade39dd66ab85a69a0ab93cf176198315,9481683,0x044b5a220aB89142962d7A44B02139C504d3BE67,0xaE09DC34FD75a05ECf330A76FaE436478E068291,0.0,1.500000009,confirmed
2025-10-24T17:56:42.075961,ethereum_tx,0x30e40a70a2a13588fb59966fd3b2d3a31a0f7c6d7a8c4ff9b36687df4677486c,9481683,0xf3663B762f74994C12ab04E2F508285e1669ef6B,0x87A3effB84CBE1E4caB6Ab430139eC41d156D55A,0.06338211292020768,1.500000009,confirmed
2025-10-24T17:56:42.075961,ethereum_tx,0x0422125823922b53c2a57901311ef554bfa483e89578dc0fa027c5898a1f933e,9481683,0x1D6Fb4948A1B232e75613b07e007F4709D0d531F,0xC2284CaD9805EC2B1eCDb9feeE0b28B431B24d25,0.0,1.500000009,confirmed
2025-10-24T17:56:42.075961,ethereum_tx,0xfbc9e98e5580a0546a68405211909c12a5a7cac927a3e8a202ea1497151bd568,9481683,0x6072aa3e08BF35F9cf5cB17CB6174D0EC7761C15,0x2A4496bbC344414e3bDbE6a8E7c40EF007DAeEd1,0.0,1.5,confirmed
2025-10-24T17:56:42.075961,ethereum_tx,0xf8665ad2d626ea6a262d0c22e0f3489687c5dfd2d463ee8c8585c1f4399a6283,9481683,0x8eC9Ba90774e1E3606f84411c17A27cDA4eBeB43,0x57c5dC670eB6f571bDD8Fc1CF178c46c9A917A74,0.0,1.5,confirmed
2025-10-24T17:56:42.075961,ethereum_tx,0xf27ed4bc085d667105dcd61075d146859cfa26f2daa7838e7f0f7e3d0fbfa9f2,9481683,0x2ED487A0210dfCD6f72643A5c3E5147B27948F5C,0x2A4496bbC344414e3bDbE6a8E7c40EF007DAeEd1,0.0,1.5,confirmed
2025-10-24T17:56:42.075961,ethereum_tx,0xedd36ea857a92fd34f4fd257a19028d614278eaf07dd2ccf4d9895cf808bcd0c,9481683,0x0968a4c3B6B8864d7784f39e88cB025f19EDCd32,0x2A4496bbC344414e3bDbE6a8E7c40EF007DAeEd1,0.0,1.5,confirmed
2025-10-24T17:56:42.075961,ethereum_tx,0xdb61fdaad56640ce7746947e877344282f31522244e0111f2b1ae1283cb83eb5,9481683,0xe8D498AddA5B80aD3EFC185BE915d73b0B393daA,0x2A4496bbC344414e3bDbE6a8E7c40EF007DAeEd1,0.0,1.5,confirmed
2025-10-24T17:56:42.075961,ethereum_tx,0x8477a7bc8a19eada88067b14d4c9208ce2014f4df7a610cbd91d47f3969a1fe0,9481683,0x319c2e7aB76028ce0FC1d129f528cEd2a670f6A5,0x10e932063c31D4BBA3EaBB50c79b67e139643d87,1e-05,1.5,confirmed
2025-10-24T17:56:42.075961,ethereum_tx,0x09baa4f42b2d4fc3c2c7726e24960a6046a2ef628376724c655d0456860a3947,9481683,0x4538a3D9328014cE32e569D874952aEC48b8CE5E,0x2A4496bbC344414e3bDbE6a8E7c40EF007DAeEd1,0.0,1.5,confirmed
2025-10-24T17:56:42.075961,ethereum_tx,0xc057707eb2b1734ad1a6743ee0c7ab844d8e9aa56a14bafc19f37aa3ddde8d02,9481683,0x7B52f71Ca50Bce413eaFF4a4287Cf4b9685f7602,0x213E47845bEDeE341a46169A0eaB3a15F6990abb,0.0,1.000000009,confirmed
2025-10-24T17:56:42.075961,ethereum_tx,0xac887b2ece1bce4220ab9fd54b74c2f3a90a20bc9a49d7f731dfa46fd7f558a6,9481683,0x9041cAC58f326392478AE65320f5FD5a1BdA8A0a,0xac6Df42c13924FC2724Cb8F5977f87Faa8F45cAA,0.0,1.000000009,confirmed
2025-10-24T17:56:42.075961,ethereum_tx,0x9948c72ce799406126c35f174d1eebc7f59de6335c362b9857cbf63fc5a101a9,9481683,0xaA8Ca8Eff48E78D2669DC070341d2828AB95D202,0xD475ab4288baD16F068B43f0Fdde24BdD53E0EA0,0.0,1.000000009,confirmed
2025-10-24T17:56:42.075961,ethereum_tx,0x98e515ddcf379ad8bfe35d9948bd9eb570f158674ce4c58df6cc865e46eb0c4b,9481683,0xEbDf9256B79b2ca70Dfc4392280f4D39C64E48E4,0x157dF160081dC8b97900F4D0D276ed8DEa29976d,0.0,1.000000009,confirmed
2025-10-24T17:56:42.075961,ethereum_tx,0x6becda3d6bd7c3e2d4f3ef15689ea8e1aec317e117f5efb758ed7913b8a0c031,9481683,0xe80170A5ADbb8A94F5385f5Ec4dcdBba00Bb999B,0x0d1b7b67A862fdE019B2b517A38f197c0f1387eE,0.0,1.000000009,confirmed
2025-10-24T17:56:42.075961,ethereum_tx,0x61d65864210e49738d81a9502b766ac7de11059442bb42e775a58f03e64eacb3,9481683,0x5070BFaD0BEbd52AE6970f4f8fdB0bb3D25c0c04,0xC7Fff8910A9fF7357539D182486b84443a01e3E5,0.0,1.000000009,confirmed
2025-10-24T17:56:42.075961,ethereum_tx,0x4fb024f1d7780f73cbebbac1b407f54f9fbc4cbd1caede862f366dac497bba52,9481683,0x919934826c7DE1B30ff94Afe772898B09D502cdF,0xFF00000000000000000000000000000000695569,0.0,1.000000009,confirmed
2025-10-24T17:56:42.075961,ethereum_tx,0x4f45938848395105025c36b6114b03fa8a6f20c8b83dda77968879a4640ddeb9,9481683,0x6B8147C9D326faA79DEC758339568de845A94cF5,0x3a81F59E6BF4238D1ED202f3b06389454De3f204,0.0,1.000000009,confirmed
2025-10-24T17:56:42.075961,ethereum_tx,0x44e9f3b17396b1bbcdf3a4d9062500048fefc59232b3b7835f374c12cb1c76c7,9481683,0xF0FEd0C0192539a1076d8BDa1233f414704d98Be,0x00D22efF04CF7d0f5A355A6D9A06E43120398dA6,0.0,1.000000009,confirmed
2025-10-24T17:56:42.075961,ethereum_tx,0x3a301fb8b31431c239bd7e1d46e9731f497539569d23286f9c180642459bef39,9481683,0x55Bb122a11162c0b6E5A9358aED76B1E11c79EEA,0x0065425985a2369c7B05F47575bE10cDcdA392AE,0.0,1.000000009,confirmed
2025-10-24T17:56:42.075961,ethereum_tx,0x2535adbc2cd8b34ee62ee02094eb449b1e2a61beaf9ce71d604541d5486d0ff8,9481683,0x376D5A418734288359e04A0086E647281f8EF78e,0x2E16B0B60866c98f37f9ADa84304b119C683de13,0.0,1.000000009,confirmed
2025-10-24T17:56:42.075961,ethereum_tx,0x1ad87f8b01e3642e94d9b28e022533afae89b93c017dc202cd5f54d02b629a7c,9481683,0xa63592f7cd09acfBeC1cd28390b602ba5e67f64C,0xf5cc93681699348928af9Cfee7641915C626370b,0.0,1.000000009,confirmed
2025-10-24T17:56:42.075961,ethereum_tx,0xf488bdb68647a7b6ab870b26823804003f495aa9cb65881161b83654c2848971,9481683,0xa5bdcB57FA0A261A5Ea365aCBEdAD868e5Bc9bF0,0xf993E10C83Fe26DddFc6cb5E82444C44201e8a9C,1e-06,0.020000009,confirmed
2025-10-24T17:56:42.075961,ethereum_tx,0xce1de52b164bf952e8dfe39a424a53085fa7a9481f582236ac52544e93e1b915,9481683,0xcD29fccaeF07EE735562e454c10Fdf6AB3F3Cb30,0xf993E10C83Fe26DddFc6cb5E82444C44201e8a9C,1e-06,0.020000009,confirmed
2025-10-24T17:56:42.075961,ethereum_tx,0x93bfa872b4725128fb61181ae13488d08f327a3dc17931dd8ef0936dcaf31c48,9481683,0x0e4e09E91b42ce4FDD5b8565DE8772e61A350e88,0xf993E10C83Fe26DddFc6cb5E82444C44201e8a9C,1e-06,0.020000009,confirmed
2025-10-24T17:56:42.075961,ethereum_tx,0x4fbb1cb90ea936b81cc60f79f3d9be831da8e8a9a3e0fc1b98e5a55a157f89ef,9481683,0xF73A50cbb9cD1F48e90EF04AA16A6B6e01b820D6,0xf993E10C83Fe26DddFc6cb5E82444C44201e8a9C,1e-06,0.020000009,confirmed
2025-10-24T17:56:42.075961,ethereum_tx,0xcc65c22d5cbeaee9bcd043a71c00df208aae29a1bf280cde9c15fdcfd4a43b68,9481683,0x4BA56bDa2009816e260921970041d6Eb005D7272,0xC764A997C86dC22B50Eb637626e3f46bfd82534A,0.0,0.001500014,confirmed
2025-10-24T17:56:42.075961,ethereum_tx,0xa109b7e14173a5e923f38d4fed96def8dfff66e5d0934ba9a3511d6fa662d8ad,9481683,0x59eCF19fB785b658B0d7C77264b2a2447afa4557,0x956962C34687A954e611A83619ABaA37Ce6bC78A,2.2020928254233e-05,0.001500013,confirmed
2025-10-24T17:56:42.075961,ethereum_tx,0x9548e6c2856e79c8f55a6978a559945c2c9042d3ffe101f2f516fc11beb674d3,9481683,0x422201651852b01742aDc174dfb6A6512Fc61E4e,0x956962C34687A954e611A83619ABaA37Ce6bC78A,2.123155826982e-06,0.001500013,confirmed
2025-10-24T17:56:42.075961,ethereum_tx,0x150621b3fab3b568d49ee1b4fe12733fe2491cf5dfd73326b83146bbc3c9752e,9481683,0x8DeE5a6139917d63995de28b763E53dBac485335,0x35A54c8C757806eB6820629bc82d90E056394C92,0.1,0.001300011,confirmed
2025-10-24T17:56:42.075961,ethereum_tx,0xe99e140890d4e7544185bd5631b93e43c0aa39f46cfc860242cff5f4615cc1f2,9481683,0xd25DB2Ff2263A31b192EE117eB83E7792C01d58f,0x956962C34687A954e611A83619ABaA37Ce6bC78A,0.000208,0.001200011,confirmed
2025-10-24T17:56:42.075961,ethereum_tx,0x67c25207adc5f599a0f64858892e4f23563171a25ed007fcf91a9637832b1c58,9481683,0xB6D120C413039aD4CFA902b1F4b29b24e429B645,,0.0,0.001200011,confirmed
2025-10-24T17:56:42.075961,ethereum_tx,0x50c16ff269cd45440afdf232ddeb4c38b6ea93266e84936c7c42796cbf84c5ab,9481683,0x53646D2A54dF1dcA4Ea2Ac66A6279f91C976dF56,,0.0,0.001200011,confirmed
2025-10-24T17:56:42.075961,ethereum_tx,0x9f9ea5d330d52e98a64fd098ee79dd18920e626caf720e9885a4d90dd5cecec2,9481683,0x2D1A477e22F93b66F70a781D1f6aB73C3a62f09b,0xA73aFb610aC79A729A393D679029fCf9618854AD,0.0,0.001200009,confirmed
2025-10-24T17:56:42.075961,ethereum_tx,0x24ac56fdb48f36178bb3491295b81fbc9f7689f958dba92578e098fda13918f2,9481683,0x5f53C57Cd14F0a9f0dbdf05f2E9E2C2100712B3A,0x7015517B413984185E8c0793B8756Ad5128aEF4C,0.0,0.001200009,confirmed
2025-10-24T17:56:42.075961,ethereum_tx,0x0578ee684c822652321fad15e63df2ef78f41da2a0ba561a1049ad7570e16e90,9481683,0xB4fC80AEc34911C5d761259E74aE8a24c2C5D995,0x72de35dC43acfC49B6B21e559F8cA586e0E12011,0.0,0.001200009,confirmed
2025-10-24T17:56:42.075961,ethereum_tx,0x19d4278594926391332c934c48f3c540c8c54543f8a4be95b1a8f4db6dfa567c,9481683,0x95A13F457C76d10A40D7e8497eD4F40c53F4d04b,0x25B6F79F1F9A207005eE98319Cb17E91fcC42797,0.05,0.001100009,confirmed
2025-10-24T17:56:42.075961,ethereum_tx,0xf3b1eb8db6a44b71f2c6bca8c2bfd32d37063cf0d7fc905daa0cf9c0ae6a4cec,9481683,0xb3a1956Cff1ecc8054B81b0C83b9847CB71384b8,0xCf8EDB3333Fae73b23f689229F4De6Ac95d1f707,0.0,0.001098004,confirmed
2025-10-24T17:56:42.075961,ethereum_tx,0x70f55cbf6d95582082e9b6a9f7257b21f625a9beda1e77f1095bf650f190e895,9481683,0xb3a1956Cff1ecc8054B81b0C83b9847CB71384b8,0xCf8EDB3333Fae73b23f689229F4De6Ac95d1f707,0.0,0.001085755,confirmed
2025-10-24T17:56:42.075961,ethereum_tx,0x64df23fd5743675b6443d5317ebe1c1cd820f27b5182aa73cf8a637a1908931f,9481683,0xb3a1956Cff1ecc8054B81b0C83b9847CB71384b8,0xCf8EDB3333Fae73b23f689229F4De6Ac95d1f707,0.0,0.001085755,confirmed
2025-10-24T17:56:42.075961,ethereum_tx,0x0fa2bf907767e8d72168258b4b9b9281e1d1a37230e7ea63ecc36281355277ff,9481683,0x61d8838f9A00250C9AF13D622DA7c08c372ee587,0xCf8EDB3333Fae73b23f689229F4De6Ac95d1f707,0.0,0.001085755,confirmed
2025-10-24T17:56:42.075961,ethereum_tx,0xffd34c6a0a7e3115cb77d2b76f1d26609c14d18282f556918c9dcf28975ea0f7,9481683,0xcB6A749F52e84D15986808a696Df77e13a304C51,0x03C66CB1826BDB0395BF31E68Bf7E873e9564fFB,0.0,0.001000009,confirmed
2025-10-24T17:56:42.075961,ethereum_tx,0xf3ed3e87d8fa48f2caff02977e944d00749117567a19693068a3e9ad8799931b,9481683,0x3Da763C42E438eB17880fB6A83040d6cf13eF03b,0xFf00000000000000000000000000000000042069,0.0,0.001000009,confirmed
2025-10-24T17:56:42.075961,ethereum_tx,0xf231d4fffa3da005c51e73c98e8810a862bfacdaa0084d549b87e1440eb988fe,9481683,0xC12F7aeF1560C3A1f529951Aed021db41f738e38,0x03C66CB1826BDB0395BF31E68Bf7E873e9564fFB,0.0,0.001000009,confirmed
2025-10-24T17:56:42.075961,ethereum_tx,0xddf8c7a3571780c7f2fe2f716f7597fbeb823330ed42a50af915d30e726c3e26,9481683,0xc882D136E709861271cdFaA5db7445f0c386570f,0x03C66CB1826BDB0395BF31E68Bf7E873e9564fFB,0.0,0.001000009,confirmed
2025-10-24T17:56:42.075961,ethereum_tx,0xdc083f3bb2f8a256c3d660a4dfc129ce321b51c14c8ea988e583fc486815cb17,9481683,0x4cB9ac68A2151f14E8242a984b1F1faDb36EBF60,0x729199bb03C115e37Eb5bCE734A1417388f6462f,0.0,0.001000009,confirmed
2025-10-24T17:56:42.075961,ethereum_tx,0xd7c37f0deea769cde2fec9759adb8ff463266780264a771481a2db8deb3a07e6,9481683,0xD1E5215d8CA2cbCc26E70CaaaBe63334A33213Ce,0x87A3effB84CBE1E4caB6Ab430139eC41d156D55A,0.0,0.001000009,confirmed
2025-10-24T17:56:42.075961,ethereum_tx,0xd6a283e88939f25570335d4076b866bdb2bfa547482adaf924033db01ec3b0d6,9481683,0xe9535206db309aa5bF85268890c590B485F2EB63,0x69C6b28Fdc74618817fa380De29a653060e14009,0.0,0.001000009,confirmed
2025-10-24T17:56:42.075961,ethereum_tx,0xd3f7bd857e14f34508a23919148ef4f42773b5b5d4be603afbe5b5e40cd490e0,9481683,0x58E18B212613778d1f8B10E5eA72eDDa0Ff9bE6E,0x08d2b0a37F869FF76BACB5Bab3278E26ab7067B7,1e-05,0.001000009,confirmed
2025-10-24T17:56:42.075961,ethereum_tx,0xcf3904fde308e9a0f6962949bb7f98308b30ddb074ed311e5aa777845d7b1512,9481683,0x2A54FdB8FF11E96B624328453c3bc6f347FEF421,0x1c7D4B196Cb0C7B01d743Fbc6116a902379C7238,0.0,0.001000009,confirmed
2025-10-24T17:56:42.075961,ethereum_tx,0xc2ece4306aaa65c0b66f72377792e7ab6cb9885580dd873cf31774b5f440793d,9481683,0xE5640C04d6A658908D257B2135a0Ac23eb79D63a,0x0000000000000000000000000000000000000000,1e-05,0.001000009,confirmed
2025-10-24T17:56:42.075961,ethereum_tx,0xc00231cbd235070fefa02af078b7d2c584d2b7e441212dafe11ebf09dce00623,9481683,0x34d74b6FF81674F6Ba175CaC96d51668E40e717F,0x03C66CB1826BDB0395BF31E68Bf7E873e9564fFB,0.0,0.001000009,confirmed
2025-10-24T17:56:42.075961,ethereum_tx,0xbac529734d72166657c6c2d2c06ac715e1d16876da1ae6ea4323eca59f4d8957,9481683,0xE593742047C71d67d642F4bD2fc50cfc00e5B05a,0x03C66CB1826BDB0395BF31E68Bf7E873e9564fFB,0.0,0.001000009,confirmed
2025-10-24T17:56:42.075961,ethereum_tx,0xb85c430aba3f1cae3d990652ac56529563b1c91ff05db5527100423c34f0ed7c,9481683,0x331F4734A10450FC57EABd4a0EB9c4129952E0Bf,0x03C66CB1826BDB0395BF31E68Bf7E873e9564fFB,0.0,0.001000009,confirmed
2025-10-24T17:56:42.075961,ethereum_tx,0xa6685caaec7d4e3011c3b3c719a4c8eaef3aa3029ebe1af084473c7f2ca79dfd,9481683,0xf685910D29aC9B0E9B46839148F4279b8f15d876,0x03C66CB1826BDB0395BF31E68Bf7E873e9564fFB,0.0,0.001000009,confirmed
2025-10-24T17:56:42.075961,ethereum_tx,0xa5dcb532d2cb3ae1f669f1851705f35ab9d225a9b9241a44b06696fb27c559c9,9481683,0x6CD4f287Fc8813cf2058DD90A46321612Dc1cD62,0x03C66CB1826BDB0395BF31E68Bf7E873e9564fFB,0.0,0.001000009,confirmed
2025-10-24T17:56:42.075961,ethereum_tx,0xa592a0eaf21ace100e34cd94623a7743b14871ff252466ff1fd9eb1aebd537ad,9481683,0xE714Bf286dca57CF7BcC44567bD7A8ab04f47dd2,0x1FFcf5E32dcE8E1012492A54c8A2ec9f8DdC1D40,7.27e-06,0.001000009,confirmed
2025-10-24T17:56:42.075961,ethereum_tx,0x85453e47303d83a509b5f790a7cbf05222bcbd54a29532b4a49d4074bc04b8e0,9481683,0x1386728A8f93687d2F3C957170C14a180E0c193B,0x61B70Ec0E28957D28B9bdA98CBFE036486982B89,1.59e-06,0.001000009,confirmed
2025-10-24T17:56:42.075961,ethereum_tx,0x7aabffc330881036de8870e58d4d0c260936cfaf964eb97febfcafee187be7e7,9481683,0x925E02552Ef8a039368ae803070F8b6e76C0c27D,0x15B0E3766B144fbB190AeA6F01d8676af20C5aef,0.0,0.001000009,confirmed
2025-10-24T17:56:42.075961,ethereum_tx,0x65a4bd1e7658c22d4929c06c78e1fae5ed7e5bb8295542a9ddd3d376a318653e,9481683,0x0B0e2673A1CE96a115c2c53e1304eD4640294856,0x08d2b0a37F869FF76BACB5Bab3278E26ab7067B7,3e-05,0.001000009,confirmed
2025-10-24T17:56:42.075961,ethereum_tx,0x626a73d4c2cfad571eb5b4f56c4f4145898373285cfd4d4c22972bbfd1466acb,9481683,0x0f796E4b614b24D41E6d654a4968622a2073Fda5,0x03C66CB1826BDB0395BF31E68Bf7E873e9564fFB,0.0,0.001000009,confirmed
2025-10-24T17:56:42.075961,ethereum_tx,0x5b8af5e4515dba1ddaed4cd3f501486dc888c41448bcc284ece23ae9eccd9562,9481683,0xa5d3cb1EEDac7aaB2D35992DC070D9353563f582,0x03C66CB1826BDB0395BF31E68Bf7E873e9564fFB,0.0,0.001000009,confirmed
2025-10-24T17:56:42.075961,ethereum_tx,0x47f40a0f654cf085f5cdae2dfca4d109c3aa39ad99a574f7522d11acdd073383,9481683,0xcD12Ed9b63603bc9685Cda552c0156d9b297b41F,0x87A3effB84CBE1E4caB6Ab430139eC41d156D55A,1.9e-05,0.001000009,confirmed
2025-10-24T17:56:42.075961,ethereum_tx,0x36783ddc3b1a524eb629484c9ce46788793b9e8b26e5356d2a9ffe052d726ccd,9481683,0x61bd939995e4650F931E0946fDD2B9Ba9E91f077,0x1AAa1167728831A30b2C5E815c38F59257E67EF0,0.0,0.001000009,confirmed
2025-10-24T17:56:42.075961,ethereum_tx,0x3314765763f49ca512af812595be15ac991ae588ac4ee4a0e7e0e838fb00256b,9481683,0x9E923297A86d22c871c82b5Add38A85D3cB0e92D,0x0000000000000000000000000000000000000000,2.02e-05,0.001000009,confirmed
2025-10-24T17:56:42.075961,ethereum_tx,0x1f8a45bbe931dad9cb7fcc858f6df05cdf49b8f608d225b9ba31a7e7c0b249ad,9481683,0xC70D1Aa0Ca3dDE712156352aF47FD9dd483059ED,0xc6255a594299F1776de376d0509aB5ab875A6E3E,0.0,0.001000009,confirmed
2025-10-24T17:56:42.075961,ethereum_tx,0x14ee635fc78b0ce8c40d8e78345f4e259e9e96cf2a4d362d362aab4350e96102,9481683,0x6d95AbF89c16Bb1682DEa4b31C85e311D569567e,0xEa1499503adDDC74Fc284a5707D29bCAc8cd48ca,0.0,0.001000009,confirmed
2025-10-24T17:56:42.075961,ethereum_tx,0x0968377197d5aa1965eef4b61309eb1cd6b0dd749a9166a28b17fa1182d97585,9481683,0x474Fc6A6735FA2a9D3a87fc04De2686BFa5A1836,0x3a024C2bd22ab5d28F61E7905F4a1a6777e327a8,1.21e-06,0.001000009,confirmed
2025-10-24T17:56:42.075961,ethereum_tx,0x565e1d141c3fcfa76037b0b7d692260152ad984c06b825ae0d63d6d7b997a05a,9481683,0x5d72984B2e1170EAA0DA4BC22B25C87729C5EBB3,0xd4116f515A6958da851080B390DDE4B81f408978,0.0,0.001000001,confirmed
2025-10-24T17:56:42.075961,ethereum_tx,0xd5048d87b4863fa8b02fbe77ead943c46b1cf2ec11a01aed900e05fa9397684d,9481683,0x86691F300edeA1246fb8d4ee5fA492aa131af526,0x956962C34687A954e611A83619ABaA37Ce6bC78A,1e-06,0.001,confirmed
2025-10-24T17:56:42.075961,ethereum_tx,0xc453966ef403a487218c1e6432427d1dbbbefa31b5d7d05cdc3439146cf9a461,9481683,0x1414942f6c103fAFd0Dea7aFeCA927255D902464,0x956962C34687A954e611A83619ABaA37Ce6bC78A,1e-06,0.001,confirmed
2025-10-24T17:56:42.075961,ethereum_tx,0xbb551712a0f1ecb91a74f29e3190fa1e5e2b863e09c55751762e756271955c0f,9481683,0x20CE9f32397df7d1590296cbb354Fb59662A3034,0x956962C34687A954e611A83619ABaA37Ce6bC78A,1e-07,0.001,confirmed
2025-10-24T17:56:42.075961,ethereum_tx,0xad7043e3b190462aec8a134acae2f5d1e3762063843042ed381fbf338b1eae9d,9481683,0xe03F5Eea59b3e719653d522811A49E089FA0DE8e,0x956962C34687A954e611A83619ABaA37Ce6bC78A,0.001,0.001,confirmed
2025-10-24T17:56:42.075961,ethereum_tx,0x99629605b406d5049f3bbfdcf3d5f7c884af61f9b634b51cf3043ea5efa08ea5,9481683,0x39dee179d6529F6D3A38a12dB16Ae4dFb4fb87Ce,0x956962C34687A954e611A83619ABaA37Ce6bC78A,1e-06,0.001,confirmed
2025-10-24T17:56:42.075961,ethereum_tx,0x8dea08ba178ead5d915bfde8cb69d33e359fa59ab53c8c5ec5421c22c9368dfb,9481683,0xEF9f1f2De719383BE7ED89C857cf0Abd31BA2E47,0x956962C34687A954e611A83619ABaA37Ce6bC78A,1e-06,0.001,confirmed
2025-10-24T17:56:42.075961,ethereum_tx,0x68505911571fca92c313562d7f189e66dfdbe10ee44a36af78b09f76c4adc368,9481683,0x4762AF5868dCb9c59B3F8cA8d701C603c1E6BA3F,0x956962C34687A954e611A83619ABaA37Ce6bC78A,1e-07,0.001,confirmed
2025-10-24T17:56:42.075961,ethereum_tx,0x541954924eea988d659326edc4bf65772a161d2f2efc3a28bccb26c4fe7c5690,9481683,0xD5b571B4f79984228bcA5e969C7BB658EE3AEA2E,0x956962C34687A954e611A83619ABaA37Ce6bC78A,3e-06,0.001,confirmed
2025-10-24T17:56:42.075961,ethereum_tx,0x4fc97ce765d8cb1ef60f94e34532fbb0c1e8bdc661e38d0aaecfb00ef327c0a1,9481683,0xC1B22B677237e5a17Ae3A373794AB5E10451Df08,0x956962C34687A954e611A83619ABaA37Ce6bC78A,1e-07,0.001,confirmed
2025-10-24T17:56:42.075961,ethereum_tx,0x471fecbb5dcc7d76e7c5ff3bbc4ab9e6e6314148b8d95bcef6a6ebb74ad5c1db,9481683,0x9C8FaA60ac71ad698FA1E9ba77C7F409eF4834cf,0x956962C34687A954e611A83619ABaA37Ce6bC78A,0.000132,0.001,confirmed
2025-10-24T17:56:42.075961,ethereum_tx,0x42e455684913fb3aed4aa9e7c68682bf4e53d45f26971296b5639d2372a602af,9481683,0x1B00F502084868ef2Bdd664AAFC643a1B130A233,0x956962C34687A954e611A83619ABaA37Ce6bC78A,1e-07,0.001,confirmed
2025-10-24T17:56:42.075961,ethereum_tx,0x3fcc450785b2b454cf0afc94328cea42ce730bc5cdaefeed49a077cdd16db527,9481683,0xF7067502F610fBcFA7158416af7550c0Bb24C020,0x956962C34687A954e611A83619ABaA37Ce6bC78A,1e-07,0.001,confirmed
2025-10-24T17:56:42.075961,ethereum_tx,0x3ce8cb92cd162dd8d89640d780ddac146f2e6604c0f29ddea141192e62cf1eef,9481683,0x532CfD4FB568468AE4765AB624b568ff2507b9c9,0x956962C34687A954e611A83619ABaA37Ce6bC78A,1e-05,0.001,confirmed
2025-10-24T17:56:42.075961,ethereum_tx,0x0415ae89bb3bbad3ceb47ca1c383a390181ea94cbca3fa35c7fac319b7667f15,9481683,0xF8AB8193475Ee88eAA793F9974F913339a07b6c2,0x956962C34687A954e611A83619ABaA37Ce6bC78A,1e-07,0.001,confirmed
2025-10-24T17:56:42.075961,ethereum_tx,0x01eb79e1b9474666fdd4e545f4c077cd0e3f8077257de0a9e50c04d038b8f10f,9481683,0xE3758789627c60ce8f035df2a032FB6790F49d74,0x956962C34687A954e611A83619ABaA37Ce6bC78A,0.0001,0.001,confirmed
2025-10-24T17:56:42.075961,ethereum_tx,0x6975e2129a434b6d058a7e1ef44000b29523eb98874609bba288fb9b8a294af9,9481683,0x13CB6AE34A13a0977F4d7101eBc24B87Bb23F0d5,0x0c06B6D4EC451987e8C0B772ffcf7F080c46447A,0.014352185915712457,9e-09,confirmed
2025-10-24T17:56:42.075961,ethereum_tx,0x9f3338d28931358973a78e1c1c4e8da627b61c5897a44696c702279171d463d0,9481684,0xfc56E7272EEBBBA5bC6c544e159483C4a38f8bA3,0xfF00000000000000000000000000000000084532,0.0,16.000000009,confirmed
2025-10-24T17:56:42.075961,ethereum_tx,0x4cfbf0fda476bfa5bffa1fdd6ab8282b9254f42538455d001610867fd337d4d5,9481684,0x3C95c2633296B264d051498C4b2e982EbB526A53,0x3C95c2633296B264d051498C4b2e982EbB526A53,0.0,4.1,confirmed
2025-10-24T17:56:42.075961,ethereum_tx,0xdc5a97282d74f0354072b0bac1eff819b0bdf9b82b9b174a5dbf872255bf7fc4,9481684,0x86FB45CEAa30737FC16BB8ce7E79D1bd9118eCC4,0xcA11bde05977b3631167028862bE2a173976CA11,0.0,3.000000009,confirmed
2025-10-24T17:56:42.075961,ethereum_tx,0xf8522b11c56c13c93173fb824da16317bc5d1d9b5d7fb7037f5cbd03ef5c7b8f,9481684,0xc47176667F8d876c2a98ac5c765d52Af45a71Da3,0x73B668d8374DDB42c9e2f46fd5B754Ac215495bc,0.0,2.000000009,confirmed
2025-10-24T17:56:42.075961,ethereum_tx,0x423a02806e4e15dee13e6d2e6d667a80d94012e168e7e48d4d4abfcf60384e78,9481684,0xc001e185538A55CF12f6C7CB70633917cFD47BE1,0x73B668d8374DDB42c9e2f46fd5B754Ac215495bc,0.0,2.000000009,confirmed
2025-10-24T17:56:42.075961,ethereum_tx,0x12775481017138930c54f741cf7b448e0cdb048c24f0bcca77d309524bf2674f,9481684,0xe7F38E2D57a0eA80240B5E65A69AF66812CbCd0C,0x4fb67a2aE260c9924144d93A0ed3cE096eAd3c6D,0.01,2.0,confirmed
2025-10-24T17:56:42.075961,ethereum_tx,0xa632ea44430143c80c2872656fe356481f76e5aa46370fe5eb18e708a7f85953,9481684,0xc150eD8eEe9B61a8dA1f2BaCE3087CA845d1Cb81,0xc150eD8eEe9B61a8dA1f2BaCE3087CA845d1Cb81,6.66e-10,1.500000009,confirmed
2025-10-24T17:56:42.075961,ethereum_tx,0xe5f92475ed3408d989bb80278b6c921333f722b4fce47592f86ea1c31219069c,9481684,0xD9D21Bd7C091Fd620318ef6c24DE2dc11615E00B,0x4759873B7fAB4d3Dbd742d5AaBE0Ee52e290E440,2.431544429999811,1.500000009,confirmed
2025-10-24T17:56:42.075961,ethereum_tx,0x82473794d435921ef6bbd8969f9d7bbfb514ac571a1d59359afe962283db6260,9481684,0x7E3879F17dD7924B078BC4438cBdebc092FB138b,0xBC04d69Ecd7890699b2BE7924eA86474e15098E6,0.599968499999811,1.500000009,confirmed
2025-10-24T17:56:42.075961,ethereum_tx,0x9794738e957f208bd5689762827b3aca5e07d6c0f9ec8a0e33ffbc11350afed9,9481684,0x166af7777a21F3DA243eBDA4421fC86A17c95531,0x7DA8017399C7e7b0FD1C5cF0c9B0bde7Eb34AA97,0.0,1.500000009,confirmed
2025-10-24T17:56:42.075961,ethereum_tx,0x30202a5d799a08a07590084d1bc638631acc43586c4c9d4c54baeca6ce816380,9481684,0xC4c153ae43f546d667C7A40Ed6F74Ac5d399C7DC,0xFEB6e1eaCf920d2e91A856f35d4ea487dcB2d22B,0.0,1.500000009,confirmed
2025-10-24T17:56:42.075961,ethereum_tx,0x625fd9bc5d2e8775ee5e04a39524048cffb35135c93fd2560fd95b461e94ce5b,9481684,0x8f937B3BE78aE12702173698ed00a522bBBA0570,0xba1FCc7a596140e5feC52B3aB80a8F000C9Af104,0.0,1.5,confirmed
2025-10-24T17:56:42.075961,ethereum_tx,0x505ab837f08221a797fd854a935d548a78811b6b38e7ba3803ea5cbc540deaea,9481684,0x42781F122B7FcE3d01EF49500AA6681e295394a1,0xba1FCc7a596140e5feC52B3aB80a8F000C9Af104,0.0,1.5,confirmed
2025-10-24T17:56:42.075961,ethereum_tx,0x9b9567042d26719a872cf7e35b4bd7cd27aa94a1affb4de3f058ed6b83791f37,9481684,0x9b8b1d35Ad7a3b129785900114e6778fdff80089,0x2A4496bbC344414e3bDbE6a8E7c40EF007DAeEd1,0.0,1.5,confirmed
2025-10-24T17:56:42.075961,ethereum_tx,0xcfc3855d4f371332be3a59975dcabdc7c3f1d43ab45c9d4ad209da09dbd72e45,9481684,0x90a68c096e1fb46eDCb1081ef4EdE7d5547Bb65e,0x2A4496bbC344414e3bDbE6a8E7c40EF007DAeEd1,0.0,1.5,confirmed
2025-10-24T17:56:42.075961,ethereum_tx,0x3c0f716d7a8d47a81dedf9319af86dd6b88c2a20cb5bbd11bcb92bd1aa3ea2c4,9481684,0x85AA16B0a6eA346138eAA7D0c041195E624Bf7d4,0x2A4496bbC344414e3bDbE6a8E7c40EF007DAeEd1,0.0,1.5,confirmed
2025-10-24T17:56:42.075961,ethereum_tx,0x95d00e0e9a4cc75f6e7944dff1782622fc6c6103ef75265577e312e810c3fcec,9481684,0x7b0D3F61C1C4343D2Ea2e9aeC13cB4a7f04E0A5e,0x2A4496bbC344414e3bDbE6a8E7c40EF007DAeEd1,0.0,1.5,confirmed
2025-10-24T17:56:42.075961,ethereum_tx,0x730ce6d4a04ebe4befc0daac97d81adc098a5b9cd7f7b45bc52585a69f60ff70,9481684,0xdedD98af145731AD0696F36d8ef4307b71416385,0x2A4496bbC344414e3bDbE6a8E7c40EF007DAeEd1,0.0,1.5,confirmed
2025-10-24T17:56:42.075961,ethereum_tx,0x11b449e475dcf8fcd5ab5c4a453456c6be9ac50f2f59c655674319444b29e8c5,9481684,0xe7e6d1c56cCdA90c7738aB3244FfC5e40fc4d445,0x2A4496bbC344414e3bDbE6a8E7c40EF007DAeEd1,0.0,1.5,confirmed
2025-10-24T17:56:42.075961,ethereum_tx,0xd3d23944ebab55c8936dc5e9148460dc9ed38e2271b5c8b268de023148eede37,9481684,0x3c25a1ec5768566d83a0E0cABC5aa81d3EDA7BC3,0x0071Ec7c82F8A96Faa7fe145AC76c850a942F0A9,0.0,1.000000009,confirmed
2025-10-24T17:56:42.075961,ethereum_tx,0x9ae7cf5791e382d6a4b36380e0c03e11a791ee5e6d8f62806072b7131f8c192b,9481684,0x31C226f971b5eC98Ac3858CE21993Ca9f53419AD,0x7B81a708ee135E9077AE0102DB248954e78c3B79,0.0,1.000000009,confirmed
2025-10-24T17:56:42.075961,ethereum_tx,0x6f21ac1c1cdf368efae1f2651a0a3d506de5e48659296a6a56c8d8bb64438418,9481684,0xf7976ba00Ad6bE11bbE97a278534E1b3348bED1d,0xd11cdb585fD480681398bD34a19D52EC08A24a0D,0.0,1.000000009,confirmed
2025-10-24T17:56:42.075961,ethereum_tx,0xcbb9b363d81244babb3850a4e941120ca69a6e0090c12e969bed2422f970d188,9481684,0x520D64e7D20acF0ee5e911a5276FDBbd68463773,0x7f9dA388fb2943aE1Eb8BCDF945F4265A33097b0,0.0,1.000000009,confirmed
2025-10-24T17:56:42.075961,ethereum_tx,0xe12db61ac59654757694cc614bfc04fd918deff71334552432066335f7e9d2e9,9481684,0xaB697892ec5C0008589a8a64a557Eb68B53F72A3,0xe969c530D9bCb5Cc348aE1C1F19efa42EFb1CC1f,0.0,1.000000009,confirmed
2025-10-24T17:56:42.075961,ethereum_tx,0xad35e950e25c6c9592961eacb633c88f0e8a420e2139b020e8ee2e4bad7202c2,9481684,0xE09057A0FfF335FA802DEF5e358dA734668D6bd2,0x78DeEBb82af5F647A2662564D5b69466a5Ca7c33,0.0,1.000000009,confirmed
2025-10-24T17:56:42.075961,ethereum_tx,0x984764831696e5630b86d9efaf0e7ba4ac5ad6967a5eb4769c42a5b2340164bd,9481684,0xAa03CfA18154822f8Ad92D48c42210a890E01Dc9,0xB88FeAA1a0c5B57D82B50C937A7ad647E6D59223,0.0,1.000000009,confirmed
2025-10-24T17:56:42.075961,ethereum_tx,0x9a8816aaa4112857ff1af907b564037f2d52bd34e20e97ffc5c1cb969d60e1bf,9481684,0x95f9ea159CA88e1300ef7ff0B5F100D0d1d8aB28,0xf2Fe99A2311c999E030f9e3a856B5Ee79727950F,0.0,1.000000009,confirmed
2025-10-24T17:56:42.075961,ethereum_tx,0xbced8fcfb85e587c1f15d02afc4c3e3ac71a46e72de86a607133ce57da33a37c,9481684,0xF6FF6C8cA01E3A8E79d1dbFF7CE77665Cb30CD88,0x7d9Dd4f7Fd1E9af8C60E4c8Be16d303b0b92e4ed,0.0,1.000000009,confirmed
2025-10-24T17:56:42.075961,ethereum_tx,0x5484eb2b43106f2b5e632ca004f53bb68bd7be59d418444bd700dd8cc1697376,9481684,0x0c2aC914b2378e5AFAeCBaB08a171c769d34947C,0x734dDE12fD466C14a85DE838788efE6F1993c84C,0.0,1.000000009,confirmed
2025-10-24T17:56:42.075961,ethereum_tx,0x34477a4e1403f89a06b07bb379b1735cc33361f0381ecba17f1b8e2f86b03c4f,9481684,0xF0FEd0C0192539a1076d8BDa1233f414704d98Be,0x00D22efF04CF7d0f5A355A6D9A06E43120398dA6,0.0,1.000000009,confirmed
2025-10-24T17:56:42.075961,ethereum_tx,0x6efe89269ecdd195917af7f17115d32fe7fefc84d93049a61f6e4625d3931a41,9481684,0xF6E1e7F056c42A23368e51c1EAFd14601BBc0210,0xfD4559b473fbcEABc0F68631646d6CEadF7B7040,0.0,1.000000009,confirmed
2025-10-24T17:56:42.075961,ethereum_tx,0x4d056049759c3f56ef061f5b4e09219164bfb2c4269c3d60e3cf954ad32f13ed,9481684,0x2567fF4BE9f21B1239c93aa3507DD2AC3d54B4f1,0xd9de332c023Dc4372fAE306C3779e0659f0f8F6B,0.0,0.05000045,confirmed
2025-10-24T17:56:42.075961,ethereum_tx,0xbeaa1527efad0b7896d3314733f0709b00770ff12791d611f7cb2ed1be73b38c,9481684,0x9846748EF5E15B30B6bFc34f716267790C0F9A21,0xf993E10C83Fe26DddFc6cb5E82444C44201e8a9C,1e-06,0.020000009,confirmed
2025-10-24T17:56:42.075961,ethereum_tx,0x94ac557ded92be74c38d56324fbd1c72fa407d3d334d7a8ae0a7f853b7acf427,9481684,0x1FAAb03D1AA924a1fa5Fd18D47604123495138EF,0xf993E10C83Fe26DddFc6cb5E82444C44201e8a9C,1e-06,0.020000009,confirmed
2025-10-24T17:56:42.075961,ethereum_tx,0x0e66e1ca306b2b62b82373ec54e9e935a3bb6676aab6b736e525b529d276e13a,9481684,0x3833e6e8Ed90220dB64a72530CA6250FAEAca21C,0xf993E10C83Fe26DddFc6cb5E82444C44201e8a9C,1e-06,0.020000009,confirmed
2025-10-24T17:56:42.075961,ethereum_tx,0x7fadcc7cf0c777c314b19deed5b47313097a029cf5ee101c127270babb98ba41,9481684,0x774a37390a3f441691E1aD5f7E586D84c5c620a6,0xf993E10C83Fe26DddFc6cb5E82444C44201e8a9C,1e-06,0.020000009,confirmed
2025-10-24T17:56:42.075961,ethereum_tx,0x61cd7ab99fa65b4e3a0f5e502dc2b7eacca02b52e0eacb015637eb0263ff8c3d,9481684,0x83fdEEFdDc2bb45ABE2f5285E87a44f26541d426,0x280677A203859C8Fda8923C52a15E77611e0AfEe,0.0,0.001500009,confirmed
2025-10-24T17:56:42.075961,ethereum_tx,0x61b70719a23912dcb875797ecd76d282ac98807f9a99a285babbcfe6816359f4,9481684,0x7e62c5e7Eba41fC8c25e605749C476C0236e0604,0xBdCC405C59ED6075088E600f25DF922d76bCcB64,0.0,0.001300011,confirmed
2025-10-24T17:56:42.075961,ethereum_tx,0x7302ac82dc555c4e8d9281749ada7db4efcfae617f1c5be66c1ff1ee151777ff,9481684,0xB6D120C413039aD4CFA902b1F4b29b24e429B645,,0.0,0.001200011,confirmed
2025-10-24T17:56:42.075961,ethereum_tx,0x744ccb77dbe223ae8ab69da80e955b5f8430604f943339ce73b3e10dd2b8ea88,9481684,0xE4765a5D7335DAd51b3058d0b8eDeE540D149a21,0x83458E8Bf8206131Fe5c05127007FA164c0948A2,1e-18,0.001200009,confirmed
2025-10-24T17:56:42.075961,ethereum_tx,0x9fd80da34e9dc07cc598b465f7c3a95dc84dddfd982537e4ce2ebf5517989e6d,9481684,0x339d413CCEfD986b1B3647A9cfa9CBbE70A30749,0xD1654C656455E40E2905E96b6B91088AC2B362a2,0.0,0.001200009,confirmed
2025-10-24T17:56:42.075961,ethereum_tx,0x9dc6bd7676698b2f1b058fa6e92c3ad5374a19b5983007f41dc24444614645ba,9481684,0x339d413CCEfD986b1B3647A9cfa9CBbE70A30749,0xD1654C656455E40E2905E96b6B91088AC2B362a2,0.0,0.001200009,confirmed
2025-10-24T17:56:42.075961,ethereum_tx,0x186181ed909c51f5a99b80b4359a36b0a8b00b5e8111f69cdd95b351463abf2a,9481684,0x339d413CCEfD986b1B3647A9cfa9CBbE70A30749,0xD1654C656455E40E2905E96b6B91088AC2B362a2,0.0,0.001200009,confirmed
2025-10-24T17:56:42.075961,ethereum_tx,0xc93fc2b2c186231f59c62ef2648c9aae46f086a8dde887ed40a8fd5197cafb7c,9481684,0x339d413CCEfD986b1B3647A9cfa9CBbE70A30749,0xD1654C656455E40E2905E96b6B91088AC2B362a2,0.0,0.001200009,confirmed
2025-10-24T17:56:42.075961,ethereum_tx,0xd0a2daed3fb15aa19c12b4a0881d2a4369f48253501eeb96d49aa5433078a666,9481684,0x339d413CCEfD986b1B3647A9cfa9CBbE70A30749,0xD1654C656455E40E2905E96b6B91088AC2B362a2,0.0,0.001200009,confirmed
2025-10-24T17:56:42.075961,ethereum_tx,0x626dabd4ce3fe1ed36575485605300f74e86aeb64e2a2197e455a3cfaef1571a,9481684,0x339d413CCEfD986b1B3647A9cfa9CBbE70A30749,0xD1654C656455E40E2905E96b6B91088AC2B362a2,0.0,0.001200009,confirmed
2025-10-24T17:56:42.075961,ethereum_tx,0xe719c73e3009814a15a014bb16cfb2fa3b4dd015fbf92ebea567aa7496da0275,9481684,0x6EFB29CEe3b414272EB7A8F3Ebabf873D36bC033,0xF46d359bb0de27949b330CB478d10990fDE791B8,0.05,0.001100009,confirmed
2025-10-24T17:56:42.075961,ethereum_tx,0xcc716a9d137c8e3f6a1275b46752c14471666f6c6e4ede5c9a9bcf429e1607fa,9481684,0xb3a1956Cff1ecc8054B81b0C83b9847CB71384b8,0xCf8EDB3333Fae73b23f689229F4De6Ac95d1f707,0.0,0.001096473,confirmed
2025-10-24T17:56:42.075961,ethereum_tx,0xc6dde51bfdd690c7703000d26c8e72efc44490c71bd85f6b08275a537336a974,9481684,0x61d8838f9A00250C9AF13D622DA7c08c372ee587,0xCf8EDB3333Fae73b23f689229F4De6Ac95d1f707,0.0,0.001085755,confirmed
2025-10-24T17:56:42.075961,ethereum_tx,0x928bbc2ecf07a957deaaaa0821788218f062ee0a2bd5ec82705007cbfb0403c1,9481684,0x8D63bDE03198ed44354544833686ffC1cEf6B69d,0x0820f975ce90EE5c508657F0C58b71D1fcc85cE0,0.0,0.001057617,confirmed
2025-10-24T17:56:42.075961,ethereum_tx,0x2f7de618cf8f79d508f911e15d26d1960d4156567d87ee2cc04d67ebbe188e26,9481684,0x9A37Ab2eE598D00918db33F85fcf165cA55e7f1a,0xb5A49949C49dEDD852F9f0f419b17aD2785032db,0.0,0.001057617,confirmed
2025-10-24T17:56:42.075961,ethereum_tx,0xa597b8adf63f768976c78096b6c2a1d80c45d9e64f9ce5a6975e2888352e26e2,9481684,0xE5640C04d6A658908D257B2135a0Ac23eb79D63a,0x0000000000000000000000000000000000000000,1e-05,0.001000009,confirmed
2025-10-24T17:56:42.075961,ethereum_tx,0xc67d37842a99580e7dd90bfecb7c27b05254af8eaa65d46f95657cadf7034ab7,9481684,0xe497c1882d2fC664a2ba93C774363eA14F211d90,0xc807aa9514993745Cf7C35dDeB3eAdE5Af1e7B2C,0.001,0.001000009,confirmed
2025-10-24T17:56:42.075961,ethereum_tx,0xd7ae8bf0fe8387fc7c167030042d91e86e54c23c6e9072653dca0fd1308a8756,9481684,0xAC346feDd3214ff200CB8DE8f8cb0BB5b3928224,0xc6255a594299F1776de376d0509aB5ab875A6E3E,0.0,0.001000009,confirmed
2025-10-24T17:56:42.075961,ethereum_tx,0x42be3d7378fd75c1bc4873cc5117f73218c4d9c8eba76acb6ea2de7aaa77e170,9481684,0x1342AB509342Ce666289e5030570eaA31ab50CC0,0xc6255a594299F1776de376d0509aB5ab875A6E3E,0.0,0.001000009,confirmed
2025-10-24T17:56:42.075961,ethereum_tx,0x833a9823db2d1d1200a82fe9a1158b24870f74990e778cb59aa49d414ef2079b,9481684,0xB1bEd2E4081d86F3199B08a2aa3CE2959e9272ab,0xc6255a594299F1776de376d0509aB5ab875A6E3E,0.0,0.001000009,confirmed
2025-10-24T17:56:42.075961,ethereum_tx,0x3042da725ad65197b45a29cdca8df9a582b7380600f21568b1a0dc99280c96e9,9481684,0x78a6304E9dED5A9cbBBa2D85CD1E3A20e0f68193,0xc6255a594299F1776de376d0509aB5ab875A6E3E,0.0,0.001000009,confirmed
2025-10-24T17:56:42.075961,ethereum_tx,0xf520dbfa9fca6ec6e1cc07c009bc617c4d98efece8b4c075ba3c58cf01279ac9,9481684,0x19df454C766C4684019DF39B82F8F75Db30aB9E6,0x15B0E3766B144fbB190AeA6F01d8676af20C5aef,0.0,0.001000009,confirmed
2025-10-24T17:56:42.075961,ethereum_tx,0xd2c29ea566c8eb2fbaa2dbac6d7eab3d062e47bf84c7d5fd5cfdd79f8f931d8b,9481684,0xA1c3d7699A6dfCf3e961B6486350cf527dBf3cf0,0x87A3effB84CBE1E4caB6Ab430139eC41d156D55A,0.000675,0.001000009,confirmed
2025-10-24T17:56:42.075961,ethereum_tx,0xad4d0d758dfb967faf1d6afbb3571b665f409e6edaedb3a5383d3a78a8997278,9481684,0x812A967a69044225582ea080C63E4153E1F8B88C,0x1f96D1656a6500e526E92B19EAA894A6A7647ABa,0.010024380000400976,0.001000009,confirmed
2025-10-24T17:56:42.075961,ethereum_tx,0x98cdedfbc4ee1f0e4579624b2d3884277a75e2ca408a83bf5fb3bc7cb0370e5c,9481684,0x8fdD16CBE70bdE7a1eB0492d78e88807328FcBD4,0xc6255a594299F1776de376d0509aB5ab875A6E3E,0.0,0.001000009,confirmed
2025-10-24T17:56:42.075961,ethereum_tx,0x381fa9c5f2c59b695571aa4a0d4a70f6969a0a20c1ee52e76d8ea085f5f28125,9481684,0x87274056A4cFa611d40dd7a39750A462cb6bfe2f,0xda28b3289014d7bf5eEAA869126EE77C5e3E6ac3,2.18e-06,0.001000009,confirmed
2025-10-24T17:56:42.075961,ethereum_tx,0x1a658df19ebcf68f27ec65743e5f4c15cb77b2ef518ee8584dbbe0ca1faca0c7,9481684,0x082Eec8980202540cb594EC5D2f823Bb87F000F9,0x03C66CB1826BDB0395BF31E68Bf7E873e9564fFB,0.0,0.001000009,confirmed
2025-10-24T17:56:42.075961,ethereum_tx,0x116c56315210f0db6f94ec2e1299a292f5f71a502553af0e02ac916d4b754ece,9481684,0xAF3f6403E96B46EFE5c6F893410D9b948F6a0dc6,0x03C66CB1826BDB0395BF31E68Bf7E873e9564fFB,0.0,0.001000009,confirmed
2025-10-24T17:56:42.075961,ethereum_tx,0x64a550ddac27fbad2e5197cd1647727c9d31c5298ffc778e00fcbb4cf297eb33,9481684,0xfE68EE8a6B59c31622269E3DA997473bd0484601,0x03C66CB1826BDB0395BF31E68Bf7E873e9564fFB,0.0,0.001000009,confirmed
2025-10-24T17:56:42.075961,ethereum_tx,0xd39f634b9f6c4cf8555ffcb4949f28f038056143e40c48b8989022ad836fce53,9481684,0xC5E50DBC9D5581F568ebb35351F2172E87E9821A,0x03C66CB1826BDB0395BF31E68Bf7E873e9564fFB,0.0,0.001000009,confirmed
2025-10-24T17:56:42.075961,ethereum_tx,0x23660348bfef4bf368447c8b8380f48915108c5412b515a5dfe0fa372ba31a08,9481684,0xeE17D314595024f85C9B45b2d0799B7CF0525716,0x03C66CB1826BDB0395BF31E68Bf7E873e9564fFB,0.0,0.001000009,confirmed
2025-10-24T17:56:42.075961,ethereum_tx,0x86851d1001f1eac64fd1f61f21df7985c1501d54360805d7fe172223bc88b1f8,9481684,0x883571EAb9c88F05dc8Ec39966B457Defae3666f,0x03C66CB1826BDB0395BF31E68Bf7E873e9564fFB,0.0,0.001000009,confirmed
2025-10-24T17:56:42.075961,ethereum_tx,0x333cc1952a517d602d7a9d436c1dc4bca330b6f7e99bd6a720035389a8a6b0e4,9481684,0x474Fc6A6735FA2a9D3a87fc04De2686BFa5A1836,0xD6BBc9A43EaB0f70E8FCD95F6159CbcF877EaA2f,1.14e-06,0.001000009,confirmed
2025-10-24T17:56:42.075961,ethereum_tx,0x95867dfc85aec5c84499a7ea1190b713e99711c05f3c1493096f5b894c0da090,9481684,0x1Ad2daBc8D944290Bc925A9DCe0cE52849b603fA,0x99b4A238E6c2d8D48a8c3cDC4E5425aA572F84ee,0.0,0.001000009,confirmed
2025-10-24T17:56:42.075961,ethereum_tx,0xda01d6267c3110dc00abbd8d8dea798535e27364917f1d62289101443a04e714,9481684,0x93358d0362C3BE83ffA10aE86645927135C88c6f,0x03C66CB1826BDB0395BF31E68Bf7E873e9564fFB,0.0,0.001000009,confirmed
2025-10-24T17:56:42.075961,ethereum_tx,0x292ec3264547551a2ef3467e33494da3b97e73e971adec85c8ed8d4f22c9517a,9481684,0x190c79eFF713Eae2BCcD64DC48eE6080C8C5e178,0x83458E8Bf8206131Fe5c05127007FA164c0948A2,0.0,0.001000009,confirmed
2025-10-24T17:56:42.075961,ethereum_tx,0xc9ef4ee693bb21c1f2335c67c3187067a61072271981364ab3c1c4d347687869,9481684,0x661bA32eb5f86CaB358DDbB7F264b10c5825e2dd,0xcA11bde05977b3631167028862bE2a173976CA11,0.0,0.001000009,confirmed
2025-10-24T17:56:42.075961,ethereum_tx,0x7711f8c9c8f34c006c0c0c15f09899a75c5dd30c90442c9fcf507c1dbe0efaef,9481684,0x3Da763C42E438eB17880fB6A83040d6cf13eF03b,0xFf00000000000000000000000000000000042069,0.0,0.001000009,confirmed
2025-10-24T17:56:42.075961,ethereum_tx,0xc3f687da0c05befe196a57dbeb87e8bdfc22e5e97c06eab4316b06ba22b0eb19,9481684,0x0B0e2673A1CE96a115c2c53e1304eD4640294856,0x08d2b0a37F869FF76BACB5Bab3278E26ab7067B7,2e-05,0.001000009,confirmed
2025-10-24T17:56:42.075961,ethereum_tx,0x225ad1f42af548c561e086ac7af60e10be20241800ccbb09b0e59ea5f01537f6,9481684,0x9283fA6dA502e4e3f30A4E0A2A4AE00d6a3199F1,0xE3e52c9A4820F278A5EdadeD49A4e220616A70e1,2.499999978999811,0.001000009,confirmed
2025-10-24T17:56:42.075961,ethereum_tx,0x5be0d738c17151b0d36e10227d519db1f8398c0df77f7ea059cce3ae4b86d63b,9481684,0x0D0b2cdBdBd1B0d96Ed31c5e59c397b15990A9FF,0x918690053bf8d01De115dF0A825341f495989352,4.99e-06,0.001000009,confirmed
2025-10-24T17:56:42.075961,ethereum_tx,0xbaad71166dcca60ef1d712e3eb127e140ccb5925789fdb0f4999d42712adfc22,9481684,0x4aC3Fb6A3A2868cba8efdb41DA544637e472eCd8,0x9A3e5153E7642913d007C0685938010011A865C7,0.0,0.001000009,confirmed
2025-10-24T17:56:42.075961,ethereum_tx,0xbbf88dc0fff203982c63361b6ec967bdbaac39e00851e2406a6ba56e7538e288,9481684,0x553414E1e58EEd43936eAF873D91b16D23a2a809,0x853758425e953739F5438fd6fd0Efe04A477b039,0.0001,0.001000009,confirmed
2025-10-24T17:56:42.075961,ethereum_tx,0x87a678817f493a5a61d06a44f6e6d81e6cce9c953c38bc85bdcfd1e920692531,9481684,0x95428FeA02C3FD130D8a545E49e22caeBEc85B6f,0x853758425e953739F5438fd6fd0Efe04A477b039,0.0001,0.001000009,confirmed
2025-10-24T17:56:42.075961,ethereum_tx,0xcbbe3af1fea214dcd0152a2a4ee758fd4187059f973d73b16e2aa26e4cb9c4de,9481684,0x6d50EDC485a5c5C8E57e45994de1C8f8A11A7cee,0x97b7Af86e9231aA66fa6aF1D79d0103E0Da99288,2.2e-05,0.001000009,confirmed
2025-10-24T17:56:42.075961,ethereum_tx,0x32dfa7b601294e495867ff72be66a19a2b1d9630a08c4bda8306115131025ffd,9481684,0x6abAD62A50c120A73A0e43fF99078dF3842CBac6,0x956962C34687A954e611A83619ABaA37Ce6bC78A,3e-06,0.001,confirmed
2025-10-24T17:56:42.075961,ethereum_tx,0x032ac8eee0dfad0813cf66e8925d2e780286df1d968eadac26d92b330e0d7a2b,9481684,0x21a23c64dd9e2B66367b9354D96d8A11442BFd09,0x956962C34687A954e611A83619ABaA37Ce6bC78A,1e-06,0.001,confirmed
2025-10-24T17:56:42.075961,ethereum_tx,0xc0a1c0d025340a517d9f538542348d4559f911e3541cbfb6b3eb65b73f9cd853,9481684,0xEF9f1f2De719383BE7ED89C857cf0Abd31BA2E47,0x956962C34687A954e611A83619ABaA37Ce6bC78A,1e-06,0.001,confirmed
2025-10-24T17:56:42.075961,ethereum_tx,0x44bd230bbd51bfa053a09469fb64f99677eb5d4433dc92b69904e730a9bd9f25,9481684,0x3Dd144d02C1bFb9EEFef56B76FBDB81e7191ceCF,0x956962C34687A954e611A83619ABaA37Ce6bC78A,1e-07,0.001,confirmed
2025-10-24T17:56:42.075961,ethereum_tx,0x192ebd55e4d6ae91cd504fec8c9f0a7d13f54cfd9d41e98b9080f26e221fc176,9481684,0xA1AF343a63056B1CBcDb008e1c67AF87B28e420a,0x956962C34687A954e611A83619ABaA37Ce6bC78A,1e-07,0.001,confirmed
2025-10-24T17:56:42.075961,ethereum_tx,0xaceed060454a3566883b0a36269baa4389ef41cc565c3b2dadef7723f54acd54,9481684,0x874EceDe87C63D40FE64fe1115BD0EFCFcDe91FC,0x956962C34687A954e611A83619ABaA37Ce6bC78A,1e-06,0.001,confirmed
2025-10-24T17:56:42.075961,ethereum_tx,0xf3a52ffb24d173ccd76b7138cc9a34848eda97f81cc205aaf296409f0303def8,9481684,0x39dee179d6529F6D3A38a12dB16Ae4dFb4fb87Ce,0x956962C34687A954e611A83619ABaA37Ce6bC78A,1e-06,0.001,confirmed
2025-10-24T17:56:42.075961,ethereum_tx,0xf90bb76219f36bcda8e3c224700a4e6589dcdbb6d3915e042ee949ceba0bd64a,9481684,0x69cDf38fc92276ece115B896fE2145C6a7ab3301,0x956962C34687A954e611A83619ABaA37Ce6bC78A,0.001,0.001,confirmed
2025-10-24T17:56:42.075961,ethereum_tx,0x89b2fa853fc34cc2ff1d47dc471fe5c8b2baf073502d3bbdf513fd6ba5b598bb,9481684,0x10B87BB7305065D1f891f0EaF781Ac7B42eFc157,0x956962C34687A954e611A83619ABaA37Ce6bC78A,0.0002,0.001,confirmed
2025-10-24T17:56:42.075961,ethereum_tx,0x6eaec2dbeb56f863742a02747c1b2c2475c6fa1481f5e7a9f2dc89bc4eaaacc2,9481684,0xBa10Ba75CF7673c3BE63c706257A9005d9118Bf4,0x956962C34687A954e611A83619ABaA37Ce6bC78A,0.0001,0.001,confirmed
2025-10-24T17:56:42.075961,ethereum_tx,0xad89cc9a6931201aaeb1fdb9540fd154f6345169ae9018a03c69e30f1ef0e793,9481684,0x6d6b5614Fc87D32C7fa1680205eBcc879600b4B4,0x956962C34687A954e611A83619ABaA37Ce6bC78A,0.0001,0.001,confirmed
2025-10-24T17:56:42.075961,ethereum_tx,0x28bb904d6f377d1d82e7226a9691d70b6250be36328b06998d592d848ec689ea,9481684,0x9C8FaA60ac71ad698FA1E9ba77C7F409eF4834cf,0x956962C34687A954e611A83619ABaA37Ce6bC78A,0.000132,0.001,confirmed
2025-10-24T17:56:42.075961,ethereum_tx,0x9fe7863eda0f62084d0e079a7d2122b72e3b19bc922a3159c4d45a690b19a2f7,9481684,0x2bF78d2268Ed1776E41323D6A5aE694d8c8F7968,0x956962C34687A954e611A83619ABaA37Ce6bC78A,0.0001,0.001,confirmed
2025-10-24T17:56:42.075961,ethereum_tx,0x093dcb27108333efa5ac9590a3b0211c0921715d6b480dd5200c9b9ce5d3d415,9481684,0x2821D10D3501974d55dFb1FF04EA063455DC8677,0x956962C34687A954e611A83619ABaA37Ce6bC78A,0.0001,0.001,confirmed
2025-10-24T17:56:42.075961,ethereum_tx,0x0ba0a2da1e511e1bad1eb804485a9d92e50819f2e3d2c9f094fc4c26701e73cf,9481684,0x8356B1EE8Ab99dE3583F0A01e2d247959B665173,0x956962C34687A954e611A83619ABaA37Ce6bC78A,1e-07,0.001,confirmed
2025-10-24T17:56:42.075961,ethereum_tx,0xd594adb8e73ce4478b4c82482c19026fa42301a10f22a7dbb8a04740c88fca6b,9481684,0x94B794E59838De302CCf043d1c7C5E14fc6473A1,0x956962C34687A954e611A83619ABaA37Ce6bC78A,1e-07,0.001,confirmed
2025-10-24T17:56:42.075961,ethereum_tx,0xdb88f50b636b0b32cabcd1742336be92105f50dba24616bb91426f2225818165,9481684,0xDA4bc6D9f9E8676502538C7476901CB4c891bc04,0x956962C34687A954e611A83619ABaA37Ce6bC78A,1e-07,0.001,confirmed
2025-10-24T17:56:42.075961,ethereum_tx,0x276f3f8ddd450dc5748cb777b106e37cf8af1c31acce3e08d13115d597043e93,9481684,0x8Dfe90E5a0E285741723cdDEa9615ECbF6E2A2cb,0x956962C34687A954e611A83619ABaA37Ce6bC78A,1e-07,0.001,confirmed
2025-10-24T17:56:42.075961,ethereum_tx,0xdc98935d9580b8437a37873525a8b51124c3b642f66c8e39e5414f7ed301f41f,9481685,0x5195b31E23244fb78110f60c85Dd2541d35d6B70,0xcA11bde05977b3631167028862bE2a173976CA11,0.0,3.000000009,confirmed
2025-10-24T17:56:42.075961,ethereum_tx,0x6eadd2c8169f14987b324d889d0839aa960eeb68109dda1a471fc6f53a7765bb,9481685,0xC6392aD8A14794eA57D237D12017E7295bea2363,0xF991ba296167bCd0980A77f2f38bB57dB755d9AA,0.005,30.0,confirmed
2025-10-24T17:56:42.075961,ethereum_tx,0x6aaaeb9e853ff6d5c850d142e8c40d3dfbf5731055625c7574a975a9fc4faf7f,9481685,0x3C95c2633296B264d051498C4b2e982EbB526A53,0x3C95c2633296B264d051498C4b2e982EbB526A53,0.0,4.1,confirmed
2025-10-24T17:56:42.075961,ethereum_tx,0x45c27a2402e3e5400a6e59c58f40bfdfb97f28e86e2a09087e2b2e3566ce87e1,9481685,0x6Cc9397c3B38739daCbfaA68EaD5F5D77Ba5F455,0x0DB7a529E4E8fC6BCA32D246B095839c556297b4,2.5,2.000000009,confirmed
2025-10-24T17:56:42.075961,ethereum_tx,0xf81b7664cdbcbcb36ce98c5b85495b1163408b2de22f777f43dd3ac72e95cc8f,9481685,0xD844ba11F64d23a7481E24474D2f184e350B9B3d,0x1c7D4B196Cb0C7B01d743Fbc6116a902379C7238,0.0,2.000000009,confirmed
2025-10-24T17:56:42.075961,ethereum_tx,0x28d4e671f16ef5478ca72c4eb19d142dc48b211869e6c2514b3eea68a8307a23,9481685,0x7a507865d52cE740cdca98cDd18f987355415F92,0x87A3effB84CBE1E4caB6Ab430139eC41d156D55A,0.0,1.500000009,confirmed
2025-10-24T17:56:42.075961,ethereum_tx,0x9869e60b1c8c41a788db7184c79da2e2d38b3466a5ace0c816198354c041e92a,9481685,0xE1fD882E20A75C402b792eFbbddd895578293566,,0.0,1.500000009,confirmed
2025-10-24T17:56:42.075961,ethereum_tx,0x5cb5f855125b496889b55834cbda63918b86f749fdd4df7b7479651fc619a1e2,9481685,0x6A29cc2F73789E2EC36631af9Ba0a86fDe88d96B,0x465C15e9e2F3837472B0B204e955c5205270CA9E,0.0,1.500000009,confirmed
2025-10-24T17:56:42.075961,ethereum_tx,0x618fbaf0a1b12795abefd3e8c078bf9cb50093d90e219c66b3aa0b83cbf51d79,9481685,0x0b2221CB4C414f30483B8D2c3688E127BFcD173F,0x56A35D90424e61e1aC8d4cB613ABCC23747491Bf,0.0,1.500000009,confirmed
2025-10-24T17:56:42.075961,ethereum_tx,0xcee1bbacb5b0c16299b70fbd998d24202b09b21d0d65ece8d7fbe06513f6e3c0,9481685,0x9CD77b2f93Dc90579842657e2344BD3403732374,0xd110672E48c5B29ca911821539b7F202F3d6a9BD,0.0,1.500000009,confirmed
2025-10-24T17:56:42.075961,ethereum_tx,0xad719bfc786445d940f28ba295ffe93b2611f63f844c94c4690c59d76f33b329,9481685,0x3e3fe9D33AfbBca3D5514379b73c7D364c260635,0x844737f8977b57d2931caAF987307Ce9AD2f01eB,0.0,1.500000009,confirmed
2025-10-24T17:56:42.075961,ethereum_tx,0x6107db3b8e65ea779dcb273ee48d611f0370e5d48e63837f018eb9969da6d600,9481685,0xf3663B762f74994C12ab04E2F508285e1669ef6B,0x1c7D4B196Cb0C7B01d743Fbc6116a902379C7238,0.0,1.500000009,confirmed
2025-10-24T17:56:42.075961,ethereum_tx,0xe00f50a6cbf7aaee2d6b2cfedf33c206a2f39e4b129668a607fb833a010753bc,9481685,0x5a7439cD04f06Fc586B8Fea048bE4380550eb685,0xffD8e69183221c2363b0ae9166742f220fBFF844,0.0,1.500000009,confirmed
2025-10-24T17:56:42.075961,ethereum_tx,0x8a17f94c0fd30a496cbcd1c454c7e3863bdae148dad0be4f329b83d4980eb146,9481685,0xB24d00E645454b0Bf190E96416937A428c8A9770,0x2A4496bbC344414e3bDbE6a8E7c40EF007DAeEd1,0.0,1.5,confirmed
2025-10-24T17:56:42.075961,ethereum_tx,0x96615821340db18b1e6043a83caecfe7ad50570c811cef6992a7ebc3158852fb,9481685,0xce36791143F2d0Bb994A3bd58776BCe6F252fFB9,0x2A4496bbC344414e3bDbE6a8E7c40EF007DAeEd1,0.0,1.5,confirmed
2025-10-24T17:56:42.075961,ethereum_tx,0xcbb14106c07a2f86dc9a2cabd35702095a98945b959562389d3949f2cafc8d07,9481685,0x1f00D3D7116ec57eE061bAE1c6485fc3421C584a,0x2A4496bbC344414e3bDbE6a8E7c40EF007DAeEd1,0.0,1.5,confirmed
2025-10-24T17:56:42.075961,ethereum_tx,0x59822e32b422b372dc7f5a08f197c01a7ac8679962532914c343d39f32984051,9481685,0x6adbFB2d5D377612c5D3Fd9373934FbdcEaC160F,0xCa49E63D6D0ECd15269DA3131436C7e43949384C,1.13e-05,1.5,confirmed
2025-10-24T17:56:42.075961,ethereum_tx,0x3d89a4b8935200fcfad20cc05686f261a26e1859c75b31cab21c37e40c35014c,9481685,0x8f937B3BE78aE12702173698ed00a522bBBA0570,0x2A4496bbC344414e3bDbE6a8E7c40EF007DAeEd1,0.0,1.5,confirmed
2025-10-24T17:56:42.075961,ethereum_tx,0xa534ae66fa7fc525b77dd7be992d9f0885102fd37e730810ef601ddbfa92a4b5,9481685,0xcc820Db61cAc455AB7769315b5b911871321C18C,0x2A4496bbC344414e3bDbE6a8E7c40EF007DAeEd1,0.0,1.5,confirmed
2025-10-24T17:56:42.075961,ethereum_tx,0xaff65860469942bd63bf0d4d979499e11356554e7e38d3c9d658bfdaf0d069a4,9481685,0x42781F122B7FcE3d01EF49500AA6681e295394a1,0x2A4496bbC344414e3bDbE6a8E7c40EF007DAeEd1,0.0,1.5,confirmed
2025-10-24T17:56:42.075961,ethereum_tx,0x6aeae0aaf3a4ad3d3a5a49aed4ac3043c83fa08d9a1e9d89460ef4dac7a6dd66,9481685,0xB51F71d5Bc57d7625980bDcB969706934C96786E,0x57c5dC670eB6f571bDD8Fc1CF178c46c9A917A74,0.0,1.5,confirmed
2025-10-24T17:56:42.075961,ethereum_tx,0x59293b2f109ad746e71b9fbec123ec9d355709db284c86270d19c61f430b8cd5,9481685,0x9A3ff835AD7F3fBC63d7D61D35a5092532B42002,0x2A4496bbC344414e3bDbE6a8E7c40EF007DAeEd1,0.0,1.5,confirmed
2025-10-24T17:56:42.075961,ethereum_tx,0xdae30d95f10e907e6da8475f297d380538b8a92ea089028d712c683afdfd9878,9481685,0x0BB2b05aFb98ddf46126706B40dde1745662bA71,0x2A4496bbC344414e3bDbE6a8E7c40EF007DAeEd1,0.0,1.5,confirmed
2025-10-24T17:56:42.075961,ethereum_tx,0x6ce6a63ef31725278bd711ff81b22e2d1a9732457f07a1d14b5ecd80af399b61,9481685,0xAC346feDd3214ff200CB8DE8f8cb0BB5b3928224,0xc6255a594299F1776de376d0509aB5ab875A6E3E,0.0,1.5,confirmed
2025-10-24T17:56:42.075961,ethereum_tx,0xcdd836499c636ed072cc987c149ef86b942a654c5b72150eedc5e10874f44c11,9481685,0x1342AB509342Ce666289e5030570eaA31ab50CC0,0xc6255a594299F1776de376d0509aB5ab875A6E3E,0.0,1.5,confirmed
2025-10-24T17:56:42.075961,ethereum_tx,0xf013c00e6d090be0c08fc11b661f4498e46e0d4c8d099639d39022835b058112,9481685,0x0E577ba933CD53CA2aC5C29D400Ced8678b1e4aA,0x57c5dC670eB6f571bDD8Fc1CF178c46c9A917A74,0.0,1.5,confirmed
2025-10-24T17:56:42.075961,ethereum_tx,0x0ff7be6dde2abcf8b82b913842c110299f43a4ec7f21628000a45b1860abea1f,9481685,0xf7D2cA359d0398DA4f020fc424863dF973f99267,0x27Bd490eB32435dD76e257d405a2B7376fe5EB21,0.0,1.000000009,confirmed
2025-10-24T17:56:42.075961,ethereum_tx,0x5bfe77e2d8441341986264172bba9da5ec05796d88434c0ea8395304198027c0,9481685,0x05E7Bf2B70C33DCEDEaE8a04a521E73E12E2c982,0x661d64D2adeB489257Beaa1028019eC0B3EAc83a,0.0,1.000000009,confirmed
2025-10-24T17:56:42.075961,ethereum_tx,0xfb24a6eab8a916bfb0f513a8bca4b28a752a62f5f4d7cddb0e58251f060ecbae,9481685,0x551caC33C63eBb9F91CECF9e1D81C8Add97695eA,0x9F7806f826D3a31d9a3EB338274E0D27712D4322,0.0,1.000000009,confirmed
2025-10-24T17:56:42.075961,ethereum_tx,0x223188e76e35fb9fccbc518f3dc73d161d5d864549772f487b15a292281557e5,9481685,0xE53E1EdC0f1C8bAac0fd0CBc0B408fef33402ab4,0x32787CDa7eB44a561470afB3134465e4d386b301,0.0,1.000000009,confirmed
2025-10-24T17:56:42.075961,ethereum_tx,0x285055daaee4482641eab4d26d6f85414ca56af0c6e5fa5c99f7c8dd44a00df3,9481685,0x0a3eF2f39aa6acA5609C2454dfBA39e3FDFc0E92,0xb574B65E477C315F40694fB5dECee5F9c58B2C85,0.0,1.000000009,confirmed
2025-10-24T17:56:42.075961,ethereum_tx,0x114dd9286350930686d8ed1b6da2c82a183cadf13dc065e2ddb4d1f924d375e9,9481685,0x13a021dbD56A6E8f5a74386e7637aDFf476a825E,0x109437E6E0c3Ea03799C63D7910918522A1Dd5bF,0.0,1.000000009,confirmed
2025-10-24T17:56:42.075961,ethereum_tx,0x6243af5a3d3f827899a892d7be6be339cb342ec0c57dd62cdffbd9fdce48ed41,9481685,0xEaE59635C0b7357c0dd70345c67dBD0A7c248E2e,0x599872a4f188CDe9A97c32eF6e316dc39ee6c696,0.0,1.000000009,confirmed
2025-10-24T17:56:42.075961,ethereum_tx,0xf84bc97f47e83b4bd54b8305426f3b9213a3526bb0aed275c2ee97be45b559bf,9481685,0x7e44215dB97d1dA208e05164d7821022fd853C0a,0xE0F7589185802731B7842882041a3c6098d9c690,0.0,1.000000009,confirmed
2025-10-24T17:56:42.075961,ethereum_tx,0xfb4aa9eed8e9d12ab54e2941815a6fbd38899dfd6e0daf1a2370a7a15be2c55a,9481685,0x06F5C815679E1323c87791bEC055Bc7afaEF04AB,0xFCb1C51957bF45345aBCAAb7827846aF337870c4,0.0,1.000000009,confirmed
2025-10-24T17:56:42.075961,ethereum_tx,0xa7575987dc185878e34ce75ca369a486cfd040ee54f45057fd1563a3e0dc494a,9481685,0x81D8061076ba0A19c110b5BFf2b9Dd03F8446aa1,0x9d2D950Ff3EE1B75875b8C0FA318644f437924C8,0.0,1.000000009,confirmed
2025-10-24T17:56:42.075961,ethereum_tx,0xd2905b2df86e5595912183f719297bf30da68a73e577b8ba28a97c5c8cbdd5fc,9481685,0x70d00d4364b45b43AEa3e6F14B59CDf9804845cF,0xec41Ed6e491e9AcD1dC4440A49Ec4DF9c682Fc6b,0.0,1.000000009,confirmed
2025-10-24T17:56:42.075961,ethereum_tx,0x699377f692f72c6f8efe40cacd2d6072912a2c0a84a0190cabc4dc5d01209376,9481685,0x32136151194F4730518C6F1e47dBcBA1d67932C8,0x752D789C5CB4E2EdB0C853f7bEB19BE52C47883e,0.0,1.000000009,confirmed
2025-10-24T17:56:42.075961,ethereum_tx,0x450a859cea6f4a1fb512c4ee4b85165626eea41a71a572d504eaddf3c7d30b14,9481685,0xf329D31191A5693C941341979871e6a7D65C7836,0x239Bc1E96fECA0E8ADf6eE7f357f5595981F3Cde,0.0,1.000000009,confirmed
2025-10-24T17:56:42.075961,ethereum_tx,0x40654a2cf3525c34c71518641bea1674b57c91c5c80a90a67b03175ec09664a9,9481685,0xF0FEd0C0192539a1076d8BDa1233f414704d98Be,0x00D22efF04CF7d0f5A355A6D9A06E43120398dA6,0.0,1.000000009,confirmed
2025-10-24T17:56:42.075961,ethereum_tx,0xc7fefc13f08bb65855376b9eaede391a80fb06a545a0cb028b8927b0bf308a84,9481685,0xB5Ed3CfEcB5524dEEb19540a9c94f494C37cE65a,0x8a2d7B098488cB0fDf68A5Bf796743De6dE5F8c9,0.0,1.0,confirmed
2025-10-24T17:56:42.075961,ethereum_tx,0x063d1dead7a8613c0893bd6596bfeb441536cb5c76b70e2642aa1059468b2fa9,9481685,0xf6720ecB6a647Ea30c6fce74A02127Ac0C5Ae652,0x7b79995e5f793A07Bc00c21412e50Ecae098E7f9,0.0001,1.0,confirmed
2025-10-24T17:56:42.075961,ethereum_tx,0x1175acf3c9aacf3cb390676a54d026293f4b1587d2588e2578994f058b6ac882,9481685,0x2567fF4BE9f21B1239c93aa3507DD2AC3d54B4f1,0xd9de332c023Dc4372fAE306C3779e0659f0f8F6B,0.0,0.05000045,confirmed
2025-10-24T17:56:42.075961,ethereum_tx,0xf6fc64608b8e6c553e904d1d47aae4f1c818e70f6fa7e3bd3cf853ad6d328808,9481685,0xC39dC96a1DA99EE36f4C1bBfB4F18f4066e8C856,0xf993E10C83Fe26DddFc6cb5E82444C44201e8a9C,1e-06,0.020000009,confirmed
2025-10-24T17:56:42.075961,ethereum_tx,0x4585dd13f4ade11e2ac6290a2d9d60896a0c77832e0be882c8fb84e1de22fbe8,9481685,0x647F0a34C15c15e7A5472DD2eC2cD2f6090e9652,0xf993E10C83Fe26DddFc6cb5E82444C44201e8a9C,1e-06,0.020000009,confirmed
2025-10-24T17:56:42.075961,ethereum_tx,0xea8c614e31a2bd333ffbdcbbeab578d2512b9d41c95fd91e0e69362f9f9606e4,9481685,0x8bB0BF7bA5E3B4B1b09080e119ec6426E70a05F4,0xf993E10C83Fe26DddFc6cb5E82444C44201e8a9C,1e-06,0.020000009,confirmed
2025-10-24T17:56:42.075961,ethereum_tx,0xb48f39fec4ab48b0b4e9c2b0e231c63600a37ea420017a7de0fe2332a275d1f7,9481685,0xF895503943FabF129422B24f101D76B1074d6D9A,0xf993E10C83Fe26DddFc6cb5E82444C44201e8a9C,1e-06,0.020000009,confirmed
2025-10-24T17:56:42.075961,ethereum_tx,0x3a42c757642edadf7a260d976e0e2c9ab3033b9cf4a9ef20c93457f75eed229b,9481685,0xBCaC76ab96E7162CeC96ff9A14357356D548a0B8,0xcA11bde05977b3631167028862bE2a173976CA11,0.0,0.008000009,confirmed
2025-10-24T17:56:42.075961,ethereum_tx,0x48f20d2f268492a4587545e31fb72bcfb92f69f4be43a9a8fdd9f9a1384c159c,9481685,0xC4aCab0fEB3981F2da17e97fCdD705c8E18AAa9F,0x30135f8eC555b4eB4Dd2b9DEB926e63Ade724Cf8,0.0,0.002200018,confirmed
2025-10-24T17:56:42.075961,ethereum_tx,0xbcb435cab3aa510fbc59b7052d8c9966045c07364d0c974dfc3a1e57a7d19d71,9481685,0x08B32dA77db5dBabcD537288F34a42fafA0cDdd8,0x956962C34687A954e611A83619ABaA37Ce6bC78A,2.5190268015902e-05,0.001500013,confirmed
2025-10-24T17:56:42.075961,ethereum_tx,0x6acd65a65e8cff5a0d20038ded4f310312e14a056700e8d1d7dcfc8c1ef93108,9481685,0x1bE796Df0a71bFc8b36bcbA460984d2Fd2981B82,0x956962C34687A954e611A83619ABaA37Ce6bC78A,2.918403592494e-06,0.001500013,confirmed
2025-10-24T17:56:42.075961,ethereum_tx,0x2cfe3df7ba6b4e8178ee6ed8fe32677524f3f11d6ba2a8657749b954afb9a3a3,9481685,0x6d7927C0D236388319864007681BC0C6b844Def8,0x12e1181a741b70BE6A9D81f85af3E92B6ba41897,0.0,0.001300011,confirmed
2025-10-24T17:56:42.075961,ethereum_tx,0xb79a486b479dc2d59b1cf72b873cad1bd410c657eb583febc350b403fc04e776,9481685,0x9a0C272bD8bb40edB2689bF48B395F8EcB561d55,0xfa96E2167a154C8fD54E62dCC6111D33a2fC23Da,0.05,0.001100009,confirmed
2025-10-24T17:56:42.075961,ethereum_tx,0xd6a0c383448a5847423daab352900f73f8db741d0100661f64146f60386815c6,9481685,0x9905E8C3A4f82037170a8c411CD8b11D4894066f,0xd0dbB2486e3Fbf371D1B2e35Fa330bef6529d2f4,0.0,0.001098004,confirmed
2025-10-24T17:56:42.075961,ethereum_tx,0xa113c48c68e1abfd416a636b660116fd08a6d87252a9173c0f267f055d22673d,9481685,0x2c2ff804eD59BBE2533e0a8210D5a120414D4c93,0xA73aFb610aC79A729A393D679029fCf9618854AD,0.0,0.001085755,confirmed
2025-10-24T17:56:42.075961,ethereum_tx,0x33dff0af56554acb42b9f06678276c705d76dc1537599c6ef1c66388a38bdf58,9481685,0x61d8838f9A00250C9AF13D622DA7c08c372ee587,0xCf8EDB3333Fae73b23f689229F4De6Ac95d1f707,0.0,0.001071473,confirmed
2025-10-24T17:56:42.075961,ethereum_tx,0x43e8059e7a227dbb351057bd37e05a1f8cf7553860b9e7b0d6f7fa8cf1ad5730,9481685,0xb3a1956Cff1ecc8054B81b0C83b9847CB71384b8,0xCf8EDB3333Fae73b23f689229F4De6Ac95d1f707,0.0,0.001071473,confirmed
2025-10-24T17:56:42.075961,ethereum_tx,0x47c1cb947f6ef09321767dfdd5a431734902c5097cd569b4105cd4dabf7f89bc,9481685,0xB6D120C413039aD4CFA902b1F4b29b24e429B645,,0.0,0.001057617,confirmed
2025-10-24T17:56:42.075961,ethereum_tx,0x3284a9764d00f69c477ce94d0db24aa3e793086fc20b3674e037db3f194e533a,9481685,0xceFF2eE3291d03B524f1E9147822E57Aa87F78Cf,0x7215691F60C4fA7Bb82c5Ac44c7d57dc32bB0493,0.0,0.001052641,confirmed
2025-10-24T17:56:42.075961,ethereum_tx,0xed6de6cc5053f89b4c212f27b3e176257cbcb66b65e73c66ad6a617e60321fe2,9481685,0xe3C60eA4F385BC41E80a57995d6602B811A106ef,0x7215691F60C4fA7Bb82c5Ac44c7d57dc32bB0493,0.0,0.001052641,confirmed
2025-10-24T17:56:42.075961,ethereum_tx,0x2db979ddd520ead0e58a7fa658efa9cee9c22a2700dd2bd9e08e28f3ab390b2a,9481685,0xbcEd8a789333a9F02C9eABc09E3a00679506f9A9,0x3eDF60dd017aCe33A0220F78741b5581C385A1BA,0.0,0.001052641,confirmed
2025-10-24T17:56:42.075961,ethereum_tx,0xb113c2609a6d32ef67da6c959771f55479a4e003dc2ef32ae1e55c2a411fed41,9481685,0xE5640C04d6A658908D257B2135a0Ac23eb79D63a,0x0000000000000000000000000000000000000000,1e-05,0.001000009,confirmed
2025-10-24T17:56:42.075961,ethereum_tx,0x7cd655de2fa49ca6ea4bd1e50e83e5b3ccee149ad73592320e83bb00106d1d91,9481685,0x9E923297A86d22c871c82b5Add38A85D3cB0e92D,0x0000000000000000000000000000000000000000,1.96e-05,0.001000009,confirmed
2025-10-24T17:56:42.075961,ethereum_tx,0xbe32eef30404c0d982cfd90cbef0d7508b501cb3605b8db07d4b9ca9f6c81607,9481685,0x49E8d6086D2029C4334188571bf5b22597d596c4,0x49E8d6086D2029C4334188571bf5b22597d596c4,0.0001,0.001000009,confirmed
2025-10-24T17:56:42.075961,ethereum_tx,0x935bb0e3588cc3f5fb58f50b008dd9b2b4f0087aca2bb550599252547f5a364d,9481685,0xe497c1882d2fC664a2ba93C774363eA14F211d90,0xc807aa9514993745Cf7C35dDeB3eAdE5Af1e7B2C,0.001,0.001000009,confirmed
2025-10-24T17:56:42.075961,ethereum_tx,0x05665cfe8a4e4d897e0ebf145cb79f0c6b9de7145530343d3049d1a26f52143c,9481685,0xF6f1730924532779A21183AABA65A2099D06398b,0xc6255a594299F1776de376d0509aB5ab875A6E3E,0.0,0.001000009,confirmed
2025-10-24T17:56:42.075961,ethereum_tx,0xc99b9bb92f4eb8a074eccae55c94c54ac8e4b92881031e633f0c4901bdda8fb0,9481685,0xD22c6c02920dD8F149182c121c08e19C4a6750C5,0xc6255a594299F1776de376d0509aB5ab875A6E3E,0.0,0.001000009,confirmed
2025-10-24T17:56:42.075961,ethereum_tx,0x88418b5ec937242e1edbf9fde0bcc66c62fe4bd8b765b7c958414d62a64ede97,9481685,0xDaeC823329018d0c52f06399Af85f618CE084A5E,0xc6255a594299F1776de376d0509aB5ab875A6E3E,0.0,0.001000009,confirmed
2025-10-24T17:56:42.075961,ethereum_tx,0x66d590b94ef431c0e78b1e9d3c46c17cb047575ec8ea2e2271ab6160be6b7769,9481685,0x4ECcfbCD17a99bD48Dc490eECcc9b370DdF452C0,0xc6255a594299F1776de376d0509aB5ab875A6E3E,0.0,0.001000009,confirmed
2025-10-24T17:56:42.075961,ethereum_tx,0xbd4b1749046272c108763a9f2df12246fedac93b6fb8dff9dab0dfa5d88e8012,9481685,0xf5CdC48272D9C22625D455a4C9E9e60eB0cdde48,0xc6255a594299F1776de376d0509aB5ab875A6E3E,0.0,0.001000009,confirmed
2025-10-24T17:56:42.075961,ethereum_tx,0x11d4f961ac87ccc0eab80d82f05fa3816e7e4f4868a4910f8ec33626c0a1b594,9481685,0x383E61E6c059598d9394C4eE217Ba34C2be0f3FC,0xc6255a594299F1776de376d0509aB5ab875A6E3E,0.0,0.001000009,confirmed
2025-10-24T17:56:42.075961,ethereum_tx,0x7380210fc1ce2529822f79f1472006101340da055b8bcf0fe926448676354581,9481685,0x3b57d020281b5f014880977f57eE5b6991933101,0xc6255a594299F1776de376d0509aB5ab875A6E3E,0.0,0.001000009,confirmed
2025-10-24T17:56:42.075961,ethereum_tx,0x54ffdf5d52118b557f872257143f8277dc39ecb49e25dfb758187a69c7ba0b86,9481685,0x2A54FdB8FF11E96B624328453c3bc6f347FEF421,0xFb13dE1C5aC28fc8335Ec5721b06eB4eA6e3897b,0.0,0.001000009,confirmed
2025-10-24T17:56:42.075961,ethereum_tx,0xc4b0f95dfc8078c170b96ca726cc68cc60df487484278effe779b5e6fbdc6b1d,9481685,0x838F96368d719fD3765062A9761b1f94A65EBc6C,0xc6255a594299F1776de376d0509aB5ab875A6E3E,0.0,0.001000009,confirmed
2025-10-24T17:56:42.075961,ethereum_tx,0x8529ea3307d408ddda1716cd0cdce376fbd9018aa0322d50091389fb2a3b4714,9481685,0xaC56BEED1FCa1878621091c540a3d811D1DE8Dc9,0xc6255a594299F1776de376d0509aB5ab875A6E3E,0.0,0.001000009,confirmed
2025-10-24T17:56:42.075961,ethereum_tx,0x186d5d8a84309fff89e9b3a2bf04a8bbc41e240eb074a0eb3c5f81b4e89ef7a7,9481685,0x4845EFb6dA454CE6BA44BE3d99b14a2a5FB00B59,0x1c7D4B196Cb0C7B01d743Fbc6116a902379C7238,0.0,0.001000009,confirmed
2025-10-24T17:56:42.075961,ethereum_tx,0x6d11f517715023d3d07860c57c157ccefdbedad731b660895665df7e972c58eb,9481685,0x5689c7d8448B93A67666d39326Fc78334FF53F3f,0xc6255a594299F1776de376d0509aB5ab875A6E3E,0.0,0.001000009,confirmed
2025-10-24T17:56:42.075961,ethereum_tx,0xb2b01827704e3550cfaeadfd59fb7236a10490f5769e7bf2b2da00b5f826c28c,9481685,0x3B464a7559d5eb00565f9918734dA859E285D1Bc,0xc6255a594299F1776de376d0509aB5ab875A6E3E,0.0,0.001000009,confirmed
2025-10-24T17:56:42.075961,ethereum_tx,0x6ff3463caa301283765dcaa20fc8132757cd23d5476a9cdc2a6a4b6426a0cccd,9481685,0xd53b2F43fFF96aBc04a3a368F3405aeaDb443CCc,0xc6255a594299F1776de376d0509aB5ab875A6E3E,0.0,0.001000009,confirmed
2025-10-24T17:56:42.075961,ethereum_tx,0x44e40cc3ac7af06b2428fe739ecaaffc8187a810028721f2dc5e04ba7666ed5a,9481685,0x3Da763C42E438eB17880fB6A83040d6cf13eF03b,0xFf00000000000000000000000000000000042069,0.0,0.001000009,confirmed
2025-10-24T17:56:42.075961,ethereum_tx,0xf59aceb36437a416da8191914725eb09f7ad9b114ae0e77ec8ae300e7961249e,9481685,0x71955d4098cD2C0737184Ec881016a538ed9A90D,0x561A3Ca88eF38ABC1eCB6B5C8a2fFaa28Cd0b384,0.0,0.001000009,confirmed
2025-10-24T17:56:42.075961,ethereum_tx,0xa39f90dd4e23ecc113109f74c1a4d1761a00871d01cca7104f4fcae1edf2d6d2,9481685,0x4C630B8fDdC1c41722EDFffB2F9D79Df316a522C,0x03C66CB1826BDB0395BF31E68Bf7E873e9564fFB,0.0,0.001000009,confirmed
2025-10-24T17:56:42.075961,ethereum_tx,0xf7d8e2da89a157f210bdbb1b3477e37133db2c9fca359f3233588aeb572514d1,9481685,0x7e892E344279808da3f5d87b82411088F0cb3764,0x03C66CB1826BDB0395BF31E68Bf7E873e9564fFB,0.0,0.001000009,confirmed
2025-10-24T17:56:42.075961,ethereum_tx,0x02ce719ab8cf98da4e309a0f3f529f92d67b90588c4f5bd2b695eeb3de90d14d,9481685,0x474Fc6A6735FA2a9D3a87fc04De2686BFa5A1836,0xf6E7a73ba49ED7dB2376fD8cf21306b28Ca93903,2.11e-06,0.001000009,confirmed
2025-10-24T17:56:42.075961,ethereum_tx,0x68a41475d5c71fe2d3e0290bd7872c3925263e3714d7a08e5feb13953b00efb3,9481685,0x87274056A4cFa611d40dd7a39750A462cb6bfe2f,0x554F4E550D1711B289858f87e4323A025a21F63f,1.17e-06,0.001000009,confirmed
2025-10-24T17:56:42.075961,ethereum_tx,0x94d71fa18580f46558a96e8c0cabd9a48a1e2d3b75d90b2bf9a13c8602a2e1f1,9481685,0x62c379197B2d6e3dfF96804187357bd2b80AaB26,0x03C66CB1826BDB0395BF31E68Bf7E873e9564fFB,0.0,0.001000009,confirmed
2025-10-24T17:56:42.075961,ethereum_tx,0x7eaac5543715d45d2ae547b829437082f1b4bf85200b33bae11a4ba4b92ce44a,9481685,0x2187DF13b3af95108684CD1BF5602dC89a2f006b,0xD7092928Be395B318cDaeEAE0245b0a66ae357a3,0.0,0.001000009,confirmed
2025-10-24T17:56:42.075961,ethereum_tx,0xe3a60df61a5dcf99a5dff267d6f3c639cb4b97a207be5454e40588602d098191,9481685,0x1078dE6D474e7D83eCE95956E496a8918facBbD5,0x03C66CB1826BDB0395BF31E68Bf7E873e9564fFB,0.0,0.001000009,confirmed
2025-10-24T17:56:42.075961,ethereum_tx,0x889b8f2076c3090318789ffdc870c13a6e007c2eef90b65fec9c63f054eb68cf,9481685,0x20450E353fb3F26f09d71F3533f13479d9d499FB,0x03C66CB1826BDB0395BF31E68Bf7E873e9564fFB,0.0,0.001000009,confirmed
2025-10-24T17:56:42.075961,ethereum_tx,0x81360f92118fa6b60e4cfc7c62e6ab5a0627341cb85d41eed5fd733fa2e59a83,9481685,0x8eAea9FC15A5883D18961460B261a7b46D092806,0x03C66CB1826BDB0395BF31E68Bf7E873e9564fFB,0.0,0.001000009,confirmed
2025-10-24T17:56:42.075961,ethereum_tx,0x283f91d4b72d247bfeda6a08de3660732a00ff6c5b8864d3be58f600a5b1ce79,9481685,0x7FAe6F3B81761051C6805834b169A6065B75aEEe,0x03C66CB1826BDB0395BF31E68Bf7E873e9564fFB,0.0,0.001000009,confirmed
2025-10-24T17:56:42.075961,ethereum_tx,0x38bef2d29f007b0b7b2d5978ee1b1bc0fe0aec8e5823ac7a89ec197fb71269b4,9481685,0xb6d25fa232e50EE2fCf3a40DAFCAfe5Fff1Fd9A9,0x87A3effB84CBE1E4caB6Ab430139eC41d156D55A,0.001,0.001000009,confirmed
2025-10-24T17:56:42.075961,ethereum_tx,0x3d576dffe190efb2f8564b36bfa8dd3362b21d37fe2f56fd2f2c0ff4e6cdf344,9481685,0xe119C8B90E3D70564979f5d3A5D1C558F6eB6A08,0x03C66CB1826BDB0395BF31E68Bf7E873e9564fFB,0.0,0.001000009,confirmed
2025-10-24T17:56:42.075961,ethereum_tx,0xf4f3f5a13621208aa8c87cb6c570a00611b833f8f461857dc73e3b8d8c459208,9481685,0x88F710cb96EFB91D526E06468C97BA2f70D9cEE8,0xc6255a594299F1776de376d0509aB5ab875A6E3E,0.0,0.001000009,confirmed
2025-10-24T17:56:42.075961,ethereum_tx,0xb12639afaf0596b024b308154ee0000b7a785b986d699b5712ea96f0b4381a01,9481685,0x88aF37DA7DF47f0D5B105E6152cED558844C6D8d,0x03C66CB1826BDB0395BF31E68Bf7E873e9564fFB,0.0,0.001000009,confirmed
2025-10-24T17:56:42.075961,ethereum_tx,0x4f8b2eaac7d6ebef9eb3b012f6cef649098d6ef7a7745dd00c8fbe66ff209eac,9481685,0xEE5C0c29fB478a94D9a1c626c524122060Eeb860,0xcA11bde05977b3631167028862bE2a173976CA11,0.0,0.001000009,confirmed
2025-10-24T17:56:42.075961,ethereum_tx,0x5adfb7900b7be7a4a85a24446526d385e05a7814def44ed32c3874d21eab6c23,9481685,0x7047b9AF1d9Dcb5599c7593b8f6e9dcC4E1E2d69,0x03C66CB1826BDB0395BF31E68Bf7E873e9564fFB,0.0,0.001000009,confirmed
2025-10-24T17:56:42.075961,ethereum_tx,0xb2862bb15d3c33edb454bb5d05457d67c832f956da26c4803e0d25017f8a3dab,9481685,0xFb24BB2DF1cB9e3f0b7E80ba2aB744F4F77c75E2,0xc6255a594299F1776de376d0509aB5ab875A6E3E,0.0,0.001000009,confirmed
2025-10-24T17:56:42.075961,ethereum_tx,0xc1fb57ea18b40aa8c239b85a24420a374165943f412753f28d3ed2f4e753c729,9481685,0xade5C4b00Ab283608928c29e55917899DA8aC608,0xc211b581cB62e3a6D396A592Bab34979E1bBBA7D,0.0,0.001000009,confirmed
2025-10-24T17:56:42.075961,ethereum_tx,0x98b19aefc4710fe994f34cde87783336f1eb80431e375e91c96b7eaebca5164d,9481685,0x0907eEc7791b1497272fa9CEfCBab83f70F5194b,0xc6255a594299F1776de376d0509aB5ab875A6E3E,0.0,0.001000009,confirmed
2025-10-24T17:56:42.075961,ethereum_tx,0x7b3934678f93dd515c1daebffad36260d9bfda03215cc40f258e8797dee30862,9481685,0xE02E99e4b249358D3Bc6bBD060160C4d4D258B6e,0xc6255a594299F1776de376d0509aB5ab875A6E3E,0.0,0.001000009,confirmed
2025-10-24T17:56:42.075961,ethereum_tx,0xbf9c805ea8abf323b14200d5ab8c96222eb5f71c7bd56745fa057a198693704d,9481685,0x1fFD7C562335D06D5439E40Ca3d5c04a708B63A5,0xEA0A0f1EfB1088F4ff0Def03741Cb2C64F89361E,0.0,0.001000009,confirmed
2025-10-24T17:56:42.075961,ethereum_tx,0x6f800ffa4e343f01c6692aa7bd0d84e54b26bd55f682b6ed762817dd04d8d3b8,9481685,0x1Ad2daBc8D944290Bc925A9DCe0cE52849b603fA,0x5b1BCE8b92D4838AbF03E0EC2b4773daEE244082,0.0,0.001000009,confirmed
2025-10-24T17:56:42.075961,ethereum_tx,0x2186af1f8e5cf85b4d885e81da8550d80f396a13ca00e916428e378c338fb26c,9481685,0xB66df7402831cdFb30B1D3027cd27d3D4Be5F752,0x08d2b0a37F869FF76BACB5Bab3278E26ab7067B7,3e-05,0.001000009,confirmed
2025-10-24T17:56:42.075961,ethereum_tx,0xd1b9ce7364d0d340dad62f0ea26ce7f1c8a89219ee6c2ce74eea3cc772aefe84,9481685,0xfCA9CB97f1d53B349ECb9aF15f158A58e9c5F1C8,0x08d2b0a37F869FF76BACB5Bab3278E26ab7067B7,4.98e-05,0.001000009,confirmed
2025-10-24T17:56:42.075961,ethereum_tx,0x12b5c0b86f1fe15249ae2a8dcd0c97fe80014f75473822060206ef90a2ff8abb,9481685,0x0c06384B9D5Eb60E97B100d0116a7eCf62915957,0x08d2b0a37F869FF76BACB5Bab3278E26ab7067B7,5.38e-05,0.001000009,confirmed
2025-10-24T17:56:42.075961,ethereum_tx,0x7a935625f20b76eba5c756dc8f3b7f8930646da1169d4e6fd17998cc2fbaa67a,9481685,0x0B0e2673A1CE96a115c2c53e1304eD4640294856,0x08d2b0a37F869FF76BACB5Bab3278E26ab7067B7,3e-05,0.001000009,confirmed
2025-10-24T17:56:42.075961,ethereum_tx,0x9218006d3f6560304c36832fc3ea91396328c4f043a4639bb458385ada6a51dd,9481685,0x36760519827d082E2bA5aaCF7fe2EB3272978F13,0x08d2b0a37F869FF76BACB5Bab3278E26ab7067B7,1e-05,0.001000009,confirmed
2025-10-24T17:56:42.075961,ethereum_tx,0x600b90b7795e05568aff10cfbf5f68035b27acc8138634860e282128f964ce09,9481685,0x2dE3D55EF017cfeb7EE28d5f5AC9E91bb9AEf41B,0x08d2b0a37F869FF76BACB5Bab3278E26ab7067B7,6.24e-05,0.001000009,confirmed
2025-10-24T17:56:42.075961,ethereum_tx,0xe819eb5af8b1e37217b265a9645d2bcb0ecc3a3f508b0a844dd33e4ee21a164a,9481685,0x9DA9E546c7DC934EB622c05b9DE9688576711d77,0x08d2b0a37F869FF76BACB5Bab3278E26ab7067B7,4.4e-05,0.001000009,confirmed
2025-10-24T17:56:42.075961,ethereum_tx,0x0890856acb4df4e17d70a0675c2f1ae41eb62f1dcb742c1b73e40f62bb3dca14,9481685,0xaD505B753b3D04CBD319C37f78ABCC1EEa74fbD5,0x08d2b0a37F869FF76BACB5Bab3278E26ab7067B7,7.06e-05,0.001000009,confirmed
2025-10-24T17:56:42.075961,ethereum_tx,0x4b3bb65fd3603464ede33e9963e4e2fb5377344c7bbb1a813cf14514f8506450,9481685,0x7e6866FCA4A210913b668b46d0E618e437F5734b,0xC7aAcb570f9F47471f896E220869756C590079d1,0.001,0.001000009,confirmed
2025-10-24T17:56:42.075961,ethereum_tx,0x80cbf18fb4f9219db0ed243a34cb450deed676190252b85e6f9baf00169174c1,9481685,0xE4072D84A3f761C300eF6d7dFB7E9e87e3296eec,0xFeD59209D941e99DF011F43a3e463Ed6C1DE5688,0.0,0.001000009,confirmed
2025-10-24T17:56:42.075961,ethereum_tx,0x861a2982f0f1c4cbd755b9bde5343e9a8f1fb95f83e8d8390f7fae505619221a,9481685,0xd756119012CcabBC59910dE0ecEbE406B5b952bE,0xADF5aadbe080819209BF641fDf03748bb495c6f3,0.0,0.001000009,confirmed
2025-10-24T17:56:42.075961,ethereum_tx,0xc10d2ac959911c8c641a61929e407ecf61bcc198d4edceff3c63db02e4f4a9c7,9481685,0xcB499cf9d71FBD345e9BF8A37434e5C92d290Efc,0xb3975b4294ed871013d2B47ADe5da9015Df5C54a,0.0,0.001000009,confirmed
2025-10-24T17:56:42.075961,ethereum_tx,0xf1495bb4e7ca034ee87b6465960b6d84e6c52a76e7a7154c6a704f5b20dbf16b,9481685,0x889dc8a98BA88362A2DF9dED860bE2585dcdc6fF,0x87A3effB84CBE1E4caB6Ab430139eC41d156D55A,0.0,0.001000009,confirmed
2025-10-24T17:56:42.075961,ethereum_tx,0x9207b9c9f575a1a0a3b91fee27e6c12ce185994de845cd1c9d01d514705bfebc,9481685,0x9aeCf44E36f20DC407d1A580630c9a2419912dcB,0x89BA0Ed947a88fe43c22Ae305C0713eC8a7Eb361,0.0,0.001000009,confirmed
2025-10-24T17:56:42.075961,ethereum_tx,0x4e446e37acf402aae153a9751a676e30d9d5ecad6dfdfd6d43ff45bdbab0da18,9481685,0x0D0b2cdBdBd1B0d96Ed31c5e59c397b15990A9FF,0x4C63476db848BAEa09dEa17b9bB2Ebf3591bc56F,1.55e-06,0.001000009,confirmed
2025-10-24T17:56:42.075961,ethereum_tx,0x97c432e8167ac9be12848e6736018ce5968e6712a8dd14a70ffd334c93c5ab38,9481685,0x9dA7810c4b81C5241ddEd3486543B3F878f8484d,0x956962C34687A954e611A83619ABaA37Ce6bC78A,0.001,0.001,confirmed
2025-10-24T17:56:42.075961,ethereum_tx,0xe2f1bd441027ee08fbce5e88a7eb9f64b31e5083d0c891dffda6a44c71dc6941,9481685,0x24e1Ed33723BEE8f700E00c06B86c815c75071Ba,0x956962C34687A954e611A83619ABaA37Ce6bC78A,1e-06,0.001,confirmed
2025-10-24T17:56:42.075961,ethereum_tx,0x1bcce56ff9ce7193337a87c5080bed8a816d23f361fab7f7e0836eaf85d00ee5,9481685,0x13e6009357AF52E7D564b5914aa97719C8304A28,0x956962C34687A954e611A83619ABaA37Ce6bC78A,1e-05,0.001,confirmed
2025-10-24T17:56:42.075961,ethereum_tx,0x174b691c76dc75ab1f68e54a272e1b73be281b72e7edd83dcb730b4fecf58ef5,9481685,0x0c55dFbd31D22F94695695eb83F4320494131DB6,0x956962C34687A954e611A83619ABaA37Ce6bC78A,1e-05,0.001,confirmed
2025-10-24T17:56:42.075961,ethereum_tx,0xeafe6614e6b26a7517a5a32ebeb020139e916aaa3e35e1275cd5d1e1415e2fa8,9481685,0xC5fE9494c40662D15fc0969fECBcd1D918bCA071,0x956962C34687A954e611A83619ABaA37Ce6bC78A,1e-07,0.001,confirmed
2025-10-24T17:56:42.075961,ethereum_tx,0x3981ab9282617b8607c61a86f924304043b940ff1473d61fac2f6f6e47a60c01,9481685,0x95222411c513e28DDaFFb56542E966a1704c333E,0x956962C34687A954e611A83619ABaA37Ce6bC78A,1e-05,0.001,confirmed
2025-10-24T17:56:42.075961,ethereum_tx,0xfae2d13b341c131bf93d04aeb161aeaa83af6c89869d2b1b1e8d5b472dc8f26d,9481685,0x00000006fbB45f23bc893d6eae365f1e101Bdf40,0x956962C34687A954e611A83619ABaA37Ce6bC78A,0.002247,0.001,confirmed
2025-10-24T17:56:42.075961,ethereum_tx,0x7988357840bd69cdeef6d31b695d649369c150a157e7a1630c59a3688432e306,9481685,0x9C8FaA60ac71ad698FA1E9ba77C7F409eF4834cf,0x956962C34687A954e611A83619ABaA37Ce6bC78A,0.000132,0.001,confirmed
2025-10-24T17:56:42.075961,ethereum_tx,0x8c65744914b412cb2004c9a349ecc4525e64e3bdae2ef4d5693aa20bbb7c9b8a,9481685,0x21a23c64dd9e2B66367b9354D96d8A11442BFd09,0x956962C34687A954e611A83619ABaA37Ce6bC78A,1e-06,0.001,confirmed
2025-10-24T17:56:42.075961,ethereum_tx,0xdcda38007cb8444c08b8c7bfc27972736895e51b2ed6aeff9eb0842fe027b2bf,9481685,0xF8AB8193475Ee88eAA793F9974F913339a07b6c2,0x956962C34687A954e611A83619ABaA37Ce6bC78A,1e-07,0.001,confirmed
2025-10-24T17:56:42.075961,ethereum_tx,0x5f34411452f8c86424c602b7750496c6f2f2c0a7ab739a64313688f722e0d421,9481685,0xB0752cCA8b78aAB13eA9bE15f9C2b88Fd8B6F043,0x956962C34687A954e611A83619ABaA37Ce6bC78A,1e-07,0.001,confirmed
2025-10-24T17:56:42.075961,ethereum_tx,0x5cf5a057933127667823bef67beac73ef4739c5f2b81160103487e4ec276f7b3,9481685,0x69cDf38fc92276ece115B896fE2145C6a7ab3301,0x956962C34687A954e611A83619ABaA37Ce6bC78A,0.001,0.001,confirmed
2025-10-24T17:56:42.075961,ethereum_tx,0xf83780f649dd8c9adc2b5efad51efb5f3febfcfdab7adfaba4493388333cd174,9481685,0x249A77F68e15fb4c190EE835c2F0C1Aa6e98188d,0x956962C34687A954e611A83619ABaA37Ce6bC78A,3e-06,0.001,confirmed
2025-10-24T17:56:42.075961,ethereum_tx,0xc28fba6aadec8e38382b731f356752e23607fbcaa2ef5488a9fa50d7541afa3d,9481685,0x10B87BB7305065D1f891f0EaF781Ac7B42eFc157,0x956962C34687A954e611A83619ABaA37Ce6bC78A,0.0002,0.001,confirmed
2025-10-24T17:56:42.075961,ethereum_tx,0x7ed91c74c81e01e2cb5e0374b14b819c33957f07cf3644349380af8e4c5f7222,9481685,0xC53BFa6720530D8D5674031d14678009a73Cb264,0x956962C34687A954e611A83619ABaA37Ce6bC78A,1e-07,0.001,confirmed
2025-10-24T17:56:42.075961,ethereum_tx,0x33276a8be3657fbe55c13a89c9ea3ec1b37888cc5d4d0608b52d06b5ff819aec,9481686,0xC6392aD8A14794eA57D237D12017E7295bea2363,0x36d36AB5A62eA9478e183422BB3cB661750Ccf49,0.005,30.0,confirmed
2025-10-24T17:56:42.075961,ethereum_tx,0x3182db2e9f09b945aff96c6c7c8a906ece49cdde174b10a1b8ca1936492fab95,9481686,0x5093cBA1723450145e1c67b954a8799E0Dd4E03f,0xcA11bde05977b3631167028862bE2a173976CA11,0.0,3.000000009,confirmed
2025-10-24T17:56:42.075961,ethereum_tx,0x17e63be756300b3a9b41b1a6c39966ecc5fb6713319bfce17ac6383d5cc4457c,9481686,0x55A07F9f7eD7F110c2Ddd8f2f5d8677Dc94aF4E2,0xeA30c4B8b44078Bbf8a6ef5b9f1eC1626C7848D9,0.0,2.200000009,confirmed
2025-10-24T17:56:42.075961,ethereum_tx,0x57eb16e31663392077d89b500eafaddf1d278874806977bb6a1b80fc29e1b133,9481686,0xc47176667F8d876c2a98ac5c765d52Af45a71Da3,0x73B668d8374DDB42c9e2f46fd5B754Ac215495bc,0.0,2.000000009,confirmed
2025-10-24T17:56:42.075961,ethereum_tx,0x6221ee4106c8e4d22bfcd7124c847851e9b3a686b0f5d136fb0de5f5afac44ba,9481686,0xD446D88cded6933D54D2d671A419c937a4dBE8F9,0x616AF75F01aF269d6306a97A2e4b44EdC84B5A08,0.020504,1.500000009,confirmed
2025-10-24T17:56:42.075961,ethereum_tx,0xfb1f1d3fef549ce8277d2930fce95210a18a1b86a141a8ad9aaf8e6bcef50aed,9481686,0xC915fBB94D959EEbbdE2956e7f1DE2D6210A2147,0x956962C34687A954e611A83619ABaA37Ce6bC78A,0.008,1.500000009,confirmed
2025-10-24T17:56:42.075961,ethereum_tx,0x1c5c3dd5900f1a615456524cf0a901f7b69d1f4cca5ecbda1a838eb21a81c566,9481686,0x24A982a595b15F0BFaEC622a4D2e787D7874E60C,0xa3056456Ff179DF495B6a4301C0342F49ccEF87e,0.0,1.500000009,confirmed
2025-10-24T17:56:42.075961,ethereum_tx,0x902a3df0785d69d7aa1eaa65380b8a1d9e5ae625ee3cc5ccd090cd5768835d23,9481686,0x9CD77b2f93Dc90579842657e2344BD3403732374,0xd110672E48c5B29ca911821539b7F202F3d6a9BD,0.0,1.500000009,confirmed
2025-10-24T17:56:42.075961,ethereum_tx,0x37996e5bf1e8c079e888f57585dc2ff94298affa01a2797575234ca5705176c0,9481686,0x2ED487A0210dfCD6f72643A5c3E5147B27948F5C,0x2A4496bbC344414e3bDbE6a8E7c40EF007DAeEd1,0.0,1.5,confirmed
2025-10-24T17:56:42.075961,ethereum_tx,0x78e109e41ba18dec65c1406c23669a1a16e3dd5e3c7cca12a63373b36402cbf2,9481686,0x4538a3D9328014cE32e569D874952aEC48b8CE5E,0x2A4496bbC344414e3bDbE6a8E7c40EF007DAeEd1,0.0,1.5,confirmed
2025-10-24T17:56:42.075961,ethereum_tx,0xb38976cae4075504bc909c8bd3caf0063a9e8c3e447e0fa6872ba62658e7fdc6,9481686,0x6072aa3e08BF35F9cf5cB17CB6174D0EC7761C15,0x2A4496bbC344414e3bDbE6a8E7c40EF007DAeEd1,0.0,1.5,confirmed
2025-10-24T17:56:42.075961,ethereum_tx,0xf82faaf6a873fe9f118561be93edaa3e515f03b94353a0416c19a8edaa66387a,9481686,0x78a6304E9dED5A9cbBBa2D85CD1E3A20e0f68193,0xc6255a594299F1776de376d0509aB5ab875A6E3E,0.0,1.5,confirmed
2025-10-24T17:56:42.075961,ethereum_tx,0xb0abfc69b2059baf2ff4ad0ac11854000c36a522e1a7131c422196fce566ffe0,9481686,0x3f16358e47388EB85cF3d8470Eee949B501f9855,0x57c5dC670eB6f571bDD8Fc1CF178c46c9A917A74,0.0,1.5,confirmed
2025-10-24T17:56:42.075961,ethereum_tx,0x2098333ff7a3dfa526efc62203fb35614759d8b62d1cf04f60769e0b29247507,9481686,0x5DA8eF4603D0a59acb9B0BD73a72E1ee468A44Dc,0x2A4496bbC344414e3bDbE6a8E7c40EF007DAeEd1,0.0,1.5,confirmed
2025-10-24T17:56:42.075961,ethereum_tx,0x3dc9846f2b9398dce7b689d2d4b050c7a06dcb282b0c482cda7226a1c52aaca4,9481686,0x319c2e7aB76028ce0FC1d129f528cEd2a670f6A5,0x7c2Dd4fAC15DA59c7A217aC3eEEe516864FCa815,1e-05,1.5,confirmed
2025-10-24T17:56:42.075961,ethereum_tx,0x0a9cc666171fc21e268331d475335a88c69d69f3cee17ae744525d0cae13a974,9481686,0x0d81b78b1A476e68D2A08910C6f17bb9dEda50d9,0xa6f0ED3A9a5aC79cacCa674A63aDB98c13c6Ef1b,0.0,1.000000009,confirmed
2025-10-24T17:56:42.075961,ethereum_tx,0x48607635b79aa3904101bfbe69a924a425c33bb20a0bdf27a9ec2fced909c72b,9481686,0xfD1eAcB8D8a3189EB1E97E1983fD40b8371b858f,0xfD4559b473fbcEABc0F68631646d6CEadF7B7040,0.0,1.000000009,confirmed
2025-10-24T17:56:42.075961,ethereum_tx,0xfa929cc09f043cedd84e985a5ba4ecc5d0e9fcbd6586bab77fc68fc1ffe1d432,9481686,0xfD1eAcB8D8a3189EB1E97E1983fD40b8371b858f,0xfD4559b473fbcEABc0F68631646d6CEadF7B7040,0.0,1.000000009,confirmed
2025-10-24T17:56:42.075961,ethereum_tx,0x592bdf3494e88aa82696eac4594372b9810d1fc5184513d4c4a58d15fe63eb12,9481686,0x2a1716C0731439656cC1E39a43FD1Efdf5e4491D,0x597Aa4ba4840074cC4024CD61788F2d0aF6C1978,0.0,1.000000009,confirmed
2025-10-24T17:56:42.075961,ethereum_tx,0x9e5281682f8f7582716251ca95da9999040dec44fe657c926998e7ed44860f05,9481686,0x9041cAC58f326392478AE65320f5FD5a1BdA8A0a,0xac6Df42c13924FC2724Cb8F5977f87Faa8F45cAA,0.0,1.000000009,confirmed
2025-10-24T17:56:42.075961,ethereum_tx,0xfe0b0bf5c990057be4f56be849286094fb37d12e5f66b720476fbc4f21407765,9481686,0xebFc2C4F56FC90864877eB4Fa6468397D2dEcF02,0xDbd9A72316eC93b4f29a70bD4dFbF58280CA6D38,0.0,1.000000009,confirmed
2025-10-24T17:56:42.075961,ethereum_tx,0x711b9aa89e3301380b927178ccfaa8e484fec6f566aa1813e51e6bc407b7dcb1,9481686,0xe80170A5ADbb8A94F5385f5Ec4dcdBba00Bb999B,0x0d1b7b67A862fdE019B2b517A38f197c0f1387eE,0.0,1.000000009,confirmed
2025-10-24T17:56:42.075961,ethereum_tx,0xf27dc12c084a2b27f9bcbd831b2bf04eab7f48604078395bf53c074fe84e99b0,9481686,0x760E339B5fA3280811F0488f18F4E133E12d27af,0x13c54ce889F3ae7c78F35aE9a73798F85C33c0D4,0.0,1.000000009,confirmed
2025-10-24T17:56:42.075961,ethereum_tx,0x2a0181251f15c62d3622ed2ddef3f608307820b8053e689e7a07f94c3bcbf407,9481686,0xaA8Ca8Eff48E78D2669DC070341d2828AB95D202,0xD475ab4288baD16F068B43f0Fdde24BdD53E0EA0,0.0,1.000000009,confirmed
2025-10-24T17:56:42.075961,ethereum_tx,0x97c83a7e9fd498b4ea2e9f537ad13acc5b34a35557f41e9e2bd73e96dabbe1a5,9481686,0x9B299bbc077407486BE6A13621736679b4903e41,0x77F12241D25e0fA2582348e3Df8d6decffae3006,0.0,1.000000009,confirmed
2025-10-24T17:56:42.075961,ethereum_tx,0x579257de262b77506c3d5e227fc9245e627e6031ae5aa1d82aa20c07789173b2,9481686,0x338147F91dB7101DC13EeEd65F5F123344157A21,0x7b79995e5f793A07Bc00c21412e50Ecae098E7f9,1e-07,1.0,confirmed
2025-10-24T17:56:42.075961,ethereum_tx,0x3f52d52810c4f036115e53f340819a1115cf7c3d2cb8ff34fcdb2b0f05ed1c8a,9481686,0xB5Ed3CfEcB5524dEEb19540a9c94f494C37cE65a,0x183De4cd07f2cE5b4f08d64f2bCFA533B50D0783,0.0,1.0,confirmed
2025-10-24T17:56:42.075961,ethereum_tx,0xc6f69fb434feb2dff7a3d00d7c5335ae4b8784489e14068a9f6d07cb79dc58ee,9481686,0x71C62F47557F23F1EF03AD212BB4e9b98acdc9E9,0xf993E10C83Fe26DddFc6cb5E82444C44201e8a9C,1e-06,0.020000009,confirmed
2025-10-24T17:56:42.075961,ethereum_tx,0x4e8d0df2568186f209d0182fca4bb34700b794db2d802ae83100be6a3317490c,9481686,0x95c0240dA44D06660e2D53552Ee941664caAe1bc,0xf993E10C83Fe26DddFc6cb5E82444C44201e8a9C,1e-06,0.020000009,confirmed
2025-10-24T17:56:42.075961,ethereum_tx,0x7743615da5ab016bd8d525f9633f622e401ebf6a2a4069b065a92bcf42dd5306,9481686,0xCA126655815A45100dF1a24bff098f578da18b06,0xf993E10C83Fe26DddFc6cb5E82444C44201e8a9C,1e-06,0.020000009,confirmed
2025-10-24T17:56:42.075961,ethereum_tx,0xb5a7345f4fc2f0e93adeae2f96fd01164f14ab9afa21be5952be19c38a23feb2,9481686,0xf0b90f14B2EbB98FDA4E0296A519A2285Ee68734,0xf993E10C83Fe26DddFc6cb5E82444C44201e8a9C,1e-06,0.020000009,confirmed
2025-10-24T17:56:42.075961,ethereum_tx,0x49f06a9a5d1456129d708704bc463e945e4d5d6808dc23fb9ed2bceea2ad41d7,9481686,0x22e30b21477C4aCf6e37743e7A347C273cD107A8,0xF8c614A483A0427A13512F52ac72A576678bE317,0.0,0.00120001,confirmed
2025-10-24T17:56:42.075961,ethereum_tx,0xe86704da404c9ae624aaa7af9a8bf055e2c0565337cb279779985b88f2692cd3,9481686,0x22e30b21477C4aCf6e37743e7A347C273cD107A8,0xF8c614A483A0427A13512F52ac72A576678bE317,0.0,0.00120001,confirmed
2025-10-24T17:56:42.075961,ethereum_tx,0xa362e9b4273f7312028db740aeebaba7683ac2973b7f8adb8b41fe28f84957f7,9481686,0x61d8838f9A00250C9AF13D622DA7c08c372ee587,0xCf8EDB3333Fae73b23f689229F4De6Ac95d1f707,0.0,0.001071473,confirmed
2025-10-24T17:56:42.075961,ethereum_tx,0xfc08b814084baad7fa1c2c3092550a13cb97ecab9f8c52edf4a1eaf827ce5558,9481686,0x2c2ff804eD59BBE2533e0a8210D5a120414D4c93,0xA73aFb610aC79A729A393D679029fCf9618854AD,0.0,0.00105265,confirmed
2025-10-24T17:56:42.075961,ethereum_tx,0x59f730ff57a7e957566bb0e293f273d89762f69e96285d2f30fe5c55fd792e0e,9481686,0xB4fC80AEc34911C5d761259E74aE8a24c2C5D995,0x72de35dC43acfC49B6B21e559F8cA586e0E12011,0.0,0.00105265,confirmed
2025-10-24T17:56:42.075961,ethereum_tx,0xec590d46121e8165fbd96de5252a8b31cf86abeed0bc1d05e3c7174db8713b7a,9481686,0x9b03eF65B68Cd6742FC11e9C62214E0E7B8Ed8eC,0x3eDF60dd017aCe33A0220F78741b5581C385A1BA,0.0,0.001052641,confirmed
2025-10-24T17:56:42.075961,ethereum_tx,0x7b3e192c02953db30ef022663093c65b7f8da4f1603fc9ea017c1d533b11d760,9481686,0xFE8cA8712a5649683f3723bc090b904a85Ed3952,0x03C66CB1826BDB0395BF31E68Bf7E873e9564fFB,0.0,0.001000009,confirmed
2025-10-24T17:56:42.075961,ethereum_tx,0xb1e6e358ffba66909a222f57f419f5c87b7aabba501bc6c9cc166e3b7bb2eec5,9481686,0x3Da763C42E438eB17880fB6A83040d6cf13eF03b,0xFf00000000000000000000000000000000042069,0.0,0.001000009,confirmed
2025-10-24T17:56:42.075961,ethereum_tx,0x89d1e85bffd211d408fa00ecbd8f6c364dd0bfb5b85e7ae523c970d4b4f80c9d,9481686,0x57D0Ba3970823D380FB79a267e282026F5452308,0x03C66CB1826BDB0395BF31E68Bf7E873e9564fFB,0.0,0.001000009,confirmed
2025-10-24T17:56:42.075961,ethereum_tx,0x8516d199283c742fd74060bb373ce22d615046daf8ab724f0bc5078c5d4f13c9,9481686,0xcD12Ed9b63603bc9685Cda552c0156d9b297b41F,0x87A3effB84CBE1E4caB6Ab430139eC41d156D55A,0.0,0.001000009,confirmed
2025-10-24T17:56:42.075961,ethereum_tx,0xdd1aebc46e6d2745f32ea7b1dcd4791461afed87a47473be2f7662cbd24d7743,9481686,0x3513281B7D08aeC6141bCdaD12E81a6a324aD107,0x03C66CB1826BDB0395BF31E68Bf7E873e9564fFB,0.0,0.001000009,confirmed
2025-10-24T17:56:42.075961,ethereum_tx,0xa70dec5a24e44586819dde2d93f6a1d29e6cb2663a44150444533b7ba70cd9ec,9481686,0x6d50EDC485a5c5C8E57e45994de1C8f8A11A7cee,0x97b7Af86e9231aA66fa6aF1D79d0103E0Da99288,7.4e-05,0.001000009,confirmed
2025-10-24T17:56:42.075961,ethereum_tx,0x570fded3237407eab92c12072fb62abc6b123b9188acc8676f0d31add9f088b4,9481686,0xE5640C04d6A658908D257B2135a0Ac23eb79D63a,0x0000000000000000000000000000000000000000,1e-05,0.001000009,confirmed
2025-10-24T17:56:42.075961,ethereum_tx,0x694aefc7ceb50d75b60e21227ded22bc511a80ee38e9bf52a2a69e768f7f49ae,9481686,0xB6D120C413039aD4CFA902b1F4b29b24e429B645,,0.0,0.001000009,confirmed
2025-10-24T17:56:42.075961,ethereum_tx,0xfc0cf5a29495e0fa7157069a8c68f28678be3df97640b8d25ad5dfb113dd2865,9481686,0x54F36628572b836FddC194Ac114D2E0232824c32,0x03C66CB1826BDB0395BF31E68Bf7E873e9564fFB,0.0,0.001000009,confirmed
2025-10-24T17:56:42.075961,ethereum_tx,0xe4021d01f8eb08a9367e4668528bc9a7d78b3526c1c383505a7d96cbac71d3db,9481686,0x58E18B212613778d1f8B10E5eA72eDDa0Ff9bE6E,0x08d2b0a37F869FF76BACB5Bab3278E26ab7067B7,3e-05,0.001000009,confirmed
2025-10-24T17:56:42.075961,ethereum_tx,0xb48affd756c931d5a86f5d8c18ef82e6ac0d6b08fe7a0714c8b9a32c3e67b43e,9481686,0xf734908501a0B8d8d57C291ea1849490ccEdc16D,0x4deeCe61A2B7E80102229a67D627424c0677333a,0.0,0.001000009,confirmed
2025-10-24T17:56:42.075961,ethereum_tx,0x0ef9000a80c85ade2d1fd45d51bdf23b1755bb5c7ada800990719efa7b8db999,9481686,0xbFE58d657ae32Ae7353fc25419191E3dB85B9A1b,0x03C66CB1826BDB0395BF31E68Bf7E873e9564fFB,0.0,0.001000009,confirmed
2025-10-24T17:56:42.075961,ethereum_tx,0x2f53f479c8865abb3c71955ebe6b36246704d88e048007892d9bb04eaf441690,9481686,0x01F913F97F0D6B3B0Ce27f03F7b62C8104b83b63,0x03C66CB1826BDB0395BF31E68Bf7E873e9564fFB,0.0,0.001000009,confirmed
2025-10-24T17:56:42.075961,ethereum_tx,0x9e95a643ec07a4c871f62e2fde207160a45f8672c4c83583b864bb06ad548ef6,9481686,0xDc207377254fA825054E3C23E0A9F85e07F05b51,0x03C66CB1826BDB0395BF31E68Bf7E873e9564fFB,0.0,0.001000009,confirmed
2025-10-24T17:56:42.075961,ethereum_tx,0xd3a782bd22d93cd11df7a6337cd18df346b99ab34fd0695f98d1bede07a000ca,9481686,0x0EFDEfc5d2c57A8d874343F1757aB78a6F95D2d8,0x03C66CB1826BDB0395BF31E68Bf7E873e9564fFB,0.0,0.001000009,confirmed
2025-10-24T17:56:42.075961,ethereum_tx,0x430d68eef168aa88a3456c3a4f4e0332e4495978c8ad81c4a15735fe7ce67ea4,9481686,0x03863EC4d44F83392F7574E31cc5CF4427f9A5E1,0x03C66CB1826BDB0395BF31E68Bf7E873e9564fFB,0.0,0.001000009,confirmed
2025-10-24T17:56:42.075961,ethereum_tx,0x4b76101805ad090e801d708c6d692c6c8da7794939ebdf02522579e95f607460,9481686,0xBa40698f338380E0E5B47722De9F464595d4F1bA,0x03C66CB1826BDB0395BF31E68Bf7E873e9564fFB,0.0,0.001000009,confirmed
2025-10-24T17:56:42.075961,ethereum_tx,0xf8eab366b372872d8d8ac54e8369ae895aa6bc6ae0e7709e4cfc843fcc3adbbd,9481686,0x4318185fb0102A2Ef44D421E1ecAc9bbcF9a2A26,0xdb570031f3133a057FADF5B64A203AEAEAEb362B,1.65e-06,0.001000009,confirmed
2025-10-24T17:56:42.075961,ethereum_tx,0xe14f27944b4faaba3534d0c51edddb94123784beb03d49f8e28ee81abf96bd8e,9481686,0x78F39E41cED414c5eDFBe2675c0229d213484e58,0x03C66CB1826BDB0395BF31E68Bf7E873e9564fFB,0.0,0.001000009,confirmed
2025-10-24T17:56:42.075961,ethereum_tx,0x2203fd0926e07364bfd9b715aca67415bb3d77d0f0e7ae4d07a1cdff7bb6356e,9481686,0x474Fc6A6735FA2a9D3a87fc04De2686BFa5A1836,0x64BD17970FBb283F30cCad4d6d776Ac5474F9Ec9,1.63e-06,0.001000009,confirmed
2025-10-24T17:56:42.075961,ethereum_tx,0xeb515ee7deaf5f6a347b32ae225fe3b86c1e44f2c11347ee9ad6953d47d6dfb0,9481686,0x096A35E21b5d94820729A34a53b10a17800f883b,0x1593baCA35Ba6ceE2DB8C226BAEa694331C466dE,6.45e-06,0.001000009,confirmed
2025-10-24T17:56:42.075961,ethereum_tx,0xb893f20b99587eae9828ab9ab18ac284419af8e06926860122612b29e4618e84,9481686,0xa286589c9D56aff69023b5145a4Fe89DcA5a7b17,0x03C66CB1826BDB0395BF31E68Bf7E873e9564fFB,0.0,0.001000009,confirmed
2025-10-24T17:56:42.075961,ethereum_tx,0xee6501e4b128e3ce74dced21bef5c8215de58e553799b2f5de93ea3958598d2a,9481686,0xe497c1882d2fC664a2ba93C774363eA14F211d90,0xc807aa9514993745Cf7C35dDeB3eAdE5Af1e7B2C,0.001,0.001000009,confirmed
2025-10-24T17:56:42.075961,ethereum_tx,0x4401df76ba4ecef900c73a21caeff45bd0aadeee15e67e00e65e2970dfe07bec,9481687,0xb11d9C4C19f8D166E6682e61312b7908667da870,0x91DACC369076e3FE987585D8AE602Aa09A3c4B56,3.7e-11,10.030943068,confirmed
2025-10-24T17:56:42.075961,ethereum_tx,0x63043da90cd08411d87d5a65b729ea9346094db61afc924b717564ddaae11801,9481687,0x3C95c2633296B264d051498C4b2e982EbB526A53,0x3C95c2633296B264d051498C4b2e982EbB526A53,0.0,4.1,confirmed
2025-10-24T17:56:42.075961,ethereum_tx,0x50dcff527acf94f837d2da403fbcae4f4d8e10a78c82e641639c1e0e656a0e6d,9481687,0x90275eb83c7d6ca19cd42351B6b301e64BbFB63A,0xcA11bde05977b3631167028862bE2a173976CA11,0.0,3.000000009,confirmed
2025-10-24T17:56:42.075961,ethereum_tx,0xc2bef49418b930f90d8b6c38caa0c78d4d6ea3f821b764d45606f31c1cee0f4a,9481687,0x55A07F9f7eD7F110c2Ddd8f2f5d8677Dc94aF4E2,0xeA30c4B8b44078Bbf8a6ef5b9f1eC1626C7848D9,0.0,2.200000009,confirmed
2025-10-24T17:56:42.075961,ethereum_tx,0x49476d834159bb897c994a8438b2636265c4c20326c9c685b12533826e153842,9481687,0xe7F38E2D57a0eA80240B5E65A69AF66812CbCd0C,0x4454D8803d1DF245c0BDc1441fDCAfe0b4946e66,0.01,2.0,confirmed
2025-10-24T17:56:42.075961,ethereum_tx,0x78188ca157a4124a0bf3020a4ea6631e599797184603b52c0ecf2c82c3ec4632,9481687,0x47e4a7148287c7A4bE03CB959461362277F9ec45,0xC5f616eb6e1A6017E09e0d93Fe7f0bea921BE384,0.01,1.500000009,confirmed
2025-10-24T17:56:42.075961,ethereum_tx,0xa124ced4d282403582006c474c10fb8c90217ea06ebc43cde98628b0129a76c0,9481687,0xf3663B762f74994C12ab04E2F508285e1669ef6B,0x1c7D4B196Cb0C7B01d743Fbc6116a902379C7238,0.0,1.500000009,confirmed
2025-10-24T17:56:42.075961,ethereum_tx,0xdbc1009c7f52f9983bf6c92640446a9982e7e0b963a32a098d7156c1ccf2b017,9481687,0x6A29cc2F73789E2EC36631af9Ba0a86fDe88d96B,0x38C967856d17E900042Af447B3346bfF26C8ed4B,0.002,1.500000009,confirmed
2025-10-24T17:56:42.075961,ethereum_tx,0x1889786cc459774ee234b9869d372837fc8b9e1c1910a628c288068063f0675f,9481687,0x166af7777a21F3DA243eBDA4421fC86A17c95531,0x7DA8017399C7e7b0FD1C5cF0c9B0bde7Eb34AA97,0.01,1.500000009,confirmed
2025-10-24T17:56:42.075961,ethereum_tx,0x23b81d4f93a7ff87bd3372a1af7e1f84b6f194d0c512467dbbcb04bd6aa10b9e,9481687,0x923890A72836E309D6AaEFc16e8eCcd4Fc72Fc52,0xBC04d69Ecd7890699b2BE7924eA86474e15098E6,0.599968499999832,1.500000009,confirmed
2025-10-24T17:56:42.075961,ethereum_tx,0x6e4e5e37a64b9b811eca1ff50d84656efba612ed68f245066d88348fe01910bb,9481687,0xAC346feDd3214ff200CB8DE8f8cb0BB5b3928224,0xc6255a594299F1776de376d0509aB5ab875A6E3E,0.0,1.5,confirmed
2025-10-24T17:56:42.075961,ethereum_tx,0x4e9e1d9c6ac2a040e04e562c27e69f8f3b456418f6995dca6b7170a1225b20e0,9481687,0x838F96368d719fD3765062A9761b1f94A65EBc6C,0xc6255a594299F1776de376d0509aB5ab875A6E3E,0.0,1.5,confirmed
2025-10-24T17:56:42.075961,ethereum_tx,0xf97e3c3a3b150abf4756ee72bc0ee755f8b94b1a3c93f8fff05f148c4930db96,9481687,0x5689c7d8448B93A67666d39326Fc78334FF53F3f,0xc6255a594299F1776de376d0509aB5ab875A6E3E,0.0,1.5,confirmed
2025-10-24T17:56:42.075961,ethereum_tx,0x25131da17b395e0111b50dcf2a838dc7f67e4646fea0bc89bf1957d016efcdc2,9481687,0x1342AB509342Ce666289e5030570eaA31ab50CC0,0xc6255a594299F1776de376d0509aB5ab875A6E3E,0.0,1.5,confirmed
2025-10-24T17:56:42.075961,ethereum_tx,0xd7659aa499604451dc8cc334abc2f10d620a1199e49e804651aaba629f5e3399,9481687,0x0968a4c3B6B8864d7784f39e88cB025f19EDCd32,0x2A4496bbC344414e3bDbE6a8E7c40EF007DAeEd1,0.0,1.5,confirmed
2025-10-24T17:56:42.075961,ethereum_tx,0x95645df29e389d7b5cc5d080d24751e5eff95cf9eb2e257b6809aa3ecf6155a2,9481687,0x88F710cb96EFB91D526E06468C97BA2f70D9cEE8,0xc6255a594299F1776de376d0509aB5ab875A6E3E,0.0,1.5,confirmed
2025-10-24T17:56:42.075961,ethereum_tx,0x236e6fde0a24b60aaf0d49b53c0944632451e2095b06e289b35a4183bd254253,9481687,0xB1bEd2E4081d86F3199B08a2aa3CE2959e9272ab,0xc6255a594299F1776de376d0509aB5ab875A6E3E,0.0,1.5,confirmed
2025-10-24T17:56:42.075961,ethereum_tx,0xd55779d675a29b2fd46fa5bef1fc775cfcc24a08c740345a33983cf90db7f1bf,9481687,0x0907eEc7791b1497272fa9CEfCBab83f70F5194b,0xc6255a594299F1776de376d0509aB5ab875A6E3E,0.0,1.5,confirmed
2025-10-24T17:56:42.075961,ethereum_tx,0xc07cc2e3224937918e85f1dce19793ef03cec6573c03cf84ba66ffbb526e8b3b,9481687,0x383E61E6c059598d9394C4eE217Ba34C2be0f3FC,0xc6255a594299F1776de376d0509aB5ab875A6E3E,0.0,1.5,confirmed
2025-10-24T17:56:42.075961,ethereum_tx,0x4bb60ab5d7e90c26f998a504fe55723b13caf74114c034fa657f0d11a88b9d1e,9481687,0x85AA16B0a6eA346138eAA7D0c041195E624Bf7d4,0x2A4496bbC344414e3bDbE6a8E7c40EF007DAeEd1,0.0,1.5,confirmed
2025-10-24T17:56:42.075961,ethereum_tx,0x20e3e51e684db1eb08d280db517a4c4bf9cda22bb31df99e70efb1baac5aee10,9481687,0xFb24BB2DF1cB9e3f0b7E80ba2aB744F4F77c75E2,0xc6255a594299F1776de376d0509aB5ab875A6E3E,0.0,1.5,confirmed
2025-10-24T17:56:42.075961,ethereum_tx,0x6d75e835ecb99bb5c1787de4d73c420330c5ab9c7d1f0e334517228ca2c0ebb8,9481687,0xaC56BEED1FCa1878621091c540a3d811D1DE8Dc9,0xc6255a594299F1776de376d0509aB5ab875A6E3E,0.0,1.5,confirmed
2025-10-24T17:56:42.075961,ethereum_tx,0x9dce95ea5540af28a561309a94cf2c585c916952108b071714c759819d2733b9,9481687,0xdedD98af145731AD0696F36d8ef4307b71416385,0x2A4496bbC344414e3bDbE6a8E7c40EF007DAeEd1,0.0,1.5,confirmed
2025-10-24T17:56:42.075961,ethereum_tx,0x5a7bb9357bb77b98b6716a432bf0f6ad573e5fae137c1c98bbe4b8b24103a2aa,9481687,0xD22c6c02920dD8F149182c121c08e19C4a6750C5,0xc6255a594299F1776de376d0509aB5ab875A6E3E,0.0,1.5,confirmed
2025-10-24T17:56:42.075961,ethereum_tx,0xa0bf29281ad5e29aa7f9c982f9295f4f6d83919b107b7eec60addb2d0427f438,9481687,0xf5CdC48272D9C22625D455a4C9E9e60eB0cdde48,0xc6255a594299F1776de376d0509aB5ab875A6E3E,0.0,1.5,confirmed
2025-10-24T17:56:42.075961,ethereum_tx,0x40cb55a7a07ad59f0ab0e3292fcea7d1d04d322774e68023c642794ef989abb3,9481687,0xDaeC823329018d0c52f06399Af85f618CE084A5E,0xc6255a594299F1776de376d0509aB5ab875A6E3E,0.0,1.5,confirmed
2025-10-24T17:56:42.075961,ethereum_tx,0x4ee61d2e7834321e576aa84d26bae2ab8d9cc01bde2c388dc73ed5a215cd3f90,9481687,0xF6f1730924532779A21183AABA65A2099D06398b,0xc6255a594299F1776de376d0509aB5ab875A6E3E,0.0,1.5,confirmed
2025-10-24T17:56:42.075961,ethereum_tx,0xe079ef44d15ab57ece06a5f71a1651f4d70375db35ce4fa21a0ee00a64508396,9481687,0xE02E99e4b249358D3Bc6bBD060160C4d4D258B6e,0xc6255a594299F1776de376d0509aB5ab875A6E3E,0.0,1.5,confirmed
2025-10-24T17:56:42.075961,ethereum_tx,0xfe9e942c6213134ccd48b332a652dde063670244482309a2d8cce52e975cc78e,9481687,0x7b0D3F61C1C4343D2Ea2e9aeC13cB4a7f04E0A5e,0x2A4496bbC344414e3bDbE6a8E7c40EF007DAeEd1,0.0,1.5,confirmed
2025-10-24T17:56:42.075961,ethereum_tx,0x9c587d871221e56d531de5b825f2aff7bdd56d29d17606f0cb58e9e307a3c86c,9481687,0xd53b2F43fFF96aBc04a3a368F3405aeaDb443CCc,0xc6255a594299F1776de376d0509aB5ab875A6E3E,0.0,1.5,confirmed
2025-10-24T17:56:42.075961,ethereum_tx,0xc88e79bc1e997a14958bab09e9fe23ae385fbf1f5dfe1a40308f777a3eb8123d,9481687,0x4ECcfbCD17a99bD48Dc490eECcc9b370DdF452C0,0xc6255a594299F1776de376d0509aB5ab875A6E3E,0.0,1.5,confirmed
2025-10-24T17:56:42.075961,ethereum_tx,0x80b5d4b36df9205b9d62d2a9bc08b85121899c0f441bbf4107a4bd0d1cf23ffc,9481687,0xFDe992231A330Ed7E47948C943f602025f370B10,0x2A4496bbC344414e3bDbE6a8E7c40EF007DAeEd1,0.0,1.5,confirmed
2025-10-24T17:56:42.075961,ethereum_tx,0xe373e680a5879b83f251bfb9362c06f69e3c5a99bc37db6826bd69f27858827e,9481687,0x3B464a7559d5eb00565f9918734dA859E285D1Bc,0xc6255a594299F1776de376d0509aB5ab875A6E3E,0.0,1.5,confirmed
2025-10-24T17:56:42.075961,ethereum_tx,0xbe6f33950ee3a956b683898b2f845b3756da5e36352b7c9deece05da7c87701f,9481687,0x9b8b1d35Ad7a3b129785900114e6778fdff80089,0x2A4496bbC344414e3bDbE6a8E7c40EF007DAeEd1,0.0,1.5,confirmed
2025-10-24T17:56:42.075961,ethereum_tx,0xd4716e71a8650cf347d715ada3093ffa5cc8b2a8a4c03c02b9119328a517a536,9481687,0x3b57d020281b5f014880977f57eE5b6991933101,0xc6255a594299F1776de376d0509aB5ab875A6E3E,0.0,1.5,confirmed
2025-10-24T17:56:42.075961,ethereum_tx,0x68903e791b50bf31e9b63aa82abd6303d940b2b1fad335d2b977e11091854e1a,9481687,0xB24d00E645454b0Bf190E96416937A428c8A9770,0x2A4496bbC344414e3bDbE6a8E7c40EF007DAeEd1,0.0,1.5,confirmed
2025-10-24T17:56:42.075961,ethereum_tx,0x63fd4c6e299b790a824d75b5c5e9ada04d4765a586145cae168e4a0708b6a354,9481687,0x3A76FB973Efb6C200c1C971604d920F2A28b2D10,0xC084142720ad7fb2b43769cafcC2777fd86F2fe8,0.0,1.000000009,confirmed
2025-10-24T17:56:42.075961,ethereum_tx,0x3e874561a3a4d2f4cd340a6f9b1a4077672315527f89d737eb0a356defaa2ba0,9481687,0xF0FEd0C0192539a1076d8BDa1233f414704d98Be,0x00D22efF04CF7d0f5A355A6D9A06E43120398dA6,0.0,1.000000009,confirmed
2025-10-24T17:56:42.075961,ethereum_tx,0xfe7e0b1291d1aebda2795a1cffcea1e6e2e4e638311fa1b790ced663974f0080,9481687,0x8B2469FCD41957b75445b3518636aEFc520AE29e,0xD68c8Bf0d9B9ccbc06c60438087613BC78ccF25d,0.0,1.000000009,confirmed
2025-10-24T17:56:42.075961,ethereum_tx,0xc459855c064f7b87fb6dd7684620dbfa58076ee743306875e1a074409863b91c,9481687,0x3599A7C50bDcC061E65F92556ae65d0656445906,0xCF8f8b34f10e8CBb2F42bA60205caED1a85d0d0D,0.0,1.000000009,confirmed
2025-10-24T17:56:42.075961,ethereum_tx,0xcf5ad8e4fbddd405ede3f981ae2c6343d5206884b723ca56b1d9844bb31b2e7a,9481687,0x52136be58Fa3dc50A0D5A3dfe4Cb84aC610a79bc,0x9695cfaD83b058C6D38Df1F6b6752D7e11ad196C,0.0,1.000000009,confirmed
2025-10-24T17:56:42.075961,ethereum_tx,0x984db2a8ca83ec74792f6d65fb62c7ef34fd5f59d252f2bce4ca23b381408af6,9481687,0xaC07470Df2E9a22061a64C467d56fD11658e8619,0x6C86Fa0757CD8D31eE4565E8e8E9D4D8E5A9B214,0.0,1.000000009,confirmed
2025-10-24T17:56:42.075961,ethereum_tx,0x1e5b830c0299bb548ea88acf257e1496e13580f94038d28256a21e98ca03e9f8,9481687,0x165220eD67C7569420aa4c66ADDb65eB9f7c8352,0x00775915d1C86952F4Dd60F34866E8104bf96301,0.0,1.000000009,confirmed
2025-10-24T17:56:42.075961,ethereum_tx,0xbe65d5a1cb9917a6b0477efa0e9990fcd99bd558c84b59389fa3c1023bc21f17,9481687,0xfe99F498e0742438c0c4c149dE08254861692f62,0xF7B8589a35BD5221a9365Eef6d7766c385b4909d,0.0,1.000000009,confirmed
2025-10-24T17:56:42.075961,ethereum_tx,0x508e46270009ca3144d17994bf2357beacf941e0187f54e74abb96ad97559e33,9481687,0x450440F2791DcC2a1E822BdaE1a7d0E32ADf6a42,0x006A92F88a1f3D31B06119110601132b336E53DE,0.0,1.000000009,confirmed
2025-10-24T17:56:42.075961,ethereum_tx,0xfa196f18528840f8a31d45589327c4296c07ba39857bf698a2f7694dd1b16ae3,9481687,0xf90432b76A23bC7bB50b868dC4257C5F5B401742,0xe97E79BC56861f0B730B3C0f06329b882E4677E6,0.0,1.000000009,confirmed
2025-10-24T17:56:42.075961,ethereum_tx,0x2d7ea6bb8098a60a71200deb6fe61108c90b9e5ea9147937cf2582a9f84fda5b,9481687,0xDe28C819c5a4Fa6F084c93A1054CdE47274DE7dF,0x00571071f6E0a2804B348fB08b81f1d90AF8A60E,0.0,1.000000009,confirmed
2025-10-24T17:56:42.075961,ethereum_tx,0x48be9c15ef5f89358be73a52d4f7cbd602df1748586af095c637d5588b6f1e2d,9481687,0x643Ace8620B9f6fddEAd07274EBdc946981dB23e,0xf993E10C83Fe26DddFc6cb5E82444C44201e8a9C,1e-06,0.020000009,confirmed
2025-10-24T17:56:42.075961,ethereum_tx,0x582340ae220695c390b79449243e941df0cc8e96231e13b3246589bae03d660c,9481687,0xf817BfBAc9C1EA8F2c40296CFCAe1762Dbc619A0,0xf993E10C83Fe26DddFc6cb5E82444C44201e8a9C,1e-06,0.020000009,confirmed
2025-10-24T17:56:42.075961,ethereum_tx,0xca382b20227ea6497c5e736892daf3efe453c02b3413991d3ca5347ab29bec72,9481687,0xAb865580213EA433de95Ab5ECD98F595028E3Cc1,0xf993E10C83Fe26DddFc6cb5E82444C44201e8a9C,1e-06,0.020000009,confirmed
2025-10-24T17:56:42.075961,ethereum_tx,0xdf5413f09966d23e1c6c58aeb49c911299b8aa7a8d5cd220a2478ab2dde4dc6c,9481687,0x2786Fa0f2B065202A5A769f4FB11d8DB0f30e8aB,0xf993E10C83Fe26DddFc6cb5E82444C44201e8a9C,1e-06,0.020000009,confirmed
2025-10-24T17:56:42.075961,ethereum_tx,0x6a719cfb3a7da3df931280663faf055f174b7257322a33779cbe222b6441c2d4,9481687,0x4BA56bDa2009816e260921970041d6Eb005D7272,0xC764A997C86dC22B50Eb637626e3f46bfd82534A,0.0,0.001500014,confirmed
2025-10-24T17:56:42.075961,ethereum_tx,0x874db1780665526527e76df1b0da3a3ecfb296acff4fa64d836512c2958bdc1b,9481687,0x4a447EFe1560EAF0b7b204E5030143Cbe18333f3,0x956962C34687A954e611A83619ABaA37Ce6bC78A,2.112599925148e-06,0.001500013,confirmed
2025-10-24T17:56:42.075961,ethereum_tx,0x529f8b372d638858dfab290aa4d63afbe50c7f394c5acbe0cdde1ac0d197ff41,9481687,0x2a5c3ed041387C7DE4214FE4EA6EfC1Bd0F9ed02,0x956962C34687A954e611A83619ABaA37Ce6bC78A,2.7537653632504e-05,0.001500013,confirmed
2025-10-24T17:56:42.075961,ethereum_tx,0x299cfb187d288a1b34e87cb7e79180db22ed9135d4af01f42f58d25a4382abf9,9481687,0xeE3B3574B2cDd8D05ab4de062A66ad07bc7CFcb2,0x5b718E36F5Ce2F2F7e25A397040436Ce6af3e89e,0.0,0.001500009,confirmed
2025-10-24T17:56:42.075961,ethereum_tx,0x7b1dedcd9b3994a75da9f2e51d729041dcde102bf1dae931bc2f08466f1363fc,9481687,0xd25DB2Ff2263A31b192EE117eB83E7792C01d58f,0x956962C34687A954e611A83619ABaA37Ce6bC78A,0.000209,0.001200011,confirmed
2025-10-24T17:56:42.075961,ethereum_tx,0x19910f57ff0c0f7dd2865c3e246297c28f52be9aaa334c63b5b2748ab420b0d6,9481687,0x65141CA3329DA9A83458017474b5Bc62097Cf24f,0x69C6b28Fdc74618817fa380De29a653060e14009,1e-18,0.001200009,confirmed
2025-10-24T17:56:42.075961,ethereum_tx,0xcd7437829319f7ff75bd78e55f7900eae41972b9e70274d32c97e54aaf5b5ca2,9481687,0xE2bdE36E3DEbEdA087A945FA95a6e6E8376035f7,0xCaC524BcA292aaade2DF8A05cC58F0a65B1B3bB9,0.0,0.00110001,confirmed
2025-10-24T17:56:42.075961,ethereum_tx,0x07386a7c647d5b84a05fff12813594176f6d2911abb0ca0f7c83445e7598bc6f,9481687,0x61d8838f9A00250C9AF13D622DA7c08c372ee587,0xCf8EDB3333Fae73b23f689229F4De6Ac95d1f707,0.0,0.001071473,confirmed
2025-10-24T17:56:42.075961,ethereum_tx,0xc981d25a700a51a9fabcdcfdca51dfec46d36997060a818e4551c2bed630be0c,9481687,0x4A63763Ef493F28308a1E36dE49df75798E50Cc3,0x86EFBD0b6736Bed994962f9797049422A3A8E8Ad,0.0,0.00105265,confirmed
2025-10-24T17:56:42.075961,ethereum_tx,0xbd03b1f7f6bc96904995fda7d4859303da758db1768f93442a6c49317b5c254f,9481687,0xbcEd8a789333a9F02C9eABc09E3a00679506f9A9,0x7215691F60C4fA7Bb82c5Ac44c7d57dc32bB0493,0.0,0.001052641,confirmed
2025-10-24T17:56:42.075961,ethereum_tx,0x0861b2a303648440564a360aea24927147201f2a58a128c52c147fde182d6f8b,9481687,0x0596F26AEA5C3903346DE8a8127703F0A71Cc9c3,0x03C66CB1826BDB0395BF31E68Bf7E873e9564fFB,0.0,0.001000009,confirmed
2025-10-24T17:56:42.075961,ethereum_tx,0xad27a84ca1e2912813c4539f71834301618010ba4fb198bc451aa744e209dd1a,9481687,0xEE5C0c29fB478a94D9a1c626c524122060Eeb860,0xF0111EdE031a4377C34A4AD900f1E633E41055Dc,0.0,0.001000009,confirmed
2025-10-24T17:56:42.075961,ethereum_tx,0x2eeb18c7b957ee0b569b5d08b6f6126c2e8796641554a76b36250ab51d62868a,9481687,0xb9B390CABcc2AA9a22caC4f39550e0Fe0EcF25B7,0x4222a157ac413B6365fdd3dA652a0e2b0927A35E,2.5645918750805e-05,0.001000009,confirmed
2025-10-24T17:56:42.075961,ethereum_tx,0xb74c315adefaff5033ced12a58d3b69baf740c317e6f3f5bfa660d7df0f781e6,9481687,0x149F536750D057B0a5DF860e607b8cC136dE186e,0x03C66CB1826BDB0395BF31E68Bf7E873e9564fFB,0.0,0.001000009,confirmed
2025-10-24T17:56:42.075961,ethereum_tx,0xe1935941ac5748f7272f3204165cd39aed9d005e30ed6904b752fcb118353faf,9481687,0x4318185fb0102A2Ef44D421E1ecAc9bbcF9a2A26,0xdf7B1D1B3D39F3EE2aBF05959aAb0785EA166259,1.93e-06,0.001000009,confirmed
2025-10-24T17:56:42.075961,ethereum_tx,0xe8e282a8abb070fd5c0ab666a58d2f65374843e8099656ddd1dbd22fcbdcd808,9481687,0xcD12Ed9b63603bc9685Cda552c0156d9b297b41F,0x87A3effB84CBE1E4caB6Ab430139eC41d156D55A,0.0,0.001000009,confirmed
2025-10-24T17:56:42.075961,ethereum_tx,0x87d5580030cc273858bb6a06bfe8f122ac2caca602ae6f07586ac753ac0a7584,9481687,0x812A967a69044225582ea080C63E4153E1F8B88C,0x1f96D1656a6500e526E92B19EAA894A6A7647ABa,0.010024380000400976,0.001000009,confirmed
2025-10-24T17:56:42.075961,ethereum_tx,0x89f8418dea53fbc16822785cd5d82c4c75a47f3e6795124d24897b0095e9878b,9481687,0x096A35E21b5d94820729A34a53b10a17800f883b,0xfE2C39767FF01BC10Cd26e1055657Fc794d96Bb7,1.88e-06,0.001000009,confirmed
2025-10-24T17:56:42.075961,ethereum_tx,0x6c3091a33b9d15fd39f6dc7f29880b1c0ea117a289b740387114bbf83df1eb0a,9481687,0xE5640C04d6A658908D257B2135a0Ac23eb79D63a,0x0000000000000000000000000000000000000000,1e-05,0.001000009,confirmed
2025-10-24T17:56:42.075961,ethereum_tx,0xdbede2795e56786d61832ec114ac3a89442955a9783ee0ee4d218407a87a2e5f,9481687,0xAE9D32846AE479348DD50C7D48dEb4063195BeCF,0x03C66CB1826BDB0395BF31E68Bf7E873e9564fFB,0.0,0.001000009,confirmed
2025-10-24T17:56:42.075961,ethereum_tx,0x8179a01ad3df8390f6cdb1a5e9db09dc5fb133c967970405c897cbc044525dd0,9481687,0x3Da763C42E438eB17880fB6A83040d6cf13eF03b,0xFf00000000000000000000000000000000042069,0.0,0.001000009,confirmed
2025-10-24T17:56:42.075961,ethereum_tx,0x0933935338fda63f3e6d3ec70fa094e93f58f32362855e86083966af4a183461,9481687,0xe057D348C38bB6B055D4D39E44a768ccf8800601,0x03C66CB1826BDB0395BF31E68Bf7E873e9564fFB,0.0,0.001000009,confirmed
2025-10-24T17:56:42.075961,ethereum_tx,0xa429090882c639de9c52c4c54784b5b3ba36e7fd33c531f8f1d15065b2d6cdc8,9481687,0x60d4a8DefEbaa11C816376E2a760c92FdD1816a3,0x03C66CB1826BDB0395BF31E68Bf7E873e9564fFB,0.0,0.001000009,confirmed
2025-10-24T17:56:42.075961,ethereum_tx,0x74f382e24ae35b8829dc9157c994f10008a170628df0526a3299826ae51d24c4,9481687,0x991863C43Aa5555BF15666C363B1Ff70e75Fcee8,0x8aEfcDdA8CDD360a446836b08DfC65b88474d303,5e-12,0.001000009,confirmed
2025-10-24T17:56:42.075961,ethereum_tx,0xe2cba731300cbb79edc31757d630a4be4ac5fc34c2b4b882ebefbe896b30834c,9481687,0xCa0C173853F680600afAbB4DDCA2B19d4A22F59F,0x87A3effB84CBE1E4caB6Ab430139eC41d156D55A,0.0,0.001000009,confirmed
2025-10-24T17:56:42.075961,ethereum_tx,0xdef91866bcb9f3d746c5797932e960c5ed222a1190a43b0d7c64ae9bfa99f159,9481687,0xB3C259f1235A50Bd0B8aA2E588648c106F6F3816,0x0215f8e5e81B75799Ae38232420377339d811796,0.0,0.001000009,confirmed
2025-10-24T17:56:42.075961,ethereum_tx,0xa26f6f5691a796edd2f219f45cdd7b7377385dcd1bf88ef477c03c8d91ef41cf,9481687,0x3251E5fd0fFC0BE4F9F4c36d03abc40a68cE510B,0x03C66CB1826BDB0395BF31E68Bf7E873e9564fFB,0.0,0.001000009,confirmed
2025-10-24T17:56:42.075961,ethereum_tx,0xeb145c7452046f26d3991df06240c0b10392624fb83152f66436027869e27be4,9481687,0x66B66e97ea560d8f957a325450B1D4f9De9C8fb7,0x03C66CB1826BDB0395BF31E68Bf7E873e9564fFB,0.0,0.001000009,confirmed
2025-10-24T17:56:42.075961,ethereum_tx,0x7499ef48427e57c31e4951b2acd21fbc19438ae5cebb5bfa92dc1cef33651cd1,9481687,0xf2d03d295237A81E9145993Cb15DBEF9149279DE,0x329689c2926216b15973bDd2c00561E80E6418A1,0.001,0.001000009,confirmed
2025-10-24T17:56:42.075961,ethereum_tx,0xe21a34c808838077eb5d4cb3b9d2b59a70dda4590ec097a0fd8d3df299dbe178,9481687,0x00AefBE72164b03E343A3eED8B8A160F0308feA7,0x03C66CB1826BDB0395BF31E68Bf7E873e9564fFB,0.0,0.001000009,confirmed
2025-10-24T17:56:42.075961,ethereum_tx,0x0d536248f801777e254bd8efd59ec34cc0ae119c0600acd57695bb1a2a4f44e8,9481687,0x00D60C0229274C0482c89301d5ecC40cdfBe7346,0x03C66CB1826BDB0395BF31E68Bf7E873e9564fFB,0.0,0.001000009,confirmed
2025-10-24T17:56:42.075961,ethereum_tx,0x3a824d2d3155324f42893150539e76bd72eac0534c98a27b9ddb30f426516396,9481687,0x0325686a18aA829B9FaaAD70f22ea0830aA6076F,0x32d33D5137a7cFFb54c5Bf8371172bcEc5f310ff,0.0,0.001000009,confirmed
2025-10-24T17:56:42.075961,ethereum_tx,0xecf21bba0bf33ae0007006fc10a73414bfc1f683d3c3f6f72802d0fc170dbe31,9481687,0x4d85Dc5d33FBAF530bB3D4BA4f6061dd8d18b332,0x853758425e953739F5438fd6fd0Efe04A477b039,0.0001,0.001000009,confirmed
2025-10-24T17:56:42.075961,ethereum_tx,0xf63beca7d99ed667302e40d079ce078966cf200de44db297872bab366c7cadf8,9481687,0xd11828661bD9B735D1DAC407472487868d5Fe76f,0x03C66CB1826BDB0395BF31E68Bf7E873e9564fFB,0.0,0.001000009,confirmed
2025-10-24T17:56:42.075961,ethereum_tx,0x8fb29f42e9a35df559d6d333d8cd891e1e1f3cc07f98838c1dd774a30cf4ee48,9481687,0xb21334554A88323799517f6baD6879be4a5bDdb4,0x03C66CB1826BDB0395BF31E68Bf7E873e9564fFB,0.0,0.001000009,confirmed
2025-10-24T17:56:42.075961,ethereum_tx,0xf1fc204a2ce736fbfc48f311ed5ecdc7b12d044f7b089dd23b19cc991f308e7d,9481687,0x474Fc6A6735FA2a9D3a87fc04De2686BFa5A1836,0xbe5E82bA119789490da7D94fBee05758AdD53DFD,1.49e-06,0.001000009,confirmed
2025-10-24T17:56:42.075961,ethereum_tx,0xe1db813de9e049a7b6c1880c97ab9e83e4213eb9a6a8e64c0cdc436001df9591,9481687,0xb6d25fa232e50EE2fCf3a40DAFCAfe5Fff1Fd9A9,0x87A3effB84CBE1E4caB6Ab430139eC41d156D55A,0.0,0.001000009,confirmed
2025-10-24T17:56:42.075961,ethereum_tx,0x99061783ce01f520bd7d1c370139d77ccff64be9eb6f5603729a9c452d69830a,9481688,0x39cac3E5aA0261d062A71dC48EE3AC5Ff60565cD,,0.0,2.500000009,confirmed
2025-10-24T17:56:42.075961,ethereum_tx,0x0a9c37c9d3d875e25941f98106395ced9e58bb5593e78054e41f4ded175e63b2,9481688,0x7F80c0f5Afe6F0A6bDeE16A53dDd7C946A9F5deb,0xa3e7317E591D5A0F1c605be1b3aC4D2ae56104d6,0.0,2.500000009,confirmed
2025-10-24T17:56:42.075961,ethereum_tx,0x3034a8cd53f06ef93d6e10474e2628a3111d54089278a49abc6f774d1b1f0912,9481688,0x55A07F9f7eD7F110c2Ddd8f2f5d8677Dc94aF4E2,0xeA30c4B8b44078Bbf8a6ef5b9f1eC1626C7848D9,0.0,2.200000009,confirmed
2025-10-24T17:56:42.075961,ethereum_tx,0x2fbff64ac9109833c249c966a1230c03b1d36ee3d4fd5236752b5490523bc24a,9481688,0x3780B61A9bf1ec95219053af5D45b732D753C137,0x0019f23cd593614af1f1Fd26a088b164aF0CE078,0.0,2.000000009,confirmed
2025-10-24T17:56:42.075961,ethereum_tx,0xdee19c8b5be2d52558e031f06d5368f254c65198c8c22c84d2a573f8877b39c7,9481688,0x24536A113C2696DA0420C4A863EEd11B3e00d7f0,0x49f53e41452C74589E85cA1677426Ba426459e85,0.04381805076066217,1.500000009,confirmed
2025-10-24T17:56:42.075961,ethereum_tx,0xc0b60243fe7a5e307abbf7591ef577c10f5963055e688949e908e1ec4e2ffe66,9481688,0xdD896cdCAA3f97d670F3dE7A3749d64ACbBaC612,0xc6255a594299F1776de376d0509aB5ab875A6E3E,0.0,1.500000009,confirmed
2025-10-24T17:56:42.075961,ethereum_tx,0x561a81c5951f5dd985e40bfc899e51b7eb80a9b7206344e05e796215cacba2e4,9481688,0x9CD77b2f93Dc90579842657e2344BD3403732374,0x5cFA7ffA14d6dd40551832b9D4c2eCff3db7d3fB,0.0,1.500000009,confirmed
2025-10-24T17:56:42.075961,ethereum_tx,0x43da2b2486bd065d0a96f8204cba8a61febb3c001292695725ca9378dffd0a18,9481688,0x53646D2A54dF1dcA4Ea2Ac66A6279f91C976dF56,0xcFa550148Dd885643e706996D252b717980a3dB7,0.0,1.500000009,confirmed
2025-10-24T17:56:42.075961,ethereum_tx,0x41e8e17919737accb882578f4e8f9c53db2c5587750cc40b245be37f29e81aef,9481688,0xc150eD8eEe9B61a8dA1f2BaCE3087CA845d1Cb81,0xc150eD8eEe9B61a8dA1f2BaCE3087CA845d1Cb81,9.98e-10,1.500000009,confirmed
2025-10-24T17:56:42.075961,ethereum_tx,0xccd9b4c3f37d55e7ce856712c7068fe3dc207a377449fd9ee459d96efb24e2d8,9481688,0x838F96368d719fD3765062A9761b1f94A65EBc6C,0xc6255a594299F1776de376d0509aB5ab875A6E3E,0.0,1.5,confirmed
2025-10-24T17:56:42.075961,ethereum_tx,0xc42315f8b22955bf1960e2217ee4ef9dabb7d21ac3c7349ddb605a28f8687a5c,9481688,0x3b57d020281b5f014880977f57eE5b6991933101,0xc6255a594299F1776de376d0509aB5ab875A6E3E,0.0,1.5,confirmed
2025-10-24T17:56:42.075961,ethereum_tx,0xa0edd318f9cfae2e921a0457c8d418b39cf1646ecba393f931ad7f888c65e05b,9481688,0x0907eEc7791b1497272fa9CEfCBab83f70F5194b,0xc6255a594299F1776de376d0509aB5ab875A6E3E,0.0,1.5,confirmed
2025-10-24T17:56:42.075961,ethereum_tx,0x9c1befabd52e48c6ba32ac84183ccf0265fb68f297bf72a6f387b9afd56e02a3,9481688,0x4ECcfbCD17a99bD48Dc490eECcc9b370DdF452C0,0xc6255a594299F1776de376d0509aB5ab875A6E3E,0.0,1.5,confirmed
2025-10-24T17:56:42.075961,ethereum_tx,0x89f63188ddf27c915a9c9277b83621a890c1a2a5c3f7ffba69ae30fd0034c221,9481688,0x3B464a7559d5eb00565f9918734dA859E285D1Bc,0xc6255a594299F1776de376d0509aB5ab875A6E3E,0.0,1.5,confirmed
2025-10-24T17:56:42.075961,ethereum_tx,0x6ad7d9d2cf1bf23a8e3adc5f7998de9dfd41b520298e3097e778c34d13d5c688,9481688,0xce36791143F2d0Bb994A3bd58776BCe6F252fFB9,0x2A4496bbC344414e3bDbE6a8E7c40EF007DAeEd1,0.0,1.5,confirmed
2025-10-24T17:56:42.075961,ethereum_tx,0x50aaa1046f8ea4ebca8a93d1f3fbcd9d883fc64ebbf102917c2f9c2d3e6716b0,9481688,0x383E61E6c059598d9394C4eE217Ba34C2be0f3FC,0xc6255a594299F1776de376d0509aB5ab875A6E3E,0.0,1.5,confirmed
2025-10-24T17:56:42.075961,ethereum_tx,0x4cc7e9602335cea770f43b032574787a42c8f700d95a4859e3f94fc4301063d1,9481688,0x9A3ff835AD7F3fBC63d7D61D35a5092532B42002,0x2A4496bbC344414e3bDbE6a8E7c40EF007DAeEd1,0.0,1.5,confirmed
2025-10-24T17:56:42.075961,ethereum_tx,0x3db28fd53ce9e84d93681f24d99a0cc0a8099b07aebca086eef4e274ee0a519c,9481688,0x6adbFB2d5D377612c5D3Fd9373934FbdcEaC160F,0xE8680EC74E2836BD8df3c630910E72620053E8D5,1.14e-05,1.5,confirmed
2025-10-24T17:56:42.075961,ethereum_tx,0x33fd805d8e37e57d485b370d7e4f30a36d123dfa03dde50c7461170617d0b5a3,9481688,0xFb24BB2DF1cB9e3f0b7E80ba2aB744F4F77c75E2,0xc6255a594299F1776de376d0509aB5ab875A6E3E,0.0,1.5,confirmed
2025-10-24T17:56:42.075961,ethereum_tx,0x2e4d0dec2d7c26838c8c0e565e78e92a36573db65be0773a301132c7ee4f4416,9481688,0x8f937B3BE78aE12702173698ed00a522bBBA0570,0x2A4496bbC344414e3bDbE6a8E7c40EF007DAeEd1,0.0,1.5,confirmed
2025-10-24T17:56:42.075961,ethereum_tx,0x28c2e10af2c02b1cedb9ebbb8e5cfde55071d2289d38e357152b5362761c68d4,9481688,0x8eC9Ba90774e1E3606f84411c17A27cDA4eBeB43,0x2A4496bbC344414e3bDbE6a8E7c40EF007DAeEd1,0.0,1.5,confirmed
2025-10-24T17:56:42.075961,ethereum_tx,0x260f9a1b8b3efcc4d45c4be001b859d6149fc092af2f43cab5e9633cc31af5a1,9481688,0xcc820Db61cAc455AB7769315b5b911871321C18C,0x2A4496bbC344414e3bDbE6a8E7c40EF007DAeEd1,0.0,1.5,confirmed
2025-10-24T17:56:42.075961,ethereum_tx,0x197b17f1c3a1e345f4e06da4b4c64360ac96a0d237d819ed144126efde829951,9481688,0x266aEAA6d43994B657e91A1C70E55C5E1da4D196,0x2A4496bbC344414e3bDbE6a8E7c40EF007DAeEd1,0.0,1.5,confirmed
2025-10-24T17:56:42.075961,ethereum_tx,0x03eee8b7927e04e3124a2480f19109db7888f6ffafe844d254902d64f0ddcf54,9481688,0xe8D498AddA5B80aD3EFC185BE915d73b0B393daA,0x2A4496bbC344414e3bDbE6a8E7c40EF007DAeEd1,0.0,1.5,confirmed
2025-10-24T17:56:42.075961,ethereum_tx,0x03e6f73f77bdeaf6cfbc158c96c9e558a67eeb937b3e1d21ead129e3e6b0c2b4,9481688,0x78a6304E9dED5A9cbBBa2D85CD1E3A20e0f68193,0xc6255a594299F1776de376d0509aB5ab875A6E3E,0.0,1.5,confirmed
2025-10-24T17:56:42.075961,ethereum_tx,0x01b54c549d70294261ca8b0aa1be30ca1f0fb0e82053579998301de4439b177f,9481688,0x0E577ba933CD53CA2aC5C29D400Ced8678b1e4aA,0x2A4496bbC344414e3bDbE6a8E7c40EF007DAeEd1,0.0,1.5,confirmed
2025-10-24T17:56:42.075961,ethereum_tx,0xebf50089e6fb536e3b30c3871dd12170aab7d268bc0ae2ab086bd996ccfd5810,9481688,0x0408C06e552408Ad0A30cbAd65F52d3876051c52,0x4F6b2E8DC0476d8e1fd88f6330B1f3909Dc9E914,0.0,1.000000009,confirmed
2025-10-24T17:56:42.075961,ethereum_tx,0xdbba7bddec673f4c3964c01624c7fb0bea41a2917a0c834668f05bed6f6caa8b,9481688,0x331F8071c58E6db2F286597A44EbcDAC75532f7c,0x42eBf272Ce569dc324E7f72a9E98A59CD3a06136,0.0,1.000000009,confirmed
2025-10-24T17:56:42.075961,ethereum_tx,0xb1df28fb6542391fb9272fdcdb0af8bf05a27ebe80f193b0e604b9511553db0f,9481688,0x9F37C931347665e7dbD863faDb2602E69351F201,0x9E4EE87554c89Eb079873d3773E63Ca4cBD7817A,0.0,1.000000009,confirmed
2025-10-24T17:56:42.075961,ethereum_tx,0x92778cde604e07fd6acc5ca546adba13ae43579cc2cabad48106b63d1dc40ce3,9481688,0xb2248390842d3C4aCF1D8A893954Afc0EAc586e5,0x6c97864CE4bEf387dE0b3310A44230f7E3F1be0D,0.0,1.000000009,confirmed
2025-10-24T17:56:42.075961,ethereum_tx,0x64b9b9f552da9cf8b517a1d5c08622cc8da633ce0b2f7845ea61a60d09eefefc,9481688,0x0632215e32658508fC985BB80f22eE71377F7aAE,0xFF00000000000000000000000000000000743111,0.0,1.000000009,confirmed
2025-10-24T17:56:42.075961,ethereum_tx,0x2f3831da9af6a385559af94965a7e82bc1771ce14833503d71a25bb28a549ebd,9481688,0x2BFf381E1dd8c3f2A21870A5E877EF881Bc62784,0x00CCC173D23DA3D45D0B2BeAb44cA7937C6a5870,0.0,1.000000009,confirmed
2025-10-24T17:56:42.075961,ethereum_tx,0x09bf03c46258f3f745145bc73137d6a58999ea91baa851a391d0d81fbc33518c,9481688,0xB70C8Ba967B7c4d26661D1cF29d520651A97Dd3f,0xF2ee61b324d2DD1E52b83d7E0b0232b6034DC349,0.0,1.000000009,confirmed
2025-10-24T17:56:42.075961,ethereum_tx,0x7987dad727298cd0f587e1d97e458d48daf23b482cd5019746a271738fce8da6,9481688,0xDb1d518f67570c67059c95339B624960BBC47bD2,0x7b79995e5f793A07Bc00c21412e50Ecae098E7f9,0.001,1.0,confirmed
2025-10-24T17:56:42.075961,ethereum_tx,0x1634ddace0f3b748299ee0736dca323a0656da881b012f3e9c1a689032e81c86,9481688,0xf6720ecB6a647Ea30c6fce74A02127Ac0C5Ae652,0xF40E9240464482db4B0e95bEAcb14C3dE04C5715,0.0,1.0,confirmed
2025-10-24T17:56:42.075961,ethereum_tx,0xed11c282ecd320adc1cb4c1dce1bed755e47ddf78be52c27fd12faa8186d0110,9481688,0xAf8DDD7d6D20348cb58fF64c2e8BF973E50E9FfC,0xf993E10C83Fe26DddFc6cb5E82444C44201e8a9C,1e-06,0.020000009,confirmed
2025-10-24T17:56:42.075961,ethereum_tx,0xdfb35f5a74f8579823a92627089c26651c3c6b6b2c7910f6d45bbba468bea5db,9481688,0x1AAC7AcaAA5EcAC2C2fC3af84b2FB00Cf915548f,0xf993E10C83Fe26DddFc6cb5E82444C44201e8a9C,1e-06,0.020000009,confirmed
2025-10-24T17:56:42.075961,ethereum_tx,0xcd108fb288896dd62a82e679443f6928a7664d72620689919b256043990d6b48,9481688,0x4AbBfC500D3b83B1Fa5C6446541e3936276abB39,0xf993E10C83Fe26DddFc6cb5E82444C44201e8a9C,1e-06,0.020000009,confirmed
2025-10-24T17:56:42.075961,ethereum_tx,0x7d78a57fea3cb9cb9158e0cbabec5818b0f4de8938f83046d6260abd7b5eac4a,9481688,0xf1D4B0d2Bf53d42142C8dE389c06A1D6f0987dFc,0xf993E10C83Fe26DddFc6cb5E82444C44201e8a9C,1e-06,0.020000009,confirmed
2025-10-24T17:56:42.075961,ethereum_tx,0x05edd511a45619346055c372fa90f922da53eca62b3ccb5627d9fffe2fe15701,9481688,0x5B55E1f98800012AD42AafEE2585AA61BaBf1752,0x1348947e282138d8f377b467F7D9c2EB0F335d1f,0.0,0.00200002,confirmed
2025-10-24T17:56:42.075961,ethereum_tx,0x6eb32f4fee6f497cdb3dce3bdae370ee60308cbd672514695d75a6c13c6e3692,9481688,0xD733eFD5fcD34b7191E529da2aFF2e033722e316,0xb99B03DE77146403B131BA23220a8d0C59C0B327,0.0,0.002000009,confirmed
2025-10-24T17:56:42.075961,ethereum_tx,0x57d6f7bbe8420cd814d4cb5f9a21d9f9822ff5a48a34b15c96b2c4afc601beff,9481688,0x0ea879CdfB7dD062e4bA235F74F4E36b265D59e1,0x6bF499D6961D43216b3880e1090D19CEA15734c4,0.0,0.001562509,confirmed
2025-10-24T17:56:42.075961,ethereum_tx,0x8b7a89271f93b684ad70ac426bd99f198e1546646aa5b3a346c6c400beb3188c,9481688,0x6d7927C0D236388319864007681BC0C6b844Def8,0x12e1181a741b70BE6A9D81f85af3E92B6ba41897,0.0,0.001300011,confirmed
2025-10-24T17:56:42.075961,ethereum_tx,0xc6fb8ebbfe7a704a128edfdeba1e3b5ba5093779c08f962c81630b51a854fc6d,9481688,0xaB3599E71EC894De2A30655345F61DFb910e19e3,0x0D544354a8c53ff874dEafFAE50215d7760f5309,0.0,0.001200011,confirmed
2025-10-24T17:56:42.075961,ethereum_tx,0x904e950879d8d92492b6186c388fed8f45d07f306f33bed279156d5ae8729035,9481688,0xB6D120C413039aD4CFA902b1F4b29b24e429B645,,0.0,0.001200009,confirmed
2025-10-24T17:56:42.075961,ethereum_tx,0xe212f74520e567f08dbdacd645976b2d0c67df1b42dd575d1d1c6ae109986548,9481688,0x61d8838f9A00250C9AF13D622DA7c08c372ee587,0xCf8EDB3333Fae73b23f689229F4De6Ac95d1f707,0.0,0.001067306,confirmed
2025-10-24T17:56:42.075961,ethereum_tx,0x9bb73e2b7a589540194b37abd59bbe180ef21f76fdcec819bbdc2bd6582320a9,9481688,0xb3a1956Cff1ecc8054B81b0C83b9847CB71384b8,0xCf8EDB3333Fae73b23f689229F4De6Ac95d1f707,0.0,0.001067306,confirmed
2025-10-24T17:56:42.075961,ethereum_tx,0xdfe0cfbfea07f5262edd325499cc4d07d2c7210a1ff9d9b95ff03b6d890a70b3,9481688,0xb3a1956Cff1ecc8054B81b0C83b9847CB71384b8,0xCf8EDB3333Fae73b23f689229F4De6Ac95d1f707,0.0,0.001071473,confirmed
2025-10-24T17:56:42.075961,ethereum_tx,0xc32f1d92d0f1206b98f082a598a5754ded24612f6f884114701d1764f113673f,9481688,0xb3a1956Cff1ecc8054B81b0C83b9847CB71384b8,0xCf8EDB3333Fae73b23f689229F4De6Ac95d1f707,0.0,0.001067306,confirmed
2025-10-24T17:56:42.075961,ethereum_tx,0x183c05e83682af958c2cf3e10e390923c16703dbd1c8411ba1907726fb87cbb7,9481688,0x61d8838f9A00250C9AF13D622DA7c08c372ee587,0xCf8EDB3333Fae73b23f689229F4De6Ac95d1f707,0.0,0.001059829,confirmed
2025-10-24T17:56:42.075961,ethereum_tx,0x75f413604988181ed1589ba5bd5ee893e031305d3a69ca9f297542b67ef27855,9481688,0x9A37Ab2eE598D00918db33F85fcf165cA55e7f1a,0xb5A49949C49dEDD852F9f0f419b17aD2785032db,0.0,0.001056357,confirmed
2025-10-24T17:56:42.075961,ethereum_tx,0xd506518e4cc03181efa90fbac78b0eb4eb95c945a2ab81ec2cd640ef1b0f366f,9481688,0xB4fC80AEc34911C5d761259E74aE8a24c2C5D995,0x72de35dC43acfC49B6B21e559F8cA586e0E12011,0.0,0.00105265,confirmed
2025-10-24T17:56:42.075961,ethereum_tx,0xc65bd1a8b370bba75044106226342e851514c40e890d962bd3fb2bcca058d160,9481688,0x9b03eF65B68Cd6742FC11e9C62214E0E7B8Ed8eC,0x7215691F60C4fA7Bb82c5Ac44c7d57dc32bB0493,0.0,0.001052641,confirmed
2025-10-24T17:56:42.075961,ethereum_tx,0x3f4a52108aea3d41461fe342abac459c36ec5b88fbf8e5e0b78b64952d5c2dd2,9481688,0x3f0FBD194d1166218Aed64870fcEc1d7E28B4EF1,0x3eDF60dd017aCe33A0220F78741b5581C385A1BA,0.0,0.001052641,confirmed
2025-10-24T17:56:42.075961,ethereum_tx,0x0497fc1ee27c9bd13ac97804fbf0c7d282d652a08a85f051e967d3b0b5469d77,9481688,0xf8890393ba7a5b3f48c82AB514a6348CFF8C5548,0x3eDF60dd017aCe33A0220F78741b5581C385A1BA,0.0,0.001052641,confirmed
2025-10-24T17:56:42.075961,ethereum_tx,0xffb14319c45f71487a9d46e5067aa81470b167aaddee5773116ccd7c2b94c077,9481688,0xB66df7402831cdFb30B1D3027cd27d3D4Be5F752,0x08d2b0a37F869FF76BACB5Bab3278E26ab7067B7,3e-05,0.001000009,confirmed
2025-10-24T17:56:42.075961,ethereum_tx,0xf6419246fab68daca028105e29527899d5052ae923cad91f6038e50b28ca15ef,9481688,0xea8B9883245d907Be8B81B0792f9C58fF8299090,0x69C6b28Fdc74618817fa380De29a653060e14009,0.0,0.001000009,confirmed
2025-10-24T17:56:42.075961,ethereum_tx,0xf33f2d9215a328d576493455bd477af26bea4e5fc30a97b6c0c638097308cea5,9481688,0xaF34Db08477980B2Bc8E998fA794006BA1d2f2a2,0x03C66CB1826BDB0395BF31E68Bf7E873e9564fFB,0.0,0.001000009,confirmed
2025-10-24T17:56:42.075961,ethereum_tx,0xeb4b5ed6135403fbba5b921ca3ccc57e1dac9299c984aa6db810f6525ab5afb8,9481688,0x053DD4618aAc39bbDA482b44c9dA72580C1955b0,0x1c7D4B196Cb0C7B01d743Fbc6116a902379C7238,0.0,0.001000009,confirmed
2025-10-24T17:56:42.075961,ethereum_tx,0xe62a5b8663352e490fd83f94223a52091e3cd15d4a7a26dbb1fc5a816b8b89d6,9481688,0xdBB0b086550c9338fF4668B28D444a0153271ade,0x853758425e953739F5438fd6fd0Efe04A477b039,0.0001,0.001000009,confirmed
2025-10-24T17:56:42.075961,ethereum_tx,0xd87276428384eae8cf47994e71ac102f3aac809177aea5ef734f3f56582cc4d4,9481688,0xED7378B2eCeF54536339f6E029accF40D873Dfcb,,0.0,0.001000009,confirmed
2025-10-24T17:56:42.075961,ethereum_tx,0xd144397381f74e45da0f3a091b5e0fa8b572461894f2226948695309182674b3,9481688,0x4cB9ac68A2151f14E8242a984b1F1faDb36EBF60,0xC97F5f2FDE4fe6e220069F8D3718bE4FaC7C00f0,0.0,0.001000009,confirmed
2025-10-24T17:56:42.075961,ethereum_tx,0xceaefb56a0f1641bebb02c4cfac98622bfe2113c64e35d2f153dae71dc6aaf2f,9481688,0xc8d8097b01e8CB3b99DECBC24052CB3612C5966A,0x03C66CB1826BDB0395BF31E68Bf7E873e9564fFB,0.0,0.001000009,confirmed
2025-10-24T17:56:42.075961,ethereum_tx,0xcab2cf72798c5c2f668e7f5d73383ab74268054a0109bfe59e5d7bf6bf2839f4,9481688,0xb31B0525a237FD7B6160a4b470B2Ebcc4b0e18A3,0x03C66CB1826BDB0395BF31E68Bf7E873e9564fFB,0.0,0.001000009,confirmed
2025-10-24T17:56:42.075961,ethereum_tx,0xc7faeb9e4ec249863c86f5527bd489bce43de5e6692ae8b6c7c95350a2085938,9481688,0x7c12eB3916F18C4574C8BE4A52ea62524FB1c6F7,0x03C66CB1826BDB0395BF31E68Bf7E873e9564fFB,0.0,0.001000009,confirmed
2025-10-24T17:56:42.075961,ethereum_tx,0xc0ad87f1dc10ea4d8034300fad1f4cf498d267735019f159d73ee77167272fda,9481688,0x787A72F585c447dfA9Ae60560b6Ac632d3b311cb,0xE3e52c9A4820F278A5EdadeD49A4e220616A70e1,2.499999978999811,0.001000009,confirmed
2025-10-24T17:56:42.075961,ethereum_tx,0xbb8bfbc3896af58f71675b4c906e7027a8392ff165d83ac87ee36559117aee0f,9481688,0xf0dE51bE38f9931D29526dc29Ede5A5c42E1dc99,0x853758425e953739F5438fd6fd0Efe04A477b039,0.0001,0.001000009,confirmed
2025-10-24T17:56:42.075961,ethereum_tx,0xb264cba44985d8d874ae1864804174d619221742967f82450c6fe340741b6321,9481688,0xb6d25fa232e50EE2fCf3a40DAFCAfe5Fff1Fd9A9,0x87A3effB84CBE1E4caB6Ab430139eC41d156D55A,0.0,0.001000009,confirmed
2025-10-24T17:56:42.075961,ethereum_tx,0xb1dc90ee5568dfe3ccd883cf4c01df44e61f04d97ac2820b99fdcc23f24a088a,9481688,0x9E923297A86d22c871c82b5Add38A85D3cB0e92D,0x0000000000000000000000000000000000000000,2.98e-05,0.001000009,confirmed
2025-10-24T17:56:42.075961,ethereum_tx,0xaebfbc30bde650da76769033c3cff3d3f936c5b5cee5e5337aef0291a53c8746,9481688,0x0B0e2673A1CE96a115c2c53e1304eD4640294856,0x08d2b0a37F869FF76BACB5Bab3278E26ab7067B7,3e-05,0.001000009,confirmed
2025-10-24T17:56:42.075961,ethereum_tx,0xaebec0dd9afbfbad2df15e68005f352e7bd27d81583bc48b4f6f069ac7f2ad4d,9481688,0x699c1c9568907847F2C9845Ab6df5702e6aFa4BE,0xE918A5a47b8e0AFAC2382bC5D1e981613e63fB07,0.0,0.001000009,confirmed
2025-10-24T17:56:42.075961,ethereum_tx,0x9c91ac309011832084906c048e95ff7fe5d7f0fa41d9fff719fcbf9f773b16dc,9481688,0x49E8d6086D2029C4334188571bf5b22597d596c4,0x49E8d6086D2029C4334188571bf5b22597d596c4,0.0001,0.001000009,confirmed
2025-10-24T17:56:42.075961,ethereum_tx,0x76d6b3e318315c8b431d5f3a467ca2485d1d2dd75caa8e3d352a0ace8ba53b63,9481688,0x474Fc6A6735FA2a9D3a87fc04De2686BFa5A1836,0x5cF3FdC6fa57a76649e1b858606cd187F58213Fe,1.26e-06,0.001000009,confirmed
2025-10-24T17:56:42.075961,ethereum_tx,0x711888e89d2a531d3ccbfae5b0954cd1e5ac37a429d40524abb0affa8555b68b,9481688,0x0c06384B9D5Eb60E97B100d0116a7eCf62915957,0x08d2b0a37F869FF76BACB5Bab3278E26ab7067B7,6.74e-05,0.001000009,confirmed
2025-10-24T17:56:42.075961,ethereum_tx,0x6e1f9d937db20f36d5d9713e94fe692801781e650f21abf4f30163b66b13d28c,9481688,0x525e2dbf955acCe32069a94583256b9e26b7EF08,0xa40D634F1694dDC35F5993F00EA22A56f1BDC769,1.59e-06,0.001000009,confirmed
2025-10-24T17:56:42.075961,ethereum_tx,0x677c2413aefe09c347e2cf81f361630ec8cac5dbaf8645d80656e158b3a6cfdb,9481688,0xEDaf4083F29753753d0Cd6c3C50ACEb08c87b5BD,0x57c54f8bb8723EcC1fAE86fD3bCcfA0F08BD5De2,0.1,0.001000009,confirmed
2025-10-24T17:56:42.075961,ethereum_tx,0x635da36a2a3867ea7cd557bb281052b124aaa3dd0f129435b1bfcdaad95d0fda,9481688,0x3514FeE710550C6661f7410Da2D9Bba71441FF27,0x03C66CB1826BDB0395BF31E68Bf7E873e9564fFB,0.0,0.001000009,confirmed
2025-10-24T17:56:42.075961,ethereum_tx,0x5a8bd03e988f81c17275086c710a150a2c9a8f4f248efe7799567553376e665c,9481688,0x3Da763C42E438eB17880fB6A83040d6cf13eF03b,0xFf00000000000000000000000000000000042069,0.0,0.001000009,confirmed
2025-10-24T17:56:42.075961,ethereum_tx,0x68a8340d1608abe75e7e10f5b44fdc0815826d642a8ffa2a776a11e5564e08a8,9481688,0x3Da763C42E438eB17880fB6A83040d6cf13eF03b,0xFf00000000000000000000000000000000042069,0.0,0.001000009,confirmed
2025-10-24T17:56:42.075961,ethereum_tx,0x56f1665741c7e6d4af9034964c1b3ba262232ac6d38170402cee994325f97b7d,9481688,0x3d6fA89Ee5372e33bC3c64daC473af480566023B,0x03C66CB1826BDB0395BF31E68Bf7E873e9564fFB,0.0,0.001000009,confirmed
2025-10-24T17:56:42.075961,ethereum_tx,0x568053f4853ef19a3fd4b698e8405777057f84e3a085a033348b91f298452a5b,9481688,0xC5FEAB53977F5E27364489533492E5903f46d38a,0x03C66CB1826BDB0395BF31E68Bf7E873e9564fFB,0.0,0.001000009,confirmed
2025-10-24T17:56:42.075961,ethereum_tx,0x4c746fbaf54ecf428ae5c588a01ee28c73b7d457007b796c5d64420344edb32e,9481688,0x7610BbF4B2c74560818F5fE4beA3e8EA37fB538f,0x03C66CB1826BDB0395BF31E68Bf7E873e9564fFB,0.0,0.001000009,confirmed
2025-10-24T17:56:42.075961,ethereum_tx,0x3a3e3d675b00b606567699664fee7857fed63c74d4739354e684a039ae773d38,9481688,0x6d50EDC485a5c5C8E57e45994de1C8f8A11A7cee,0x5641a1E8651DE500838bed93E62e3E06a4D0e683,6.5e-05,0.001000009,confirmed
2025-10-24T17:56:42.075961,ethereum_tx,0x333bbcd21f0c4f12f2e95e48507bd9fc987d63f874a69832c47621f52b00ada9,9481688,0x7B0e286C12a7397520ea2fdd8014c8B27c22aD48,0x03C66CB1826BDB0395BF31E68Bf7E873e9564fFB,0.0,0.001000009,confirmed
2025-10-24T17:56:42.075961,ethereum_tx,0x2f865e67c77a0e8435cc8e71614d235ecc09661b63c87aeb99ef883003269dec,9481688,0xaD505B753b3D04CBD319C37f78ABCC1EEa74fbD5,0x08d2b0a37F869FF76BACB5Bab3278E26ab7067B7,6.82e-05,0.001000009,confirmed
2025-10-24T17:56:42.075961,ethereum_tx,0x225dfe8d2d73c6be05e5721e94313c2e56ecf0dfad576e8627443ae515091aa1,9481688,0x7f40eD217a9CB858e103DCE10a6F366B6AFacb28,0x03C66CB1826BDB0395BF31E68Bf7E873e9564fFB,0.0,0.001000009,confirmed
2025-10-24T17:56:42.075961,ethereum_tx,0x2125180a0a1f9c995fa3f686efb3edad88d4590f88e038793cdbb2acc1a54728,9481688,0xF8E0210e0bcC135840F09218921dD829af901Ed1,0x03C66CB1826BDB0395BF31E68Bf7E873e9564fFB,0.0,0.001000009,confirmed
2025-10-24T17:56:42.075961,ethereum_tx,0x1c24d05f30b8a7e0ba0d6f2b6cdccb9a9d2fe558c340a2939193c70690804182,9481688,0x029005aB777805D6Ea3a84b834Cf042D4B20D5b2,0x03C66CB1826BDB0395BF31E68Bf7E873e9564fFB,0.0,0.001000009,confirmed
2025-10-24T17:56:42.075961,ethereum_tx,0x1a3b7687633eb867273c2d5cb1b43e10152196e11ee0a46ef339146947546c98,9481688,0xE5640C04d6A658908D257B2135a0Ac23eb79D63a,0x0000000000000000000000000000000000000000,1e-05,0.001000009,confirmed
2025-10-24T17:56:42.075961,ethereum_tx,0x195300b2adef3aeb5bd38fd06c0228aaf72e8d5a077c9bdd87ac276ca5b94074,9481688,0x2dE3D55EF017cfeb7EE28d5f5AC9E91bb9AEf41B,0x08d2b0a37F869FF76BACB5Bab3278E26ab7067B7,4.72e-05,0.001000009,confirmed
2025-10-24T17:56:42.075961,ethereum_tx,0x154e38f1505f5e9039403ddb9f55453c5a6add479c2c9c6dd4c658fe8ec8e133,9481688,0xfCA9CB97f1d53B349ECb9aF15f158A58e9c5F1C8,0x08d2b0a37F869FF76BACB5Bab3278E26ab7067B7,3.2e-05,0.001000009,confirmed
2025-10-24T17:56:42.075961,ethereum_tx,0x13f640c7b9c8fbf17fd8d873ec806caa0be136ec69fce1b2d8eb92f9f42cfa6a,9481688,0xBC854ca2321BCe0C7130AcD6cCD3837B7FC6F6c7,0x03C66CB1826BDB0395BF31E68Bf7E873e9564fFB,0.0,0.001000009,confirmed
2025-10-24T17:56:42.075961,ethereum_tx,0x0c3273929e878a784ac41e7141098966cfde0ff8f3862b7a3a19e6da31fce40d,9481688,0x92FB1B341e7Ece393e82b28b1f8Accab2936f944,0x30BF39c9F0E3092E42ec5D4c36e0Ab67643B6458,2.83e-06,0.001000009,confirmed
2025-10-24T17:56:42.075961,ethereum_tx,0xec778aee1507409bab79d0da246738e54ee9d43fa0b9841c3a486c81722f6a69,9481688,0x902b429411e2d0C3c03B02bD6E41608563C93891,0x956962C34687A954e611A83619ABaA37Ce6bC78A,1e-06,0.001,confirmed
2025-10-24T17:56:42.075961,ethereum_tx,0xeb71a7ca0979d79b571a8c266fc7938705f0f4323ffa8935193caf6586ef45f7,9481688,0x61Da2fC6F36248fb687D9305564485F594A5b1C0,0x956962C34687A954e611A83619ABaA37Ce6bC78A,1e-07,0.001,confirmed
2025-10-24T17:56:42.075961,ethereum_tx,0xd9249d1c9410f99589467ad13f5b1bf05bc4681667480fa32f5b0a3c88bc2c63,9481688,0x1B00F502084868ef2Bdd664AAFC643a1B130A233,0x956962C34687A954e611A83619ABaA37Ce6bC78A,1e-07,0.001,confirmed
2025-10-24T17:56:42.075961,ethereum_tx,0xd2e8fe183d31e7d446b1535c9ad741ad582d7ad93ea717eeec661976e8e9c036,9481688,0x1BE517bb7c6BA92eaBE27d01d7Fd3a3A6271F2C5,0x956962C34687A954e611A83619ABaA37Ce6bC78A,0.000214651,0.001,confirmed
2025-10-24T17:56:42.075961,ethereum_tx,0xca8be93cb46aec987bdd112df31554f94024518c00516b900afa6f8d1132d0c4,9481688,0x540AE28d7E9c2b64886E88B56917079B7dA29aA5,0x956962C34687A954e611A83619ABaA37Ce6bC78A,3e-06,0.001,confirmed
2025-10-24T17:56:42.075961,ethereum_tx,0xc698f9de022034119fff788b4e374936ec26b9e3fc2de682f56d619c6e6616f4,9481688,0x7f132C78348c1e5a6b1E271bDf247092aFF9188f,0x956962C34687A954e611A83619ABaA37Ce6bC78A,1e-05,0.001,confirmed
2025-10-24T17:56:42.075961,ethereum_tx,0xc2de88156342368405d20b8ee544d70c0e0bc8ba0da09bb52305b89cf988101b,9481688,0x1F8A262E5A472191842c8B7dd1c312D85f7E6bA3,0x956962C34687A954e611A83619ABaA37Ce6bC78A,1e-07,0.001,confirmed
2025-10-24T17:56:42.075961,ethereum_tx,0xb9ef7b72fa3877a89422ddee370814d43406b397c4ca904e51cb1247c7f4d587,9481688,0x4762AF5868dCb9c59B3F8cA8d701C603c1E6BA3F,0x956962C34687A954e611A83619ABaA37Ce6bC78A,1e-07,0.001,confirmed
2025-10-24T17:56:42.075961,ethereum_tx,0xab1d62d6566fb012c6457fed5583da5ceb9abf62e5ab8a847e669177335f9061,9481688,0x8Dfe90E5a0E285741723cdDEa9615ECbF6E2A2cb,0x956962C34687A954e611A83619ABaA37Ce6bC78A,1e-07,0.001,confirmed
2025-10-24T17:56:42.075961,ethereum_tx,0xaa8959a91d4ad17e0983b9ce5b561eb22f95f414c8c5c083e8a193f11eeeb75f,9481688,0x2bF78d2268Ed1776E41323D6A5aE694d8c8F7968,0x956962C34687A954e611A83619ABaA37Ce6bC78A,0.0001,0.001,confirmed
2025-10-24T17:56:42.075961,ethereum_tx,0xaa87c61c8160e394faf70c47b509ffdcdc6c7c5d208df8068ad327d3208287be,9481688,0x1414942f6c103fAFd0Dea7aFeCA927255D902464,0x956962C34687A954e611A83619ABaA37Ce6bC78A,1e-06,0.001,confirmed
2025-10-24T17:56:42.075961,ethereum_tx,0x96da5fee04fe23974b492fdb30bb8b2950a6bca60a87031ff2d2dff484468b19,9481688,0x3839bB5FD10e0bf8010546e6ada0654fDebb6EdD,0x956962C34687A954e611A83619ABaA37Ce6bC78A,1e-06,0.001,confirmed
2025-10-24T17:56:42.075961,ethereum_tx,0x943718e351038a60ac00a9584b57c9d495727ecb15b92ad07d998037e8785a3a,9481688,0x94B794E59838De302CCf043d1c7C5E14fc6473A1,0x956962C34687A954e611A83619ABaA37Ce6bC78A,1e-07,0.001,confirmed
2025-10-24T17:56:42.075961,ethereum_tx,0x929b2f6dd6c633bfcdf61bcaa9397a368528147307c1855ea4f57f2ef8660502,9481688,0x9C8FaA60ac71ad698FA1E9ba77C7F409eF4834cf,0x956962C34687A954e611A83619ABaA37Ce6bC78A,0.000132,0.001,confirmed
2025-10-24T17:56:42.075961,ethereum_tx,0x8b5fff35ca1970d78a03c3d03fbfc05d15c6cfc57feb58d6c582d94d9b07e0a0,9481688,0xa20F74Bf625c6d64B353aA6d3B1f64c48099A26d,0x956962C34687A954e611A83619ABaA37Ce6bC78A,1e-06,0.001,confirmed
2025-10-24T17:56:42.075961,ethereum_tx,0x820421cd8e5eacde7a7991d43be39f575659bdc725507af11d90613bd213bf94,9481688,0xf8B98A48569293Da1a3c5fd26eAdefAc1249F610,0x956962C34687A954e611A83619ABaA37Ce6bC78A,1e-06,0.001,confirmed
2025-10-24T17:56:42.075961,ethereum_tx,0x7f1e7c094642ed2750fc44cdb6daf3e3dcdbadf21998bff991d7cad22281dde5,9481688,0x7E503029C6410f7859759E9afC2c18bF7C5A4954,0x956962C34687A954e611A83619ABaA37Ce6bC78A,1e-07,0.001,confirmed
2025-10-24T17:56:42.075961,ethereum_tx,0x7cceec5d91a7783ddf13a8e623579c7bd1c3a7bedeaa831bd7e9229210634b28,9481688,0x9dA7810c4b81C5241ddEd3486543B3F878f8484d,0x956962C34687A954e611A83619ABaA37Ce6bC78A,0.001,0.001,confirmed
2025-10-24T17:56:42.075961,ethereum_tx,0x7b22fa79eb14a7879657fc65d2719f690f59d65a93b32ef9d03ffa125ef72880,9481688,0x417ca7563E46517466F528D3aBe699C4FeaBFfCF,0x956962C34687A954e611A83619ABaA37Ce6bC78A,1e-06,0.001,confirmed
2025-10-24T17:56:42.075961,ethereum_tx,0x75537dc2ac1c705992041b0f745d3f1e77463edd3e598520476952be6833e713,9481688,0x6419b4DEe913940FEbDB9Adf586C72ae1f298DF1,0x956962C34687A954e611A83619ABaA37Ce6bC78A,1e-07,0.001,confirmed
2025-10-24T17:56:42.075961,ethereum_tx,0x74a78d99835963c953d95975626a486d62a2249e334d9a2e20bcc27d0f89090b,9481688,0x6877c387eAD8BeF023Ec12FfA72Bd3A4814BcF1e,0x956962C34687A954e611A83619ABaA37Ce6bC78A,0.0001,0.001,confirmed
2025-10-24T17:56:42.075961,ethereum_tx,0x72cdbdeac40dab97b8034cb6a92f7bf0ce36cfd7182caafbca6e1c7e2930accf,9481688,0xeB23746F20CA8Bca63d99bf0c201c9f4892BfD01,0x956962C34687A954e611A83619ABaA37Ce6bC78A,1e-07,0.001,confirmed
2025-10-24T17:56:42.075961,ethereum_tx,0x4fe57f0dd574ba8a8b340e2e3c8bfb893be3248f20900425aa2217ae88c9ad93,9481688,0x832385eE723B4a2cE8F0D60D27F9e482789Af240,0x956962C34687A954e611A83619ABaA37Ce6bC78A,1e-05,0.001,confirmed
2025-10-24T17:56:42.075961,ethereum_tx,0x4f47e1b59587840a6e2a4ee45432b99ccf024f8cd83d918a8b31b51a8f46c37b,9481688,0x501807e5E5B13a59e104DD840758916bB8967392,0x956962C34687A954e611A83619ABaA37Ce6bC78A,1e-06,0.001,confirmed
2025-10-24T17:56:42.075961,ethereum_tx,0x4de1d2f0546113312b7dc64c80b7935be8f8fed15979c6e6f2e2d0b2891149f4,9481688,0xDA4bc6D9f9E8676502538C7476901CB4c891bc04,0x956962C34687A954e611A83619ABaA37Ce6bC78A,1e-07,0.001,confirmed
2025-10-24T17:56:42.075961,ethereum_tx,0x490cc2df5d3c15ec98ae62a0ef2b26189d883ceb7ae4ea5b98ba5d63a623ca03,9481688,0x10B87BB7305065D1f891f0EaF781Ac7B42eFc157,0x956962C34687A954e611A83619ABaA37Ce6bC78A,0.0002,0.001,confirmed
2025-10-24T17:56:42.075961,ethereum_tx,0x42a377ff1afd16a235faf8e2d5f3e3a528bee94ff455cba2444978a7227d665f,9481688,0xC1B22B677237e5a17Ae3A373794AB5E10451Df08,0x956962C34687A954e611A83619ABaA37Ce6bC78A,1e-07,0.001,confirmed
2025-10-24T17:56:42.075961,ethereum_tx,0x3f6c55fd840d2cabf28bad5dbafe1872eec0997f0b8624cc08aa5b031f9497c0,9481688,0x13e6009357AF52E7D564b5914aa97719C8304A28,0x956962C34687A954e611A83619ABaA37Ce6bC78A,1e-05,0.001,confirmed
2025-10-24T17:56:42.075961,ethereum_tx,0x39eacece0dca7186a32e360bee8a0576b589ea3c12a6ac1060981f2a5d2d9339,9481688,0x8356B1EE8Ab99dE3583F0A01e2d247959B665173,0x956962C34687A954e611A83619ABaA37Ce6bC78A,1e-07,0.001,confirmed
2025-10-24T17:56:42.075961,ethereum_tx,0x39d1f12d80681ae2b253e79a954a29201eb24ac74a992b9d919ada9cc748cabc,9481688,0xe03F5Eea59b3e719653d522811A49E089FA0DE8e,0x956962C34687A954e611A83619ABaA37Ce6bC78A,0.001,0.001,confirmed
2025-10-24T17:56:42.075961,ethereum_tx,0x38603b6b2d8b0b4d1bda2886a682f505ea31bb258b647ba9215ee88d213b1331,9481688,0xF059847bF7c865F2Ef2d242e919Fbbd994E94F76,0x956962C34687A954e611A83619ABaA37Ce6bC78A,1e-07,0.001,confirmed
2025-10-24T17:56:42.075961,ethereum_tx,0x335fc933130cb65593510a4151cfcb2f8c02559d7868ae42a0ef33af8313c21a,9481688,0x9dc66AB5cDf7Fac6d01b994284950d8585ff7022,0x956962C34687A954e611A83619ABaA37Ce6bC78A,1e-07,0.001,confirmed
2025-10-24T17:56:42.075961,ethereum_tx,0x2df3f8fb0b00342df967cca67c6e5fdcee547c4932a16ba3aae6d3ac29ac8975,9481688,0xA1AF343a63056B1CBcDb008e1c67AF87B28e420a,0x956962C34687A954e611A83619ABaA37Ce6bC78A,1e-07,0.001,confirmed
2025-10-24T17:56:42.075961,ethereum_tx,0x293dd300b16131af5b35871212a12f7846059ace4c16220f06ac0ad73ac30bb6,9481688,0x75080D6d56C9B0b72338303e1B259877E642BFe8,0x956962C34687A954e611A83619ABaA37Ce6bC78A,1e-07,0.001,confirmed
2025-10-24T17:56:42.075961,ethereum_tx,0x21e0d95dfb0dbd5491e86b361d0f648b23e085a21e9358df62ecd861d5b9167d,9481688,0x6d6b5614Fc87D32C7fa1680205eBcc879600b4B4,0x956962C34687A954e611A83619ABaA37Ce6bC78A,0.0001,0.001,confirmed
2025-10-24T17:56:42.075961,ethereum_tx,0x14f473bc56a67aaa381c2d9485dab8e993516d080318c9b3e185f47470c2b623,9481688,0x3B290E03716f3B5AD76477aE17694Af5411dDb63,0x956962C34687A954e611A83619ABaA37Ce6bC78A,0.001,0.001,confirmed
2025-10-24T17:56:42.075961,ethereum_tx,0x1221cff42f56dc937f290dda064a2b41263c68ab602fc014cf8b069e97986b1f,9481688,0x41b9010cf5E134D432483BB08EA5a85bdbAf2FAD,0x956962C34687A954e611A83619ABaA37Ce6bC78A,1e-06,0.001,confirmed
2025-10-24T17:56:42.075961,ethereum_tx,0x07743c05c5b0ed0d94d6d7103e7076804f5413b419182046649d060cd08f7bdc,9481688,0xb1e51d5942469A3124C31C5934C0674fba784d56,0x956962C34687A954e611A83619ABaA37Ce6bC78A,1e-06,0.001,confirmed
2025-10-24T17:56:42.075961,ethereum_tx,0x27fed820014269df7f262dbf06eb3f20ca38264cc73d7d67a6dc5254763d6301,9481688,0x13CB6AE34A13a0977F4d7101eBc24B87Bb23F0d5,0x25941dC771bB64514Fc8abBce970307Fb9d477e9,0.006198259851458683,9e-09,confirmed
2025-10-24T17:56:42.075961,ethereum_tx,0x1ce7c54b75cabc77365f822f7605e56fa17d34aa998431dbf534308e65b62ddc,9481689,0x3C95c2633296B264d051498C4b2e982EbB526A53,0x3C95c2633296B264d051498C4b2e982EbB526A53,0.0,4.1,confirmed
2025-10-24T17:56:42.075961,ethereum_tx,0xae3f6c39a797348e73414db8829831b9d368dbd29af2645891937bd80b49a7dd,9481689,0x973896214ed97Bb2b0DCb6f5d2DA6275c348F7ad,0xcA11bde05977b3631167028862bE2a173976CA11,0.0,3.000000009,confirmed
2025-10-24T17:56:42.075961,ethereum_tx,0x201be496ad25b6df8be413c62f65ade42db7a62aacfe72e65c2ade641b398862,9481689,0x70E3Fb28e1794bb91D5bCEB7d66b731d0C61Af8e,0x1c7D4B196Cb0C7B01d743Fbc6116a902379C7238,0.0,2.000000009,confirmed
2025-10-24T17:56:42.075961,ethereum_tx,0x5a058c0d44dfc5f88ceafa1d8ab6f172a1c2c97ff0d42c10c743677ca4cc4c2b,9481689,0xe7F38E2D57a0eA80240B5E65A69AF66812CbCd0C,0x3854D9e9121035BB00A45845ee6651EfaDC1730e,0.01,2.0,confirmed
2025-10-24T17:56:42.075961,ethereum_tx,0x13b0867ba4baaaf3e66d90bdf1e011b2137e3429ca9b16bc748fd9fdc19bb5cf,9481689,0x375EF3bFa28bA65c6D983de31A6cA30FDDD1e14b,0xB88Ca91Fef0874828e5ea830402e9089aaE0bB7F,0.0,1.500000009,confirmed
2025-10-24T17:56:42.075961,ethereum_tx,0x63eaee3f4981ea9ec1574bbf65e252cb3ddd794a3d39b2771c89280d3f964c38,9481689,0x6A29cc2F73789E2EC36631af9Ba0a86fDe88d96B,0x465C15e9e2F3837472B0B204e955c5205270CA9E,0.0,1.500000009,confirmed
2025-10-24T17:56:42.075961,ethereum_tx,0x79574ecfd14b69e096de8059dca11c0e7f621b6515b9437c087aefd0e04e0a0b,9481689,0xE02E99e4b249358D3Bc6bBD060160C4d4D258B6e,0xc6255a594299F1776de376d0509aB5ab875A6E3E,0.0,1.5,confirmed
2025-10-24T17:56:42.075961,ethereum_tx,0x797ed8573f725ccf0575371d01154baf41d3558aac4a5443559e035f367a409f,9481689,0x0907eEc7791b1497272fa9CEfCBab83f70F5194b,0xc6255a594299F1776de376d0509aB5ab875A6E3E,0.0,1.5,confirmed
2025-10-24T17:56:42.075961,ethereum_tx,0x9c2e76f0d4763f599f059b59297274c44b9c6327dd62e6d4286b0d2aade4645f,9481689,0xDaeC823329018d0c52f06399Af85f618CE084A5E,0xc6255a594299F1776de376d0509aB5ab875A6E3E,0.0,1.5,confirmed
2025-10-24T17:56:42.075961,ethereum_tx,0xa4f409cf3079f5d1a9b0dd6c0a3ebf0ea8a862202853a942b99c053079344021,9481689,0xAC346feDd3214ff200CB8DE8f8cb0BB5b3928224,0xc6255a594299F1776de376d0509aB5ab875A6E3E,0.0,1.5,confirmed
2025-10-24T17:56:42.075961,ethereum_tx,0xce4d96ac8ed566ed7be52a45c44c1e70d4a0276ee1960658e55e35d26527c7eb,9481689,0x1342AB509342Ce666289e5030570eaA31ab50CC0,0xc6255a594299F1776de376d0509aB5ab875A6E3E,0.0,1.5,confirmed
2025-10-24T17:56:42.075961,ethereum_tx,0x3b4c68618564a62f28e78dea0dbd7292a6416cc26376acdf5370f092d50bd0df,9481689,0xd53b2F43fFF96aBc04a3a368F3405aeaDb443CCc,0xc6255a594299F1776de376d0509aB5ab875A6E3E,0.0,1.5,confirmed
2025-10-24T17:56:42.075961,ethereum_tx,0xe3e4f3a6aceecdd279751f44abdb4ed8926deb5c00588b82966329e72674ca4c,9481689,0xD22c6c02920dD8F149182c121c08e19C4a6750C5,0xc6255a594299F1776de376d0509aB5ab875A6E3E,0.0,1.5,confirmed
2025-10-24T17:56:42.075961,ethereum_tx,0xe9e99dfa7d0cfbccf47f228b344c94df10705dfc31166367383925119fcbdacc,9481689,0x383E61E6c059598d9394C4eE217Ba34C2be0f3FC,0xc6255a594299F1776de376d0509aB5ab875A6E3E,0.0,1.5,confirmed
2025-10-24T17:56:42.075961,ethereum_tx,0x8d7fccf066d97cc50236303c24c0a83e547405e12415858d0cc291f02cf1966e,9481689,0x3b57d020281b5f014880977f57eE5b6991933101,0xc6255a594299F1776de376d0509aB5ab875A6E3E,0.0,1.5,confirmed
2025-10-24T17:56:42.075961,ethereum_tx,0xf0380033024a7359fca42b3bda267fd0a2a1c5a36f92ee6c8d25df128ec8e3ee,9481689,0x88F710cb96EFB91D526E06468C97BA2f70D9cEE8,0xc6255a594299F1776de376d0509aB5ab875A6E3E,0.0,1.5,confirmed
2025-10-24T17:56:42.075961,ethereum_tx,0xbd47be3abb51e12a813c20498769044550bdfa709ba5e55253625863c558dd77,9481689,0xf5CdC48272D9C22625D455a4C9E9e60eB0cdde48,0xc6255a594299F1776de376d0509aB5ab875A6E3E,0.0,1.5,confirmed
2025-10-24T17:56:42.075961,ethereum_tx,0xb0feb37414a40ace64e54c9fc140a40b1e86488872dfa6dd88dfe256bd123036,9481689,0x5689c7d8448B93A67666d39326Fc78334FF53F3f,0xc6255a594299F1776de376d0509aB5ab875A6E3E,0.0,1.5,confirmed
2025-10-24T17:56:42.075961,ethereum_tx,0x8ce43ed594c72f5118d1584a09bd396fe5c5ac4228a2d0a56c55e596f32bec52,9481689,0x3B464a7559d5eb00565f9918734dA859E285D1Bc,0xc6255a594299F1776de376d0509aB5ab875A6E3E,0.0,1.5,confirmed
2025-10-24T17:56:42.075961,ethereum_tx,0x4cb24a54a34cc3b5be4bfa17feece207df7a8f0d7ed7640447273c3c0f6a3ede,9481689,0xaC56BEED1FCa1878621091c540a3d811D1DE8Dc9,0xc6255a594299F1776de376d0509aB5ab875A6E3E,0.0,1.5,confirmed
2025-10-24T17:56:42.075961,ethereum_tx,0x48337abaf1a6fe88c137bae0a64a24b8ca7efce0ef36fe88abb64d64c653817e,9481689,0x838F96368d719fD3765062A9761b1f94A65EBc6C,0xc6255a594299F1776de376d0509aB5ab875A6E3E,0.0,1.5,confirmed
2025-10-24T17:56:42.075961,ethereum_tx,0x9fda00a6b564a465a695629e12ee1a5024030204cbb18d0787be833469b0b3e6,9481689,0x4538a3D9328014cE32e569D874952aEC48b8CE5E,0x2A4496bbC344414e3bDbE6a8E7c40EF007DAeEd1,0.0,1.5,confirmed
2025-10-24T17:56:42.075961,ethereum_tx,0xbf0e125a9da0a43e605236c06f410e56b76cf2f530ced17518fdc80a7d31fad2,9481689,0x3E002E590f9f5c6e6bc198d16D7733697218f801,0x57c5dC670eB6f571bDD8Fc1CF178c46c9A917A74,0.0,1.5,confirmed
2025-10-24T17:56:42.075961,ethereum_tx,0xfe82e2371557b72a43c3a6de63430c37e0e2402ea1450e6b1050720afef3c12c,9481689,0xB24d00E645454b0Bf190E96416937A428c8A9770,0x2A4496bbC344414e3bDbE6a8E7c40EF007DAeEd1,0.0,1.5,confirmed
2025-10-24T17:56:42.075961,ethereum_tx,0xbca24bb008dda93917b1784e2f80c8d685436c4418c44d4c2501b699a3c07444,9481689,0x1f00D3D7116ec57eE061bAE1c6485fc3421C584a,0x2A4496bbC344414e3bDbE6a8E7c40EF007DAeEd1,0.0,1.5,confirmed
2025-10-24T17:56:42.075961,ethereum_tx,0xbd19dbb4566d80aa903dcf8681cb9371876519204c6ebbb7091f159782bc50a5,9481689,0x85AA16B0a6eA346138eAA7D0c041195E624Bf7d4,0x2A4496bbC344414e3bDbE6a8E7c40EF007DAeEd1,0.0,1.5,confirmed
2025-10-24T17:56:42.075961,ethereum_tx,0xe791ea4e15818b775ddff74d5fa6d62477a9df637336b1cdd07e43dd551509c4,9481689,0x5216999d4c7B59a02b74f9519483D60A54E3fbe2,0x2A4496bbC344414e3bDbE6a8E7c40EF007DAeEd1,0.0,1.5,confirmed
2025-10-24T17:56:42.075961,ethereum_tx,0x1d73d2d8648310d84b55c5a6c2669e7172e2d9866ce04ee437bd6ca56072c835,9481689,0x3f16358e47388EB85cF3d8470Eee949B501f9855,0x2A4496bbC344414e3bDbE6a8E7c40EF007DAeEd1,0.0,1.5,confirmed
2025-10-24T17:56:42.075961,ethereum_tx,0xc17c3cfe006aac42aa6183579b91dba4d3abfeb3b1fb4e76c5c966f828197076,9481689,0x2ED487A0210dfCD6f72643A5c3E5147B27948F5C,0x2A4496bbC344414e3bDbE6a8E7c40EF007DAeEd1,0.0,1.5,confirmed
2025-10-24T17:56:42.075961,ethereum_tx,0xe470ffc01193d10c0d8097f3b2eeb93e4563bf42ea5c83ad9ab50328c6f3093e,9481689,0x01846850749d7EaBd9765EB765391434DfEF3E2B,0x629779e266398C1f7ed29cF33c309cf9d64E1b22,0.0,1.000000009,confirmed
2025-10-24T17:56:42.075961,ethereum_tx,0x4ea4cecf7c9163af7d7c92349d910d9dbcdd0c45ee42306727cef3dda228ab84,9481689,0x49a2F09A0C59f425A0b9958549FEB2Af5d8E2518,0x197d1bD93Cc9D097c418D20B14bBB15F980F51C8,0.0,1.000000009,confirmed
2025-10-24T17:56:42.075961,ethereum_tx,0x78d3c41c74b96bfc6b479bff0ff2dd3bced25c0c5e70d0c214d9a6ce0b0add00,9481689,0x54d3C3c3a940ade2919d4fDf0CeD7751531Ef74F,0xa3CCd4E2a73fb55984c2BA57182Adb8f4AAD78AC,0.0,1.000000009,confirmed
2025-10-24T17:56:42.075961,ethereum_tx,0xc1830f4335ba9c7e76ea88c52af475d7b7e45316196394913a680a40f77cc60c,9481689,0xf7D2cA359d0398DA4f020fc424863dF973f99267,0x27Bd490eB32435dD76e257d405a2B7376fe5EB21,0.0,1.000000009,confirmed
2025-10-24T17:56:42.075961,ethereum_tx,0xad85467e347cf2d7f0f40bfe56c8eaea6c9c2f88aeaa16028072c73c83f3de0f,9481689,0x06Da314915a32792B5C2d0a9A8d0E06195aE1124,0xFA3B05F2A7B318b0A0c484c529cF4f707c6277ff,0.0,1.000000009,confirmed
2025-10-24T17:56:42.075961,ethereum_tx,0x8c111748758ed12edecfa262b2f793da4fc3a9dc4043d4b1a4e470d2c29548da,9481689,0x251B0Dc2f8dE5017423674Ba9A15dEfe0ba07F04,0xF24ad7ebbe408558e5CD84Fc15bA8E3430D202e3,0.0,1.000000009,confirmed
2025-10-24T17:56:42.075961,ethereum_tx,0x4603d28d22d2a82e1414b36519e9dcc10343a5ae25c8d635356da49fab7b568a,9481689,0x87cE00cb8Bc3D4676Dc91F7E6ac7cd863C3CA853,0xcD9c787A3d917D625D2D8A982618121b5DcCF36a,0.0,1.000000009,confirmed
2025-10-24T17:56:42.075961,ethereum_tx,0x1dffa6f10868cb4fba14d00fb28370a8b3c591b729c166219ee200f0abe8927b,9481689,0x1f74793d826847Bb1a50b7314799cFCB00D67eE6,0x00C7C52b7B4cD92a08298baa6D0fF909bBDdCb1D,0.0,1.000000009,confirmed
2025-10-24T17:56:42.075961,ethereum_tx,0x4135f15e744a0f78aa2196aedae47d292039418dcd4edc68b45d68f59c38d7de,9481689,0x1361234CdD2598D5C49Be7b460936Ed1A718b841,0x4231396dF13aCCD9c1aB682d69ADeFcF9aA4463e,0.0,1.000000009,confirmed
2025-10-24T17:56:42.075961,ethereum_tx,0x1baa54ac587db88c78fd93315334f4357e5707c0ab6940d86389c085765402d5,9481689,0xf1fE26E54c971a67e370e1E8eb57805f1f5Ff865,0xf007B90De8E7A2A71802eb0936f8F66F00adA7FF,0.0,1.000000009,confirmed
2025-10-24T17:56:42.075961,ethereum_tx,0xbb0f724c361d0afa18c88ea16e8492bef9328620f2c1b0ecd6a609026103a6e1,9481689,0xfEf8B9256c6078D1d9175E91a744FBe4bFa7BC32,0xb38fECA197385f1C7979c288288e67d29a3278D4,0.0,1.000000009,confirmed
2025-10-24T17:56:42.075961,ethereum_tx,0x3f14b4f3b744fdc8a7b539e6738518f2a25c8f1f2ff56fecab7cee7bc3f62d3a,9481689,0xF0FEd0C0192539a1076d8BDa1233f414704d98Be,0x00D22efF04CF7d0f5A355A6D9A06E43120398dA6,0.0,1.000000009,confirmed
2025-10-24T17:56:42.075961,ethereum_tx,0x17a35b2dc9501f9da61b8ad090bd46ebe2920d07b2a4a7f931becb4e7270c861,9481689,0xEB2C2334ea2A9342Ad1fd31f541cD95530478bf6,0xb688051CE65A9c886E717ab058F1Ec8c0C7b9582,0.0,0.050000009,confirmed
2025-10-24T17:56:42.075961,ethereum_tx,0xd18f5abbe44bde1ff82812f0c7895ffa63fd0617203e9ece69acfd8b0e7261f4,9481689,0x6f425A7a47cd8dEC9E083cf539eF1E6a59AF40Ff,0xf993E10C83Fe26DddFc6cb5E82444C44201e8a9C,1e-06,0.020000009,confirmed
2025-10-24T17:56:42.075961,ethereum_tx,0x54e2a51c8ff8f662a261d8dcfdb033cdf246e52914fb023b8ca16573216b2276,9481689,0x03b5D6e6F09834daDe2febe4739348E4B48f26F6,0xf993E10C83Fe26DddFc6cb5E82444C44201e8a9C,1e-06,0.020000009,confirmed
2025-10-24T17:56:42.075961,ethereum_tx,0x7697045b97f6b1df99377086774b1c37d78430fdb7fdaa47356f611ad78a81b4,9481689,0xa764490bbCEE06e6f7a7FB80B6BeE3C11232Df65,0xf993E10C83Fe26DddFc6cb5E82444C44201e8a9C,1e-06,0.020000009,confirmed
2025-10-24T17:56:42.075961,ethereum_tx,0x9a057c6d036c7d00dcdcc0b88cb385eecf37168943d36e3716168bef101b7b89,9481689,0x66ec737EF9Ce6eC3f2D5104AC7A295C3da5eD56B,0xf993E10C83Fe26DddFc6cb5E82444C44201e8a9C,1e-06,0.020000009,confirmed
2025-10-24T17:56:42.075961,ethereum_tx,0x509bdaa28edb83a1f88457cf11c4d24c5cc94e612b7658a7a32fb793907f8d80,9481689,0x4BA56bDa2009816e260921970041d6Eb005D7272,0xC764A997C86dC22B50Eb637626e3f46bfd82534A,0.0,0.001500014,confirmed
2025-10-24T17:56:42.075961,ethereum_tx,0x7a8824ab75fd833eb9e18a16d25ebfb76307b82bd05b8c25aa4d6f9d883a774e,9481689,0xd82a3eF983E92689bE0CdD73aC67E7ac6db38AA0,0x956962C34687A954e611A83619ABaA37Ce6bC78A,2.265526326288e-05,0.001500013,confirmed
2025-10-24T17:56:42.075961,ethereum_tx,0x9a0898f537aef82b889e01967b593be00789b0523f860ce119a5aea7a7070caa,9481689,0xE9d38d02D969DdDB5adC660603Db1F6370a1DB04,0x956962C34687A954e611A83619ABaA37Ce6bC78A,2.041523659268e-06,0.001500013,confirmed
2025-10-24T17:56:42.075961,ethereum_tx,0x39b833045bbe7f8b63ede0ac5636307a863eaa23b5033f1d9739737b3ed6112b,9481689,0x7e62c5e7Eba41fC8c25e605749C476C0236e0604,0xBdCC405C59ED6075088E600f25DF922d76bCcB64,0.0,0.001300011,confirmed
2025-10-24T17:56:42.075961,ethereum_tx,0x643bdccac9aa0831f8213e239e69381a7cceb660841f3291438be7efc283e709,9481689,0xaB3599E71EC894De2A30655345F61DFb910e19e3,0x6A57DF25A62f94152bCc552080EC12c3BB7Ca868,0.0,0.001200011,confirmed
2025-10-24T17:56:42.075961,ethereum_tx,0xbb9182cb7a36b3f0f178eb4f5e697f71b90444a57948362ad8066953627ab419,9481689,0x8F6CBd9C35BD33bD052889Af3649d6a73ec89C29,0x2c3f3421fe7bFB92aa5B1956C8aC06261ACA2D0D,0.0,0.00120001,confirmed
2025-10-24T17:56:42.075961,ethereum_tx,0x7c53a1fe2f76ac91d95e50baf6f59b37d8f05465a4d7fb15f10e4ddee5b35ddc,9481689,0xE4765a5D7335DAd51b3058d0b8eDeE540D149a21,0x83458E8Bf8206131Fe5c05127007FA164c0948A2,1e-18,0.001200009,confirmed
2025-10-24T17:56:42.075961,ethereum_tx,0x633f40fb3711786cd681873cf6d3ec8b0559dca6cb1eb3d551f0cdabc41c57df,9481689,0xE2bdE36E3DEbEdA087A945FA95a6e6E8376035f7,0xCaC524BcA292aaade2DF8A05cC58F0a65B1B3bB9,0.0,0.00110001,confirmed
2025-10-24T17:56:42.075961,ethereum_tx,0x3ba4cf3ea3eb71467ea8c37de8e776aeef45697001e8acdefccbcbd0bb8d2a06,9481689,0xE2bdE36E3DEbEdA087A945FA95a6e6E8376035f7,0x1417178178d35E5638c30B4070eB4F4ccC0aEaD0,0.0,0.00110001,confirmed
2025-10-24T17:56:42.075961,ethereum_tx,0x6c8486d9eb9508696843ecb471a83e3ebc7fb0641f0084d23d431fb3c2875ab7,9481689,0xF3259058C7509deeb1DE67aeECD6A8cbbB4279Df,0xb99B03DE77146403B131BA23220a8d0C59C0B327,0.0,0.001100009,confirmed
2025-10-24T17:56:42.075961,ethereum_tx,0x40e3e33c8af10c85fe562b7c1cb4a4f25fed1b001860854b9a3aaadd9873c452,9481689,0x15095Ec8FB1Fc9C664b3223459dFF43158ACe7aD,0xF53b4FDc5E3AEbD0486e3ccd1d9A0055F17A4413,0.05,0.001100009,confirmed
2025-10-24T17:56:42.075961,ethereum_tx,0x883610f4fab2733f9118930d5e516ce23de47ebdb4fd4056e2e409083420dd31,9481689,0x762fcb5a7DA58481c0ac88C7579ef1fC5527C11D,0x1552573d9cEa305c82F998C120e19c2aF8BFfF56,0.0,0.001100009,confirmed
2025-10-24T17:56:42.075961,ethereum_tx,0x3efc219a6c1d5730049d72610389ff8be1d74dfab435181551a7c1bded773fe8,9481689,0x2D1A477e22F93b66F70a781D1f6aB73C3a62f09b,0xA73aFb610aC79A729A393D679029fCf9618854AD,0.0,0.00105265,confirmed
2025-10-24T17:56:42.075961,ethereum_tx,0x6f0bfd735732bbbb46239509a4ec1d401a369702bccad38baf7332865a35b184,9481689,0x61d8838f9A00250C9AF13D622DA7c08c372ee587,0xCf8EDB3333Fae73b23f689229F4De6Ac95d1f707,0.0,0.001043455,confirmed
2025-10-24T17:56:42.075961,ethereum_tx,0xab3fe8f1da810e2a942ea7bffd4f6c330ed41c08d9515819c6ad288e90ab149b,9481689,0x4495B02d62Bcb31D8a0c3ee8e551ADbf05473676,0x0000000000000000000000000000000000000000,1e-05,0.001000009,confirmed
2025-10-24T17:56:42.075961,ethereum_tx,0x633cfacb0cbcf2496bbd9b808346a0c754c337ff23d8852b9357b9abedb50cc1,9481689,0x525e2dbf955acCe32069a94583256b9e26b7EF08,0x2C513f019F3DAd27D782458378d768376731191f,1.11e-06,0.001000009,confirmed
2025-10-24T17:56:42.075961,ethereum_tx,0x07784f36e4c470df3ea12ac97261ab4d605924ed6f66a966d9da3db98113f447,9481689,0xdB38389b6c34F53C69535f353c29fC4B8f78DB70,0x03C66CB1826BDB0395BF31E68Bf7E873e9564fFB,0.0,0.001000009,confirmed
2025-10-24T17:56:42.075961,ethereum_tx,0x8d1778887f68f11266c7883b7a20965d2ec332140f0bac76694868fee1cefae8,9481689,0x99d4E75e503b2B751a05808CF9b61C1E1629D8f6,0x03C66CB1826BDB0395BF31E68Bf7E873e9564fFB,0.0,0.001000009,confirmed
2025-10-24T17:56:42.075961,ethereum_tx,0x53c3aa69b9a88cb9e9c56a76ff288313e7de4539901e28271f01dfdc9207abb2,9481689,0xd0A76644C5Dcc9Dd735270FB380726b53bE34AeB,0x03C66CB1826BDB0395BF31E68Bf7E873e9564fFB,0.0,0.001000009,confirmed
2025-10-24T17:56:42.075961,ethereum_tx,0xbb7acc8ba60b9ef70257c9049652bc7f93d08a9549c50276bdac69e8e38ca6d1,9481689,0xb25dD38A25d3B5887b6E7cF83918Fd00a8cC9723,0x03C66CB1826BDB0395BF31E68Bf7E873e9564fFB,0.0,0.001000009,confirmed
2025-10-24T17:56:42.075961,ethereum_tx,0xfc489b40e12d1e1ee2d57d2cff9804791a39f22f48d28443583ea72db23d5a54,9481689,0x1fb07d484f9dA0F172f135E5A11aC5D787a206C4,0x03C66CB1826BDB0395BF31E68Bf7E873e9564fFB,0.0,0.001000009,confirmed
2025-10-24T17:56:42.075961,ethereum_tx,0xf3413879c35a619133a6dab541d2b8508a3e7639a29b85b2c7d1f8f6b7a3584a,9481689,0xF06cA1e4D376C57fFc3619Fd041669CB77a4d319,0x03C66CB1826BDB0395BF31E68Bf7E873e9564fFB,0.0,0.001000009,confirmed
2025-10-24T17:56:42.075961,ethereum_tx,0x85ae26f991130fbfbcecc54cc570418585be66ede3d6518bb96773f85ba09c48,9481689,0xfEDd6E7081872B78A58dD047CBcB4D5D8E23a9EF,0x03C66CB1826BDB0395BF31E68Bf7E873e9564fFB,0.0,0.001000009,confirmed
2025-10-24T17:56:42.075961,ethereum_tx,0x0daf8595dca71efcfc2aa9a9b10ee0127604b60b1455bcf53e25bd81cfac3ca8,9481689,0xe1f922bB22fb232dAC357fa54d4E5F6e1E701E28,0x03C66CB1826BDB0395BF31E68Bf7E873e9564fFB,0.0,0.001000009,confirmed
2025-10-24T17:56:42.075961,ethereum_tx,0x11a32922e7d04186145659fb900870e334836b3d1fcc2375a54bb9b45edaff9e,9481689,0xE0C96979e842a090CF68B05A95d8c655A42C2Ff4,0x03C66CB1826BDB0395BF31E68Bf7E873e9564fFB,0.0,0.001000009,confirmed
2025-10-24T17:56:42.075961,ethereum_tx,0xb5f7d13a0406f8a14117433373713c39d30a0a53b4acd7c0fc2722dbd4db36b4,9481689,0x1856Ff9427Ef06017EC602b611Cc63909902e868,0x03C66CB1826BDB0395BF31E68Bf7E873e9564fFB,0.0,0.001000009,confirmed
2025-10-24T17:56:42.075961,ethereum_tx,0x6d88fe2786ca2f5d0bf5d7f975855f85ad218808ef95ab4db1228612942c0943,9481689,0xb3Fb53Aec32a7B31e21d155364E7A7eE9c20A39f,0x87A3effB84CBE1E4caB6Ab430139eC41d156D55A,0.000771,0.001000009,confirmed
2025-10-24T17:56:42.075961,ethereum_tx,0x75b6df844ef076a66210932e442f3b15e3b7c8c3ae950c22125dd1ad6cf4fd28,9481689,0x21bd2b9c258570d3c371E336973F60a72e25b3E5,0x83458E8Bf8206131Fe5c05127007FA164c0948A2,0.0,0.001000009,confirmed
2025-10-24T17:56:42.075961,ethereum_tx,0x2dbb78e9963cb7779ee4a0f8ba1dcaf8a3e412afd53b4e1c3f1e7eb65e5e1984,9481689,0xcD12Ed9b63603bc9685Cda552c0156d9b297b41F,0x87A3effB84CBE1E4caB6Ab430139eC41d156D55A,1.5e-05,0.001000009,confirmed
2025-10-24T17:56:42.075961,ethereum_tx,0xe10357df4bd0e89d2b43fb053b66cdb1e0227f389fbfe0ea1ce1e8df7074ed99,9481689,0x9DA9E546c7DC934EB622c05b9DE9688576711d77,0x08d2b0a37F869FF76BACB5Bab3278E26ab7067B7,5.54e-05,0.001000009,confirmed
2025-10-24T17:56:42.075961,ethereum_tx,0x2ac3b7e17a098e188e2c658c40e8e1f1cedbf52757665d5cd72358662b57e803,9481689,0x58E18B212613778d1f8B10E5eA72eDDa0Ff9bE6E,0x08d2b0a37F869FF76BACB5Bab3278E26ab7067B7,2e-05,0.001000009,confirmed
2025-10-24T17:56:42.075961,ethereum_tx,0xc40d2bbd011d213404a05911a3330c5ceabfbb45d1c6078ac701830999826876,9481689,0x4cB9ac68A2151f14E8242a984b1F1faDb36EBF60,0xC97F5f2FDE4fe6e220069F8D3718bE4FaC7C00f0,0.0,0.001000009,confirmed
2025-10-24T17:56:42.075961,ethereum_tx,0xb470c77a10b6130b51dde4de8994be7f6bc46c9acf0600700e89d32e1a03b2bd,9481689,0x92FB1B341e7Ece393e82b28b1f8Accab2936f944,0x0D3386473DB4f96fa9691f5644137d30f8ee9B7B,5.88e-06,0.001000009,confirmed
2025-10-24T17:56:42.075961,ethereum_tx,0x82fbadb4fd1096a1cf3e6bed8360af4709c812bfb81d52192549d3b9b7547df4,9481689,0x9d84f24065e86E7144175d712B30Df7eE94D4a90,0xa33216da8A8A6d6aEA6f0DB67f2a33a976aAA538,0.0,0.001000009,confirmed
2025-10-24T17:56:42.075961,ethereum_tx,0x5891c400e7c2921fee45073e7531b65fd9b1bc3919cc358f7f4381bf69e824d2,9481689,0x774780b0A4b5a9AC7ED7B926809A164B11C56708,0x853758425e953739F5438fd6fd0Efe04A477b039,0.0001,0.001000009,confirmed
2025-10-24T17:56:42.075961,ethereum_tx,0x6ae7614d7ce49ef4e357862bf83ea44c31bad6c781dec939baacff91e325894d,9481689,0xd154905965C8b18e97Fd22D780d7FD0a564d4B9C,0x87A3effB84CBE1E4caB6Ab430139eC41d156D55A,0.0,0.001000009,confirmed
2025-10-24T17:56:42.075961,ethereum_tx,0x47e6b36b85a3ec48dcaa04138455487350507827935aad5dc948bbde0b0641bb,9481689,0xda6b40AD1b361Cb2229F9794Cc9Ba070b86Ec4Cd,0x485D32dA4a40881CfaDbA127E3F6315aC9d3aE25,0.0,0.001000009,confirmed
2025-10-24T17:56:42.075961,ethereum_tx,0x4803c794afee5b0420b21ec5fc368f8de09f1ac0709782d0d8ed09c53962a6cf,9481689,0x39dEd25Fd1b24069958450E93022bEFC6d442678,0x956962C34687A954e611A83619ABaA37Ce6bC78A,1e-06,0.001,confirmed
2025-10-24T17:56:42.075961,ethereum_tx,0xa1c0a41dd3489d37d73992de8080a6037b08ab65bc7c3cb6617bced3b485f85a,9481689,0x2B833B1095798432BA9379c59535716B27240a07,0x956962C34687A954e611A83619ABaA37Ce6bC78A,3e-06,0.001,confirmed
2025-10-24T17:56:42.075961,ethereum_tx,0x4f949f9de0d3f46b5ab93b8e6bcca1eedc11595abce62e401b5b1ba795fc0f95,9481689,0x417ca7563E46517466F528D3aBe699C4FeaBFfCF,0x956962C34687A954e611A83619ABaA37Ce6bC78A,1e-06,0.001,confirmed
2025-10-24T17:56:42.075961,ethereum_tx,0xb11ff471538bfe094a09542d579e594bc40656ecd46d6a75df4c6a9d36244302,9481689,0x3Dd144d02C1bFb9EEFef56B76FBDB81e7191ceCF,0x956962C34687A954e611A83619ABaA37Ce6bC78A,1e-07,0.001,confirmed
2025-10-24T17:56:42.075961,ethereum_tx,0xbf91ea97c83fc56edb57abf267fd46c91fe26feaa6ac86fc805252408d7d49da,9481689,0xcC05E956be7B2F3AdCD13cc6005C1C87bc3E5F78,0x956962C34687A954e611A83619ABaA37Ce6bC78A,0.0001,0.001,confirmed
2025-10-24T17:56:42.075961,ethereum_tx,0x69a36c5f84ea863bfe83faedd6989d35d6de3f4f20b1d7ca8d6b16d355717319,9481689,0xdcC8dB3296eA8bAF6a7Ae681f4a47CDfEB1A61bD,0x0dBe699e2DA0c5eB5F232f10CE736022C6c85E53,0.0,0.001,confirmed
2025-10-24T17:56:42.075961,ethereum_tx,0xcff06be3d881ebe6a8a3a95a127b261b22e163098e2b76238c94aa5b61109fe5,9481689,0xBa10Ba75CF7673c3BE63c706257A9005d9118Bf4,0x956962C34687A954e611A83619ABaA37Ce6bC78A,0.0001,0.001,confirmed
2025-10-24T17:56:42.075961,ethereum_tx,0xbe689bdf82f7bacbdff8b07268348c35c804ca2a0a54e433c8583b6441a97ee7,9481689,0x0B61fd795242cAED2FEd5DB1c83E8F46D390aFD5,0x956962C34687A954e611A83619ABaA37Ce6bC78A,0.0001,0.001,confirmed
2025-10-24T17:56:42.075961,ethereum_tx,0x50c98c14bb173227bae26ab9e5fa55ad7de18b9618c90cccd492afff65ee6433,9481689,0x6d6b5614Fc87D32C7fa1680205eBcc879600b4B4,0x956962C34687A954e611A83619ABaA37Ce6bC78A,0.0001,0.001,confirmed
2025-10-24T17:56:42.075961,ethereum_tx,0xa0b84c6191f04cffb575435dbfcbf54718c19657f3375c179b051a2f59dc1353,9481689,0x8c30d0B179Ef27F4fC438004E3ffe99C56A279C5,0x956962C34687A954e611A83619ABaA37Ce6bC78A,0.0001,0.001,confirmed
2025-10-24T17:56:42.075961,ethereum_tx,0x2b74cce4927230954070339ad97f980d37181debd3ee274617188ff90bc62ede,9481689,0x7f132C78348c1e5a6b1E271bDf247092aFF9188f,0x956962C34687A954e611A83619ABaA37Ce6bC78A,1e-05,0.001,confirmed
2025-10-24T17:56:42.075961,ethereum_tx,0x058b7b2ee7cb173616c14fefca90327078362723e92b9ee15253f4e54afe91f7,9481689,0x13e6009357AF52E7D564b5914aa97719C8304A28,0x956962C34687A954e611A83619ABaA37Ce6bC78A,1e-05,0.001,confirmed
2025-10-24T17:56:42.075961,ethereum_tx,0x55b964de54171ffd414b1504ee2bf285d60c8dde0338ea412cc7b7ed0f430dc9,9481689,0xF7067502F610fBcFA7158416af7550c0Bb24C020,0x956962C34687A954e611A83619ABaA37Ce6bC78A,1e-07,0.001,confirmed
2025-10-24T17:56:42.075961,ethereum_tx,0x50f4781da87cf9a33b2ab5536098fa91cfe2a494078146a2175d03a210d9b9aa,9481689,0xF8AB8193475Ee88eAA793F9974F913339a07b6c2,0x956962C34687A954e611A83619ABaA37Ce6bC78A,1e-07,0.001,confirmed
2025-10-24T17:56:42.075961,ethereum_tx,0x653334c9f0ca69e545fa7771b2f42f908c941333cec924fd4465be47c2123e74,9481689,0x3BfEf81bc13936f5e3dd5a790E0E8B5cfDc62160,0x956962C34687A954e611A83619ABaA37Ce6bC78A,1e-07,0.001,confirmed
2025-10-24T17:56:42.075961,ethereum_tx,0xad80da202443b6506ec066056d6bc32931e735aebd29f1628647180b101211d5,9481690,0x8d708Fbb28b1F39Ded877972a952C77346df5fcc,0x27Da8735d8d1402cEc072C234759fbbB4dABBC4A,0.0,58.000000009,confirmed
2025-10-24T17:56:42.075961,ethereum_tx,0x9f367a6ddd7e18b7b405caf8f0c48a7c6f21db78b73076cae471b1180de91d7d,9481690,0x5Ba28133250947c830F7240cbc5f0dBfDED8d870,0xcA11bde05977b3631167028862bE2a173976CA11,0.0,3.000000009,confirmed
2025-10-24T17:56:42.075961,ethereum_tx,0x90c9ef110089495a0e5d6fc2fe17397ebdb201b20a7abfd1440b28ff8f698b17,9481690,0x8F23BB38F531600e5d8FDDaAEC41F13FaB46E98c,0xff00000000000000000000000000000011155420,0.0,2.000000009,confirmed
2025-10-24T17:56:42.075961,ethereum_tx,0x722a1d0e33a0d411e0abbd30cda521848fb42c1ba87f26c5608483c4777ad1ad,9481690,0x70E3Fb28e1794bb91D5bCEB7d66b731d0C61Af8e,0x08210F9170F89Ab7658F0B5E3fF39b0E03C594D4,0.0,2.000000009,confirmed
2025-10-24T17:56:42.075961,ethereum_tx,0xc1164b2cd1f3dcaac8a16ab466f0ab679e138420d85f5aecc9c9649ac32c4a0f,9481690,0x6Cc9397c3B38739daCbfaA68EaD5F5D77Ba5F455,0xC62Eb6cFAf2134A9fCaDA2B50f7a5FF2d3698d60,2.30541522,2.000000009,confirmed
2025-10-24T17:56:42.075961,ethereum_tx,0x2a663c7adbcb033fa8b0b3d19b084f7f53255084df74f64ba2a49bb49d58085e,9481690,0x6Cc9397c3B38739daCbfaA68EaD5F5D77Ba5F455,0x93f1931a3D01C766dF5F56D6A35740c67E96E6f0,2.5,2.000000009,confirmed
2025-10-24T17:56:42.075961,ethereum_tx,0xc137cfb1e3bcbb5be4225250c53003c8ac5afe13c1b99ac8f55b97eb7d1eacf3,9481690,0x6Cc9397c3B38739daCbfaA68EaD5F5D77Ba5F455,0x368549462007E0406F122fdC0C1c40D42C9c6314,2.5,2.000000009,confirmed
2025-10-24T17:56:42.075961,ethereum_tx,0xd00ecd39135c0634a7bd0bf9cda26cb3045f2599f347f8005397512266923aa5,9481690,0x24536A113C2696DA0420C4A863EEd11B3e00d7f0,0x49f53e41452C74589E85cA1677426Ba426459e85,0.020114626809736684,1.500000009,confirmed
2025-10-24T17:56:42.075961,ethereum_tx,0xa95844b30e3fb0e3d1d60eb8c03d54095c793cc0c1b1ba98f66b0716aadd0c22,9481690,0x246AA38D568e315aB8416192Fd1Ce215760737c4,0xa621a99FeF816824e9243d10069b67bC895d7B01,0.0,1.500000009,confirmed
2025-10-24T17:56:42.075961,ethereum_tx,0x8e5820ff3df2d031b1f4aefb4a161bd5eef6565d85339cd57b76a9df029a0af4,9481690,0x6A29cc2F73789E2EC36631af9Ba0a86fDe88d96B,0x38C967856d17E900042Af447B3346bfF26C8ed4B,0.002,1.500000009,confirmed
2025-10-24T17:56:42.075961,ethereum_tx,0x28b6e750a1bb3eac3167ed56705b8936933061dd34a5e91526b910b8eb2bee34,9481690,0xC4c153ae43f546d667C7A40Ed6F74Ac5d399C7DC,0x4641C9A61485EAEfFeeDA7FC862eC2B6c7a9D492,0.001507974608476086,1.500000009,confirmed
2025-10-24T17:56:42.075961,ethereum_tx,0xdc3c8c29b14cf8fa6609845b01237efd08b895b9fa6ea4dbd3788cd3c8043581,9481690,0x8b0f32432C71cD9a3e1054Da149524eAD9C50aa1,,0.0,1.5,confirmed
2025-10-24T17:56:42.075961,ethereum_tx,0x17aaa5778f2f5bc556dde00c1f0cd439df991ac07dd73e802ee1fb0e2c4a0675,9481690,0xFDe992231A330Ed7E47948C943f602025f370B10,0x2A4496bbC344414e3bDbE6a8E7c40EF007DAeEd1,0.0,1.5,confirmed
2025-10-24T17:56:42.075961,ethereum_tx,0x191af2c8d032b703ca5586da1ba0dae55c93d73996b5a06242d6b479957505de,9481690,0xF6f1730924532779A21183AABA65A2099D06398b,0xc6255a594299F1776de376d0509aB5ab875A6E3E,0.0,1.5,confirmed
2025-10-24T17:56:42.075961,ethereum_tx,0x0939412285b913c095bb14f607dd12f6e3605394e3fb6f72bf98e2c4abfd5d85,9481690,0x9b8b1d35Ad7a3b129785900114e6778fdff80089,0x2A4496bbC344414e3bDbE6a8E7c40EF007DAeEd1,0.0,1.5,confirmed
2025-10-24T17:56:42.075961,ethereum_tx,0x8ec53788fe93517c14a60828c9b7efbe7a6ec95930e5ff5081911ea458e9c1f5,9481690,0xdedD98af145731AD0696F36d8ef4307b71416385,0x2A4496bbC344414e3bDbE6a8E7c40EF007DAeEd1,0.0,1.5,confirmed
2025-10-24T17:56:42.075961,ethereum_tx,0x4c65d8364eef4aed1c232166543a07b88a788000debe2fef5cc89ebee86aa53f,9481690,0x4ECcfbCD17a99bD48Dc490eECcc9b370DdF452C0,0xc6255a594299F1776de376d0509aB5ab875A6E3E,0.0,1.5,confirmed
2025-10-24T17:56:42.075961,ethereum_tx,0xa63da3160332a50f443f1704c72e2ada050cfd7387d8a629cc50a78db411f4f5,9481690,0xFb24BB2DF1cB9e3f0b7E80ba2aB744F4F77c75E2,0xc6255a594299F1776de376d0509aB5ab875A6E3E,0.0,1.5,confirmed
2025-10-24T17:56:42.075961,ethereum_tx,0xe40dee754082e69176d0a604e860d36f80663ffc79a56b396df521127961b460,9481690,0x7b0D3F61C1C4343D2Ea2e9aeC13cB4a7f04E0A5e,0x2A4496bbC344414e3bDbE6a8E7c40EF007DAeEd1,0.0,1.5,confirmed
2025-10-24T17:56:42.075961,ethereum_tx,0x3fa55ae8063f5dbd704d0b4aa8d316f8a46ffc1003466f64716340e0231c51b5,9481690,0xB51F71d5Bc57d7625980bDcB969706934C96786E,0x2A4496bbC344414e3bDbE6a8E7c40EF007DAeEd1,0.0,1.5,confirmed
2025-10-24T17:56:42.075961,ethereum_tx,0xa61568e604ffb372b817f1d6d95919db6667b80fce1b30e9504d2a34990efb4c,9481690,0x0968a4c3B6B8864d7784f39e88cB025f19EDCd32,0x2A4496bbC344414e3bDbE6a8E7c40EF007DAeEd1,0.0,1.5,confirmed
2025-10-24T17:56:42.075961,ethereum_tx,0xe53df6d224548d4988d0d812e5d639f7a697ddcca545bafd3f0168881396559a,9481690,0xE02E99e4b249358D3Bc6bBD060160C4d4D258B6e,0xc6255a594299F1776de376d0509aB5ab875A6E3E,0.0,1.5,confirmed
2025-10-24T17:56:42.075961,ethereum_tx,0x79a94835d073e16794803a5845fed774fb3b093665c3685ee8aef7c3ecb8c164,9481690,0xD22c6c02920dD8F149182c121c08e19C4a6750C5,0xc6255a594299F1776de376d0509aB5ab875A6E3E,0.0,1.5,confirmed
2025-10-24T17:56:42.075961,ethereum_tx,0x019811e039005dc62d22e136f77cf9e1c9a87f1b1283138e90af979ca8839734,9481690,0x0907eEc7791b1497272fa9CEfCBab83f70F5194b,0xc6255a594299F1776de376d0509aB5ab875A6E3E,0.0,1.5,confirmed
2025-10-24T17:56:42.075961,ethereum_tx,0x6308cf009b053ba68125e897444bf7f29a8ace361f4d992320bdf88d5e6b7c9b,9481690,0x0BB2b05aFb98ddf46126706B40dde1745662bA71,0x2A4496bbC344414e3bDbE6a8E7c40EF007DAeEd1,0.0,1.5,confirmed
2025-10-24T17:56:42.075961,ethereum_tx,0x2378d74dc19d20664a2ef9597dc474bf9763a55b15240319f7996467582f28ef,9481690,0xf5CdC48272D9C22625D455a4C9E9e60eB0cdde48,0xc6255a594299F1776de376d0509aB5ab875A6E3E,0.0,1.5,confirmed
2025-10-24T17:56:42.075961,ethereum_tx,0x90c7546470996aa9698e9a79563067e9cb010b22e750632a9faf7d933154586e,9481690,0x5689c7d8448B93A67666d39326Fc78334FF53F3f,0xc6255a594299F1776de376d0509aB5ab875A6E3E,0.0,1.5,confirmed
2025-10-24T17:56:42.075961,ethereum_tx,0x904b4c109991cde9af0846026109d225a3de6dc2eb4ceb86c3a270c6a0d7239b,9481690,0x838F96368d719fD3765062A9761b1f94A65EBc6C,0xc6255a594299F1776de376d0509aB5ab875A6E3E,0.0,1.5,confirmed
2025-10-24T17:56:42.075961,ethereum_tx,0xbf10e87f0c33ae72f35bfc6d2269e4105ba083fa7c2d1c9a14473fa88c9e489c,9481690,0x383E61E6c059598d9394C4eE217Ba34C2be0f3FC,0xc6255a594299F1776de376d0509aB5ab875A6E3E,0.0,1.5,confirmed
2025-10-24T17:56:42.075961,ethereum_tx,0x4a43a748efae72cd9fe8628e9d6fa8456ac447a4b9487e681aff0401732322a0,9481690,0xd53b2F43fFF96aBc04a3a368F3405aeaDb443CCc,0xc6255a594299F1776de376d0509aB5ab875A6E3E,0.0,1.5,confirmed
2025-10-24T17:56:42.075961,ethereum_tx,0xcc7f024673edc22e5bd407721f4e1f29c2322f62280f7f54426a091927e2666d,9481690,0x3B464a7559d5eb00565f9918734dA859E285D1Bc,0xc6255a594299F1776de376d0509aB5ab875A6E3E,0.0,1.5,confirmed
2025-10-24T17:56:42.075961,ethereum_tx,0xc1d635acaf7f900e35be8dd4df825394a20cc9e63d1774e011269c44402218f0,9481690,0x7e4b0aEc915A5514d01b15966A31c298423E0baE,0x57c5dC670eB6f571bDD8Fc1CF178c46c9A917A74,0.0,1.5,confirmed
2025-10-24T17:56:42.075961,ethereum_tx,0x139774a784f615fec47ee7c0a401d90c107b041afea681d0d13c80fe00274e25,9481690,0x22d72dB063dd9cE6b96bDE48331E6984c1570F38,0x1E59A308BAFAd671F63BA5d440489f0a84bF0F7C,0.0,1.000000009,confirmed
2025-10-24T17:56:42.075961,ethereum_tx,0x750362a75b45b1baaffbe3d19d5d113ac49cdb9b78d1efc191cc8861f08b8b49,9481690,0x4754ca6B3b0e20fbC66157cA7b937Db9f906d166,0x0051A0b15133C135366daeF258F0399799A0862A,0.0,1.000000009,confirmed
2025-10-24T17:56:42.075961,ethereum_tx,0x769bc134692efc88019f26b79de4b449a8f5b8b56d291d8d4df5f77e8eb46a59,9481690,0x8c501130e81E5Cb7D7bFEA95B0B64445a727c9F6,0x00850cff8A032F7bb3C38198C74253e5D9Ba346b,0.0,1.000000009,confirmed
2025-10-24T17:56:42.075961,ethereum_tx,0xdc20cb31883a2d483becda4be6a62a22f2ec86db878924b5e5cf315299ff4af7,9481690,0xe59C24676fBF48f2b3F52dbF4D4938610378B081,0xFf00000000000000000000000000000000048888,0.0,1.000000009,confirmed
2025-10-24T17:56:42.075961,ethereum_tx,0xe4ccd1dfdebd7986512da6a14b03afa68421f338b7d108cf233c98a188174228,9481690,0xF0FEd0C0192539a1076d8BDa1233f414704d98Be,0x00D22efF04CF7d0f5A355A6D9A06E43120398dA6,0.0,1.000000009,confirmed
2025-10-24T17:56:42.075961,ethereum_tx,0x9026d17dba6621e1e9b0778e09f9a544e2432fe5fc5b8eff79e6b3805bf098ad,9481690,0xaC07470Df2E9a22061a64C467d56fD11658e8619,0x6C86Fa0757CD8D31eE4565E8e8E9D4D8E5A9B214,0.0,1.000000009,confirmed
2025-10-24T17:56:42.075961,ethereum_tx,0xe3c4aa90cd19e00d497c3db0fdd64d35d7d7baff6b58b2d9412672ef34d8882a,9481690,0x5433Edc9F6490408a2D01DA6292c18Ead2AaeA6f,0x7976dFd7fB1293F61aD32c4396B89fCB65D07246,0.0,1.000000009,confirmed
2025-10-24T17:56:42.075961,ethereum_tx,0x6a96adc136feebc19554d1e8457e6ae582bc777784154cf579e8c70e52802b56,9481690,0x2D5cD08643086a42b0BCA5Adb1D755e80Cd5FE55,0x71dE1BA3C0C0396Eb5871e8108AA1Cb1dA121Bf8,0.0,1.000000009,confirmed
2025-10-24T17:56:42.075961,ethereum_tx,0xb0383e679e11884625cf69b24e3bbbdfbf62ee053175e9930ee70d7a715b953a,9481690,0xf6720ecB6a647Ea30c6fce74A02127Ac0C5Ae652,0x55414C542b7AD44C56741205757Ec0b7007c64C7,0.0,1.0,confirmed
2025-10-24T17:56:42.075961,ethereum_tx,0x63d61da6eb96fa188a20ba633e08a02af9be3208c38865267faecf4da8c62c1e,9481690,0xDb1d518f67570c67059c95339B624960BBC47bD2,0xF40E9240464482db4B0e95bEAcb14C3dE04C5715,0.0,1.0,confirmed
2025-10-24T17:56:42.075961,ethereum_tx,0x019a9a4cd1f606bcff14c0cdf6ac2e2bab5fffc1d73dbbb46bed3e2d6aa6ae12,9481690,0x6B11535eE91C2076242400e3A8d3188f47C5A032,0xf993E10C83Fe26DddFc6cb5E82444C44201e8a9C,1e-06,0.020000009,confirmed
2025-10-24T17:56:42.075961,ethereum_tx,0x895da4b3f71375e1ebcb36d8963f586d2b90a8d0d98c3a4decae0c1cdd80b3bf,9481690,0x0f9513f099fC88FcE1231bF62802E5c4D4632E0C,0xf993E10C83Fe26DddFc6cb5E82444C44201e8a9C,1e-06,0.020000009,confirmed
2025-10-24T17:56:42.075961,ethereum_tx,0xf3b797155ad5059031745fe177279cf2b5840fa0349876cf8180bcfb901a4635,9481690,0x02D925bf72F76b2CCc4Ce110D970737CA8DEAeB0,0xf993E10C83Fe26DddFc6cb5E82444C44201e8a9C,1e-06,0.020000009,confirmed
2025-10-24T17:56:42.075961,ethereum_tx,0x3f4b0ee42819b849dbb1706e63ed4176aa6f3fde47740e42d8dbf673ab166ba3,9481690,0x0c3759413d3EdcF31426Af9dcA960058f0bc6921,0xf993E10C83Fe26DddFc6cb5E82444C44201e8a9C,1e-06,0.020000009,confirmed
2025-10-24T17:56:42.075961,ethereum_tx,0x8ef13109cbee3bef6ae2e13c2e3c8ca6683a28c62b8b13df6f2c9f14739dc6e6,9481690,0x4BA56bDa2009816e260921970041d6Eb005D7272,0xC764A997C86dC22B50Eb637626e3f46bfd82534A,0.0,0.001500014,confirmed
2025-10-24T17:56:42.075961,ethereum_tx,0xb3493329ea482d72ea1e7135132176ec110ced22a35507be1bee813e8125246a,9481690,0x6d7927C0D236388319864007681BC0C6b844Def8,0x12e1181a741b70BE6A9D81f85af3E92B6ba41897,0.0,0.001300011,confirmed
2025-10-24T17:56:42.075961,ethereum_tx,0x8293578cb7963e37247ad659a3d311c6578ba4afa79f8bc26cd18043c42ffe53,9481690,0xd6F7B4fEbE08454BFE5aF0bE5fD40A2F8Ee80b6c,0x3a5acf46ba6890B8536420F4900AC9BC45Df4764,0.0,0.001250009,confirmed
2025-10-24T17:56:42.075961,ethereum_tx,0xa68cafe84eaacb2f6d1a9d2a5ae60a15d2fdd229974c2ea0476e75b9b02e3bc3,9481690,0xd25DB2Ff2263A31b192EE117eB83E7792C01d58f,0x956962C34687A954e611A83619ABaA37Ce6bC78A,0.00021,0.001200011,confirmed
2025-10-24T17:56:42.075961,ethereum_tx,0x4294308088bdfa403def9d4131249d6ef06303d37a8fa05d08b9c7a570c4b87d,9481690,0xdfe19Da6a717b7088621d8bBB66be59F2d78e924,0x4e59b44847b379578588920cA78FbF26c0B4956C,0.0,0.001200009,confirmed
2025-10-24T17:56:42.075961,ethereum_tx,0x1991e84d60fdea0e4758496255eb1c0d20ef69005ea979b9ef3efd4eb3a1ed1e,9481690,0x52f1984Cd3e46e1214dB222D3Ff63712E7aCEedD,0xaF619b9C406797a30696F495CFF6175B8C9573Eb,0.05,0.001100009,confirmed
2025-10-24T17:56:42.075961,ethereum_tx,0x41a84e7ad9f01366ed55f636476913ce4e894948cc9384e07147a51e4a7e2d92,9481690,0x715d1084b1237Ba6a61447890F282E2505471EEC,0xb5A49949C49dEDD852F9f0f419b17aD2785032db,0.0,0.001052651,confirmed
2025-10-24T17:56:42.075961,ethereum_tx,0xed12bc9b960a4df732fee8742a5786bf9102e757f4928c9a14db9cc6d6aa295b,9481690,0x27A88B8846882507bab868974805339d4c438667,0xA73aFb610aC79A729A393D679029fCf9618854AD,0.0,0.00105265,confirmed
2025-10-24T17:56:42.075961,ethereum_tx,0xe38024bb1842256caa7de3ee9d037dc0ec3562c55acdb6195d9389b991432adb,9481690,0x7cE347ce7dbf3FC95e1abaa6E9994f4217b03764,0xA73aFb610aC79A729A393D679029fCf9618854AD,0.0,0.00105265,confirmed
2025-10-24T17:56:42.075961,ethereum_tx,0x7fb77e60cf1f182d0f59e345b9195141818c17f2f59f1302a9b79fa49236d7a2,9481690,0x2c2ff804eD59BBE2533e0a8210D5a120414D4c93,0xA73aFb610aC79A729A393D679029fCf9618854AD,0.0,0.00105265,confirmed
2025-10-24T17:56:42.075961,ethereum_tx,0xbd4698e071ba6edfb4aa7359b9e86d0d1db97981ce030e7956806c8810eb10d9,9481690,0xf8890393ba7a5b3f48c82AB514a6348CFF8C5548,0x7215691F60C4fA7Bb82c5Ac44c7d57dc32bB0493,0.0,0.001052641,confirmed
2025-10-24T17:56:42.075961,ethereum_tx,0xd9f0eabba74cf8085c8d6d732efe162f4517d3b4eed2d93d48612cf81193139d,9481690,0x61d8838f9A00250C9AF13D622DA7c08c372ee587,0xCf8EDB3333Fae73b23f689229F4De6Ac95d1f707,0.0,0.001043455,confirmed
2025-10-24T17:56:42.075961,ethereum_tx,0x64dfccb97a4edc3d92d5f24fe2b29a56058b0ca7f813fe9f063c77008b97bdff,9481690,0x61d8838f9A00250C9AF13D622DA7c08c372ee587,0xCf8EDB3333Fae73b23f689229F4De6Ac95d1f707,0.0,0.001043455,confirmed
2025-10-24T17:56:42.075961,ethereum_tx,0x8c084559bf29f14e0686de81dfb454946c7625c99f989721def520255eff7ccc,9481690,0x0B0e2673A1CE96a115c2c53e1304eD4640294856,0x08d2b0a37F869FF76BACB5Bab3278E26ab7067B7,4e-06,0.001000009,confirmed
2025-10-24T17:56:42.075961,ethereum_tx,0x927bd20cdd859d36560da2369498a54ae9a397847e15530add782e94d75f28f5,9481690,0x6d50EDC485a5c5C8E57e45994de1C8f8A11A7cee,0x91bD435B7aA866c48b905F3e0dd12503E52A4530,4.4e-05,0.001000009,confirmed
2025-10-24T17:56:42.075961,ethereum_tx,0xf1b4d0c91b77fa615f7e98a64d116784f490c2dc8b342c6175e6440fca297c9a,9481690,0xBf389beCd498E1a07bd011489F6982DbC7E31897,0xFb13dE1C5aC28fc8335Ec5721b06eB4eA6e3897b,0.0,0.001000009,confirmed
2025-10-24T17:56:42.075961,ethereum_tx,0x135c0e9a270d9336ded623c4f6ad84c4c36e870322ce47dd7314914832c540d0,9481690,0x83359747324E83eAAa596C7414D80365Bd75438A,0x1c7D4B196Cb0C7B01d743Fbc6116a902379C7238,0.0,0.001000009,confirmed
2025-10-24T17:56:42.075961,ethereum_tx,0xe86306f0953689b1b5a69095d4b639fe6a474b952ff7a83f9fb77471c127034e,9481690,0x28aaE15FE3f78Bb080DEB92D4E46a5b86f6D615C,0x03C66CB1826BDB0395BF31E68Bf7E873e9564fFB,0.0,0.001000009,confirmed
2025-10-24T17:56:42.075961,ethereum_tx,0x1cc9105d4c7a36511718c57e6355ce711b109b4201d6eab472f7d822414d213b,9481690,0x246b428213A676fd41AfD989479fC664402484B2,0x03C66CB1826BDB0395BF31E68Bf7E873e9564fFB,0.0,0.001000009,confirmed
2025-10-24T17:56:42.075961,ethereum_tx,0x6ea9304a487acf6feb3a0ebe0a74370d2efdae35f5d575db67de60ebc7843ce3,9481690,0x4495B02d62Bcb31D8a0c3ee8e551ADbf05473676,0x0000000000000000000000000000000000000000,1e-05,0.001000009,confirmed
2025-10-24T17:56:42.075961,ethereum_tx,0x86960bf0bb8d2f0b446f5e8217ca7919e23fd9ed3db4e72b7fddb59eb236aa49,9481690,0xCFD0E33d1E9b12F777857E095310a7e320d09EE9,0x03C66CB1826BDB0395BF31E68Bf7E873e9564fFB,0.0,0.001000009,confirmed
2025-10-24T17:56:42.075961,ethereum_tx,0xeaaf2b6d41b84930c643e43c6bb120964c4200e4b299b3ca20e25ad692601bb0,9481690,0x905c16e089Ccc473d5bd41DDC4960a68D0D0908E,0xeF2E622B08bb169e78DAcc22dB0FEdf69bE79BBF,2.08e-06,0.001000009,confirmed
2025-10-24T17:56:42.075961,ethereum_tx,0x1b535b69d51d5c12abf39c0ff4bf5a5894bc6c5bf2ff0e51a1f14c46b73e3b5d,9481690,0x4cB9ac68A2151f14E8242a984b1F1faDb36EBF60,0xC97F5f2FDE4fe6e220069F8D3718bE4FaC7C00f0,0.0,0.001000009,confirmed
2025-10-24T17:56:42.075961,ethereum_tx,0x4da443904a295ef0e0dd328ca74be3162d292fdddfbe3f1e8f18b97d72c938fb,9481690,0x3Da763C42E438eB17880fB6A83040d6cf13eF03b,0xFf00000000000000000000000000000000042069,0.0,0.001000009,confirmed
2025-10-24T17:56:42.075961,ethereum_tx,0x7fb0801df3bdc90d62726bbe00c2816140dc471456b53f8dea22b898130011f9,9481690,0x95743D797a0e9D51882B7BDb66D678977C156Af4,0x03C66CB1826BDB0395BF31E68Bf7E873e9564fFB,0.0,0.001000009,confirmed
2025-10-24T17:56:42.075961,ethereum_tx,0xf54e791f7d67fd945e4ea0753ab636e031163b713a6f37077f81dc0a1fa3cf81,9481690,0x1EC9310827910A27834c1d9318e8afd6d0BB980e,0x03C66CB1826BDB0395BF31E68Bf7E873e9564fFB,0.0,0.001000009,confirmed
2025-10-24T17:56:42.075961,ethereum_tx,0xa918688ca8bd4f0949ccd11fc0e12e1d18b406413e60a58cab56f6d33775c1a2,9481690,0x2Dea4c66594a0cf7c115662194c6610599939876,0x03C66CB1826BDB0395BF31E68Bf7E873e9564fFB,0.0,0.001000009,confirmed
2025-10-24T17:56:42.075961,ethereum_tx,0x0176ff6abf45144207a4dc9ff4d5feed9bef0e56ae9c23032400cad579bda5b3,9481690,0x4F72121e14CbcbaF3E9b5FCFD949dab864CD7637,0x03C66CB1826BDB0395BF31E68Bf7E873e9564fFB,0.0,0.001000009,confirmed
2025-10-24T17:56:42.075961,ethereum_tx,0xbd18ce7e1cd1030f8e3d6a678d450a101ef09c5f68f03870b7b1888f15d8cd5e,9481690,0xA47a69990033271FAffBB3D7Eb32463ce34BAB90,0x03C66CB1826BDB0395BF31E68Bf7E873e9564fFB,0.0,0.001000009,confirmed
2025-10-24T17:56:42.075961,ethereum_tx,0x73580b4c7b69f82a99b2817a84f909912f535fcd075d2716daf660cf40ecbcd4,9481690,0xB4119105dFacBC7D14689dD29bBc6986d1341731,0xcA11bde05977b3631167028862bE2a173976CA11,0.0,0.001000009,confirmed
2025-10-24T17:56:42.075961,ethereum_tx,0x65ec963f34ce77a231fe0fa1e8fde2f811dfb537e3e6ab07688601a74c4b0405,9481690,0x8FB89787ED83e4ce1159a942321A052E93D1F82F,0xc6BD470A7505ecC7787067C8f1AC391A63929890,5.8e-06,0.001000009,confirmed
2025-10-24T17:56:42.075961,ethereum_tx,0xfe1a8634577c02e570fd78a3fad5877a2ec8957e277eed64c51145466032eb47,9481690,0x3B278BEB3038Abe7Fc62698570Ef283E98F5fEb6,0x03C66CB1826BDB0395BF31E68Bf7E873e9564fFB,0.0,0.001000009,confirmed
2025-10-24T17:56:42.075961,ethereum_tx,0x407ba9f625f886f16fff8b9f6ede25a7aad13fad93851e66c684700b809f2fbb,9481690,0x53BB8a73b62906274fC9ADd6507818B672536960,0x87A3effB84CBE1E4caB6Ab430139eC41d156D55A,0.0,0.001000009,confirmed
2025-10-24T17:56:42.075961,ethereum_tx,0x9c9195467330e10d563f898f6f5012b7f72e01211015bd68ebfaddc9e0d03227,9481690,0x11a292A0DB24F83dB356D48AB38573F8c4BCcDB8,0x03C66CB1826BDB0395BF31E68Bf7E873e9564fFB,0.0,0.001000009,confirmed
2025-10-24T17:56:42.075961,ethereum_tx,0x67514ab8161b9d92fba7a61610279e40c47da31eec0d791830f32931cb560cfd,9481690,0x13d90163d0Ce4fc3cFe215875E1b9Be6FEceE567,0x4E45e606Fe9AAFCc4D03CfeC1FD1F9a3340aE704,1.78e-06,0.001000009,confirmed
2025-10-24T17:56:42.075961,ethereum_tx,0xa0851cc09a714b252af0e13518c3015d60887ced11cfc540eb5fb5c1c9e5dbf8,9481690,0x3Da763C42E438eB17880fB6A83040d6cf13eF03b,0xFf00000000000000000000000000000000042069,0.0,0.001000009,confirmed
2025-10-24T17:56:42.075961,ethereum_tx,0x3baea268aec4c781b6fbc7da295e27f311df38aa277614959ab32ca3aea241bd,9481690,0x5d72984B2e1170EAA0DA4BC22B25C87729C5EBB3,0xd4116f515A6958da851080B390DDE4B81f408978,0.0,0.001000001,confirmed
2025-10-24T17:56:42.075961,ethereum_tx,0xdf967ae354785c74c4c1c4caa4a5da0f11b4a929e443112872eb298853612a46,9481690,0x0d22b9e63712F00648071f38fBEcf5B97a4803dE,0x956962C34687A954e611A83619ABaA37Ce6bC78A,1e-06,0.001,confirmed
2025-10-24T17:56:42.075961,ethereum_tx,0x1a7c677d0a780aa4ccc773d78b29448ecdcafae5d378bffeb5db76ca26a81495,9481690,0xd2f4a061fb5b03170C5abBF7bd8161C50A69bcE3,0x956962C34687A954e611A83619ABaA37Ce6bC78A,1e-07,0.001,confirmed
2025-10-24T17:56:42.075961,ethereum_tx,0x6ab100b638a468d662b9e7ac2cac5162565077b53fce7f78da70287be506abf4,9481690,0xceaC05CE0068B7aC96968839eBA306501272Bb92,0x956962C34687A954e611A83619ABaA37Ce6bC78A,1e-05,0.001,confirmed
2025-10-24T17:56:42.075961,ethereum_tx,0xf1a18ed869f6d05984bed0f77bc19f39d6047b312dbe58c97c86d2cdf60b0faf,9481690,0xa4805028337F9D084CeF6dFB0fcf6F3D46b27041,0x956962C34687A954e611A83619ABaA37Ce6bC78A,1e-06,0.001,confirmed
2025-10-24T17:56:42.075961,ethereum_tx,0x6022bc659e6f361eb51dbca8a5725b067bb20a1864799f8bb833c7a6d6311fd7,9481690,0x2bF78d2268Ed1776E41323D6A5aE694d8c8F7968,0x956962C34687A954e611A83619ABaA37Ce6bC78A,0.0001,0.001,confirmed
2025-10-24T17:56:42.075961,ethereum_tx,0xb57b24ed25e6690f0c6029eb5ae66c04e534a4124c2aba6f34f87875c1dfd31f,9481690,0x10B87BB7305065D1f891f0EaF781Ac7B42eFc157,0x956962C34687A954e611A83619ABaA37Ce6bC78A,0.0002,0.001,confirmed
2025-10-24T17:56:42.075961,ethereum_tx,0xc83fd76cddd60be6574856d6b1facac93285e5cb81f229e1519f5a42cae67094,9481690,0x4762AF5868dCb9c59B3F8cA8d701C603c1E6BA3F,0x956962C34687A954e611A83619ABaA37Ce6bC78A,1e-07,0.001,confirmed
2025-10-24T17:56:42.075961,ethereum_tx,0xb5c0c2bf8f458f8ff35012e74888da21e7336319d562c28e890f88583106e1ad,9481690,0x6d6b5614Fc87D32C7fa1680205eBcc879600b4B4,0x956962C34687A954e611A83619ABaA37Ce6bC78A,0.0001,0.001,confirmed
2025-10-24T17:56:42.075961,ethereum_tx,0xe0e5161edb58d28d361e2788f4e65d3caee52b53b9e0bd70614caa1277588da5,9481690,0x8Dfe90E5a0E285741723cdDEa9615ECbF6E2A2cb,0x956962C34687A954e611A83619ABaA37Ce6bC78A,1e-07,0.001,confirmed
2025-10-24T17:56:42.075961,ethereum_tx,0x28d95849a944196755ddf5215cb789440bff5c4001bec5db26640ac6642f5d06,9481690,0xdFDD63D4a89f5D868f7dDBBc0CcbbB4ADaa6E0e4,0x956962C34687A954e611A83619ABaA37Ce6bC78A,1e-05,0.001,confirmed
2025-10-24T17:56:42.075961,ethereum_tx,0xd2add82d9cc875aa883e4cd216fada5e60486a5765fe479b6b243e45697281e0,9481690,0x7f132C78348c1e5a6b1E271bDf247092aFF9188f,0x956962C34687A954e611A83619ABaA37Ce6bC78A,1e-05,0.001,confirmed
2025-10-24T17:56:42.075961,ethereum_tx,0x82b0d8e6d6729b2c9d5ede9ca15741bd5545d2bfa5578b278d874bf7f807e752,9481690,0xDA4bc6D9f9E8676502538C7476901CB4c891bc04,0x956962C34687A954e611A83619ABaA37Ce6bC78A,1e-07,0.001,confirmed
2025-10-24T17:56:42.075961,ethereum_tx,0x41fe33afb61573012ea11421b36a06dcd180954478b067290d4b765474a71284,9481690,0x7E503029C6410f7859759E9afC2c18bF7C5A4954,0x956962C34687A954e611A83619ABaA37Ce6bC78A,1e-07,0.001,confirmed
2025-10-24T17:56:42.075961,ethereum_tx,0x188aaa742f30559fa66ddbdd8146f4aa3a58208f57543a52b6a3d80cd4c62add,9481690,0x8356B1EE8Ab99dE3583F0A01e2d247959B665173,0x956962C34687A954e611A83619ABaA37Ce6bC78A,1e-07,0.001,confirmed
2025-10-24T17:56:42.075961,ethereum_tx,0x971c3968e7cb3d511d0032f2ffc4b394bda932988d5cff9728e61366b8a791a8,9481690,0x417ca7563E46517466F528D3aBe699C4FeaBFfCF,0x956962C34687A954e611A83619ABaA37Ce6bC78A,1e-06,0.001,confirmed
2025-10-24T17:56:42.075961,ethereum_tx,0x5d64688e6d9f0eff0a1d69941e56c2ad65b41ba9b1ea858dbd80f3c532b7dade,9481690,0x73103b4CE81eDEEe1D252d349E61E8206e54b9aF,0x956962C34687A954e611A83619ABaA37Ce6bC78A,3e-06,0.001,confirmed
2025-10-24T17:56:42.075961,ethereum_tx,0x9f250e6420c7b2c1e548f7a496891b08c6593579e5b0cf7bba8422607e202909,9481690,0x0Af5254180351A7D1c4FCA40671538fB2aB9e672,0x956962C34687A954e611A83619ABaA37Ce6bC78A,0.0001,0.001,confirmed
2025-10-24T17:56:42.075961,ethereum_tx,0x525d1ca9a2dd0f11585926a46fefd93933c40117ba63277d6664af02f3cb889a,9481691,0xc5727266056f47bf06d450d80DAF69C59Bc7870d,0xcA11bde05977b3631167028862bE2a173976CA11,0.0,3.000000009,confirmed
2025-10-24T17:56:42.075961,ethereum_tx,0x1888d98b3c97476b3e2256a3636fdb715142de10568da450483e0d34ba178091,9481691,0x94eDC8E0D150Ca41Ab78F479dCd202458C9375bF,0xc6255a594299F1776de376d0509aB5ab875A6E3E,0.0,2.5,confirmed
2025-10-24T17:56:42.075961,ethereum_tx,0xbeb26dd970bc4491475379d2b0bd386dfabb2f1155e7fdf3ecb44b5f83d21d10,9481691,0xfC1088eeaBC37E2B04A2E11631B4E8E81523e67E,0x1AF93eEDC780803A49965d27Da72A3ad70042B0b,0.0,1.000000009,confirmed
2025-10-24T17:56:42.075961,ethereum_tx,0x7d2dc3e1bd74678eae7f974c1c6e00bd2d2ad630b51bcb8ca57fff3a2aa5a8dc,9481691,0x53646D2A54dF1dcA4Ea2Ac66A6279f91C976dF56,0xcFa550148Dd885643e706996D252b717980a3dB7,0.0,1.500000009,confirmed
2025-10-24T17:56:42.075961,ethereum_tx,0xe467d4d43bcbea0cfaa40bfd8f43a83400abc7446314bd4b7c7e7da7a306119f,9481691,0xFb24BB2DF1cB9e3f0b7E80ba2aB744F4F77c75E2,0xc6255a594299F1776de376d0509aB5ab875A6E3E,0.0,1.5,confirmed
2025-10-24T17:56:42.075961,ethereum_tx,0xcc6a2cdbc76d16a6411f036c4f8ce77dbf8f7a1e6e6444b86b3b9c54637e65b3,9481691,0x0907eEc7791b1497272fa9CEfCBab83f70F5194b,0xc6255a594299F1776de376d0509aB5ab875A6E3E,0.0,1.5,confirmed
2025-10-24T17:56:42.075961,ethereum_tx,0x18655461c45f83c9cf336611789a3769db8e304853e1f93c66c3fc22cb6c4150,9481691,0xDaeC823329018d0c52f06399Af85f618CE084A5E,0xc6255a594299F1776de376d0509aB5ab875A6E3E,0.0,1.5,confirmed
2025-10-24T17:56:42.075961,ethereum_tx,0x475f600c94ecddf893b4f274bb3ad95b0bc8cd900ee558084d8ee224f4f022ea,9481691,0x1342AB509342Ce666289e5030570eaA31ab50CC0,0xc6255a594299F1776de376d0509aB5ab875A6E3E,0.0,1.5,confirmed
2025-10-24T17:56:42.075961,ethereum_tx,0x16fadaf0d28ef1bd7a04567fed2fcc6c4de5da6f0a0e0355c384382c3dc6b9ef,9481691,0x5689c7d8448B93A67666d39326Fc78334FF53F3f,0xc6255a594299F1776de376d0509aB5ab875A6E3E,0.0,1.5,confirmed
2025-10-24T17:56:42.075961,ethereum_tx,0x0c7a99ff5fb82196198b31f18aa863be8ebbeed8a78af247b00679beb8f46550,9481691,0xaC56BEED1FCa1878621091c540a3d811D1DE8Dc9,0xc6255a594299F1776de376d0509aB5ab875A6E3E,0.0,1.5,confirmed
2025-10-24T17:56:42.075961,ethereum_tx,0xbe9e0104b2920e744319aff47792e7c620118a898738abfa39470a499a743228,9481691,0xE02E99e4b249358D3Bc6bBD060160C4d4D258B6e,0xc6255a594299F1776de376d0509aB5ab875A6E3E,0.0,1.5,confirmed
2025-10-24T17:56:42.075961,ethereum_tx,0x64b75a1d23abb6dff8d87ba9a3f939b623a6609faab521b476db2a8c7ca45cd9,9481691,0xd53b2F43fFF96aBc04a3a368F3405aeaDb443CCc,0xc6255a594299F1776de376d0509aB5ab875A6E3E,0.0,1.5,confirmed
2025-10-24T17:56:42.075961,ethereum_tx,0x4844b95e250fb4a625ba6a6dcb1e1ccb8e2af24ede62127aa57294a73deb5c6d,9481691,0xAC346feDd3214ff200CB8DE8f8cb0BB5b3928224,0xc6255a594299F1776de376d0509aB5ab875A6E3E,0.0,1.5,confirmed
2025-10-24T17:56:42.075961,ethereum_tx,0x19c175a2f032d82cf36608d940e46881471e3e5c2093fe7a4b09ef0bfec61aae,9481691,0x3b57d020281b5f014880977f57eE5b6991933101,0xc6255a594299F1776de376d0509aB5ab875A6E3E,0.0,1.5,confirmed
2025-10-24T17:56:42.075961,ethereum_tx,0x69f25f9a11706de56c58b524d779c97c4a48cbc6ffc05e05e8531b69058b5b71,9481691,0x4ECcfbCD17a99bD48Dc490eECcc9b370DdF452C0,0xc6255a594299F1776de376d0509aB5ab875A6E3E,0.0,1.5,confirmed
2025-10-24T17:56:42.075961,ethereum_tx,0x2f0d8a7f23b5fb6acb749f1f141c74cd1db80b26f7a3d5dd0e48e7d67d7e6bb0,9481691,0xF6E1e7F056c42A23368e51c1EAFd14601BBc0210,0xfD4559b473fbcEABc0F68631646d6CEadF7B7040,0.0,1.000000009,confirmed
2025-10-24T17:56:42.075961,ethereum_tx,0xc6fc7bd53ffa5bef991e9c2c937339da0098c35e4d58dbb0172b7459045f3ead,9481691,0x49180059AF02dB7660A3d09d7796459b0F181a69,0xFF3108624ddFd2f18F41Fb62ccbBcdC3b1d6e39f,0.0,1.000000009,confirmed
2025-10-24T17:56:42.075961,ethereum_tx,0x3f3a2ac0dc485aded3dfa21875624a3c4a59b8eb07989456c6dbdf232b6be7e0,9481691,0xDb1d518f67570c67059c95339B624960BBC47bD2,0x55414C542b7AD44C56741205757Ec0b7007c64C7,0.0,1.0,confirmed
2025-10-24T17:56:42.075961,ethereum_tx,0x9d68f120d4f34523a39d8a7aac0e85216380e154b942af848385e2ecf17acca5,9481691,0x3C95c2633296B264d051498C4b2e982EbB526A53,0x3C95c2633296B264d051498C4b2e982EbB526A53,0.0,4.1,confirmed
2025-10-24T17:56:42.075961,ethereum_tx,0x5b68c48cd0e388aa35251ce6772ce98880cce121e7a26e75110425dff64d4601,9481691,0xA585307640E0b3cb1a72F6ad8E1Cf28fC427936e,0x00B70ea669AAf6803f8FbC064C347B2dc60dc6c6,0.0,1.000000009,confirmed
2025-10-24T17:56:42.075961,ethereum_tx,0xe1d70a07dee0b3d1196c1b16b2580c529cac41b21ccfae40968d980fb116c54a,9481691,0xAA397907a6a1DBF181715a282C95E522B84c9375,0x38528f56a7Cd7c3688830bAe68373360b0489033,0.0,1.000000009,confirmed
2025-10-24T17:56:42.075961,ethereum_tx,0xdb1ca7044a1cd129152f59ab14db7548aa461391bb4c15213a15f39cfeb5d6e7,9481691,0x568921948c5Cb18D7ffbD4b31422Ab22197880A4,0x297F9E629fEBCB455aaC2208d36BD85a6eD5fa87,0.0,1.000000009,confirmed
2025-10-24T17:56:42.075961,ethereum_tx,0xb25ce6dd55cd9cfd9d0430e75103059aa2da17a070443749dbf16303195f92a3,9481691,0x48BcB4065C0D9194aDa8EDd7FB3E6d8c8C5abBBc,0xBB478d897ffF53fC09a52Dade83032c612F48c93,0.0,1.000000009,confirmed
2025-10-24T17:56:42.075961,ethereum_tx,0x46e88c98b052c3364efc1cb364bf93ab08afd147b7efe72402f079f804189e11,9481691,0xF33827175e9414dfa1E4f0827F106359F6b52AB7,0xea86b43278159379686B220b0f858086e631cE1e,0.0,1.000000009,confirmed
2025-10-24T17:56:42.075961,ethereum_tx,0xf6c849a9a577b09d789bd587b7866e8c2c230d6861343420b0e16325aa1b8662,9481691,0x001C124488545022f32c963CAFA2CEf7fCb2796F,0x5627B89Ec33CEce4D22Cf99d6C775490de31d18D,0.0,1.000000009,confirmed
2025-10-24T17:56:42.075961,ethereum_tx,0xbdb66ba585f37fb2466197887dd2d3ba6e3c8e8f92aff767f8f4cddf00a8e349,9481691,0xc73989a83428A68B951d3607dD9FC594EE481836,0xc497E485C414dB594F0030fa6C32365578C7E99E,0.05,1.500000009,confirmed
2025-10-24T17:56:42.075961,ethereum_tx,0x2abfbc2ad9a047118385aed7bdaa47a9e1e2d39eff90b3ee1bcf03a0d1974130,9481691,0x262d4206D696b904F9cFf91C21152724A8850203,0x57c5dC670eB6f571bDD8Fc1CF178c46c9A917A74,0.0,1.5,confirmed
2025-10-24T17:56:42.075961,ethereum_tx,0xaaac75b1f66262923bffc02d7b5d8cf15972664a3ca70dd5718a5016b6369eab,9481691,0xB1bEd2E4081d86F3199B08a2aa3CE2959e9272ab,0xc6255a594299F1776de376d0509aB5ab875A6E3E,0.0,1.5,confirmed
2025-10-24T17:56:42.075961,ethereum_tx,0xcbdbc08da202ee77dd114037cff8a80d589e4e5da4977c6952cf6d62d79d8f60,9481691,0x78a6304E9dED5A9cbBBa2D85CD1E3A20e0f68193,0xc6255a594299F1776de376d0509aB5ab875A6E3E,0.0,1.5,confirmed
2025-10-24T17:56:42.075961,ethereum_tx,0x8a03938793fd73c41ebfb5028065ed2e6daabb70f41e3130d96937d490f955b2,9481691,0x325c27390487Cb3E72727686B0b9c5f020521B2B,0xd110672E48c5B29ca911821539b7F202F3d6a9BD,0.0,1.500000009,confirmed
2025-10-24T17:56:42.075961,ethereum_tx,0xf7cace579a6d2de70861346fc038fc32b19d5e57c74481eef1a2ae1e0fd32035,9481691,0x8f937B3BE78aE12702173698ed00a522bBBA0570,0x2A4496bbC344414e3bDbE6a8E7c40EF007DAeEd1,0.0,1.5,confirmed
2025-10-24T17:56:42.075961,ethereum_tx,0xdc62667136359ba2a85c08495bc510aed0c9c2474d5a66a6659920e3a970131b,9481691,0x85AA16B0a6eA346138eAA7D0c041195E624Bf7d4,0x2A4496bbC344414e3bDbE6a8E7c40EF007DAeEd1,0.0,1.5,confirmed
2025-10-24T17:56:42.075961,ethereum_tx,0x92762f6ffc7b42b484a50fe7acced8138495ba97cc5e1a37eb46089f5afc77f1,9481691,0x9A3ff835AD7F3fBC63d7D61D35a5092532B42002,0x2A4496bbC344414e3bDbE6a8E7c40EF007DAeEd1,0.0,1.5,confirmed
2025-10-24T17:56:42.075961,ethereum_tx,0x8ee78079cd596f927b75bd4466c4808e6de6a777aac650afb0544a5a08676a49,9481691,0xce36791143F2d0Bb994A3bd58776BCe6F252fFB9,0x2A4496bbC344414e3bDbE6a8E7c40EF007DAeEd1,0.0,1.5,confirmed
2025-10-24T17:56:42.075961,ethereum_tx,0x6f4d35759cf134844ec8f04b4ec9db853a6c2d345528f6baa4ed67575892940a,9481691,0x5DA8eF4603D0a59acb9B0BD73a72E1ee468A44Dc,0x2A4496bbC344414e3bDbE6a8E7c40EF007DAeEd1,0.0,1.5,confirmed
2025-10-24T17:56:42.075961,ethereum_tx,0x69e9d2f2d48000d39b0a6bd7f977ebd5a3f54c5571da1993822d8aa1faeb3782,9481691,0xcc820Db61cAc455AB7769315b5b911871321C18C,0x2A4496bbC344414e3bDbE6a8E7c40EF007DAeEd1,0.0,1.5,confirmed
2025-10-24T17:56:42.075961,ethereum_tx,0x360c290d14cc3bb81eebef4f44b33a55fbc4d7e20af0001615c8e4f47d711373,9481691,0x90a68c096e1fb46eDCb1081ef4EdE7d5547Bb65e,0x2A4496bbC344414e3bDbE6a8E7c40EF007DAeEd1,0.0,1.5,confirmed
2025-10-24T17:56:42.075961,ethereum_tx,0x96b1550f0a3e77ce0e20983ba70928f6f1556d1aeefad36edbbb3d71432be39b,9481691,0x6Cc9397c3B38739daCbfaA68EaD5F5D77Ba5F455,0xaF1Abe9b6F617D7D308cE97bfD3aa3f36199E9a8,0.14405305,2.000000009,confirmed
2025-10-24T17:56:42.075961,ethereum_tx,0x00cde1c462eb88cb045653582c44d2f96a230e368ed8ac03e2a1dc38e89bfcb6,9481691,0xCAe48CC52Cb22Fea40077434DBDd3BbA56eE1A03,0x000D51c298a9B0AcbDa440e1dd2E0812d7790e3f,0.0,2.000000009,confirmed
2025-10-24T17:56:42.075961,ethereum_tx,0x017458b1e98f5927a5ed632fbf8fc38581a305e3c03869a6c13646a7c2a1d0f1,9481691,0xB70C8Ba967B7c4d26661D1cF29d520651A97Dd3f,0xF2ee61b324d2DD1E52b83d7E0b0232b6034DC349,0.0,1.000000009,confirmed
2025-10-24T17:56:42.075961,ethereum_tx,0xab2e0c19db9fd2dc5d13e49656261ea2f5fa51ea1900032eb61f798855bae801,9481691,0x8C8F454cf7E5dd0dD2Edf91e37ecEB91Db0Ca850,0xBC04d69Ecd7890699b2BE7924eA86474e15098E6,0.599968499999874,1.500000009,confirmed
2025-10-24T17:56:42.075961,ethereum_tx,0x33564980b3d2e71d5e600e69681a8e1fa2747e3bcba909297a97bb4c1c9738e6,9481691,0xc150eD8eEe9B61a8dA1f2BaCE3087CA845d1Cb81,0xc150eD8eEe9B61a8dA1f2BaCE3087CA845d1Cb81,6.66e-11,1.500000009,confirmed
2025-10-24T17:56:42.075961,ethereum_tx,0x06ced3c03e061a233feb142c33372f258a5b03f266f190eefbb8279fbe983610,9481691,0x6adbFB2d5D377612c5D3Fd9373934FbdcEaC160F,0x96292c0D92e2E0632979b7d0492615C6D1C776B2,1.02e-05,1.5,confirmed
2025-10-24T17:56:42.075961,ethereum_tx,0xd2522b4aadea30fa551be8bf3b34616280c7fa6b22decdf132367dde661e6152,9481691,0xF0FEd0C0192539a1076d8BDa1233f414704d98Be,0x00D22efF04CF7d0f5A355A6D9A06E43120398dA6,0.0,1.000000009,confirmed
2025-10-24T17:56:42.075961,ethereum_tx,0x8890dd63a86cd0956b98a06a6480e644628bed967148b684037747444f1ad7df,9481691,0xF849bb920fAfb4f287913c2BE5e55ed4d0B5F4f4,0x07102378f11c8bC64532AcAfD7E4281595a449D3,0.0,1.000000009,confirmed
2025-10-24T17:56:42.075961,ethereum_tx,0x9ad8ce587a6abc4fba050ebb27c93b817f5b8356a369b11a54201cbd298f1823,9481691,0xD83521318d257FAe59653Bae2E7324BC439768f9,0x0086f467a502506B801283378f9366721b3b67dF,0.0,1.000000009,confirmed
2025-10-24T17:56:42.075961,ethereum_tx,0xb13203ac0c3bb9cf3318e07e75b84565a6cc2e23f1c5b81ad20e0de56e4c8fdf,9481691,0xdd67626d2eFB7ABd2b59547319934BD8Ec0709aD,0x00b9ba58Cb6b373fF29445d6b15eE9f7ef2126BD,0.0,1.000000009,confirmed
2025-10-24T17:56:42.075961,ethereum_tx,0xa2b618516001c3fd0e833b18b3070768088957cfd91f23264059313580419441,9481691,0xD4f5deBfbAF8afF0CA6e641B87fE29812F6F6CF5,0x5335b803b8CcEBD07f29A5cff0bc994785945393,0.0,1.000000009,confirmed
2025-10-24T17:56:42.075961,ethereum_tx,0x6e95b76a76c483bd9ff1ad2809daa087dd29c49653455c5fd08222168691a39f,9481691,0x1dc24876bB4df547DA7fD17C2ED281609158afc5,0xfF00000000000000000000000000000011166111,0.0,1.000000009,confirmed
2025-10-24T17:56:42.075961,ethereum_tx,0x6658e0834c5ca148b8c2dfb88f2ac28f80f68876b19f6b75ea5cd4d94ea47e28,9481691,0x4FA8025bC94d061692eAf0F288C74E3A96c1BD00,0x0051d955349963e6924a74b3DE8E2A746Eb1EC6B,0.0,1.000000009,confirmed
2025-10-24T17:56:42.075961,ethereum_tx,0x0ec7bb1963e5e3ababe53367b98837b455a78bfffb11185b5ac108d9295d9533,9481691,0xbE3dF12B0C3D0bFe851fc7924d27B484CddA68bD,0x003B17604a7BF08f15b52bc25e988213BeaAFB7B,0.0,1.000000009,confirmed
2025-10-24T17:56:42.075961,ethereum_tx,0x875a94a236d94976b47438de23c72cbc6b8be2589c8a7f00252818d7b1c4ce70,9481691,0x6d95AbF89c16Bb1682DEa4b31C85e311D569567e,0xEa1499503adDDC74Fc284a5707D29bCAc8cd48ca,0.0,0.001000009,confirmed
2025-10-24T17:56:42.075961,ethereum_tx,0xe26c08a1aae6d1db4c6ea5c7911146f8dfec59e843c9319ad029e6069b038bbc,9481691,0x23b00929699a3dAD43D4Fa7cdd63D9750e051Fe9,0xf993E10C83Fe26DddFc6cb5E82444C44201e8a9C,1e-06,0.020000009,confirmed
2025-10-24T17:56:42.075961,ethereum_tx,0xdd1312c68464f28d30a796e33e4051d266d5e5f50a56d021ac8df75f9f481adf,9481691,0x844e635fc85A3F96D027b05123Dc628F1B0fBc4f,0xf993E10C83Fe26DddFc6cb5E82444C44201e8a9C,1e-06,0.020000009,confirmed
2025-10-24T17:56:42.075961,ethereum_tx,0xbf86b573d31c9f792f273e05f4b69724a14d6c762374cf3fdd6276a46ee7aea2,9481691,0x725942C8a1DEd9F6BFd6867B0E816043fcdFd2c6,0xf993E10C83Fe26DddFc6cb5E82444C44201e8a9C,1e-06,0.020000009,confirmed
2025-10-24T17:56:42.075961,ethereum_tx,0x37b088cb575bfd6ac063e241c2b8dbd2028c6083deb4b5afb27e81fe49f087d4,9481691,0x10819754c31B260072862E0E9dE52799efA681F7,0xf993E10C83Fe26DddFc6cb5E82444C44201e8a9C,1e-06,0.020000009,confirmed
2025-10-24T17:56:42.075961,ethereum_tx,0xefb378f69567f94d945ae1907b78e18d7268f98590edfb98a11b7de45cbec5b7,9481691,0xA1c3d7699A6dfCf3e961B6486350cf527dBf3cf0,0x87A3effB84CBE1E4caB6Ab430139eC41d156D55A,0.0,0.001000009,confirmed
2025-10-24T17:56:42.075961,ethereum_tx,0x62919fc2a0380ea5bdde84f46d57c57533c1d20dc871b5c9b0276f15e7721d41,9481691,0xcD12Ed9b63603bc9685Cda552c0156d9b297b41F,0x87A3effB84CBE1E4caB6Ab430139eC41d156D55A,0.0,0.001000009,confirmed
2025-10-24T17:56:42.075961,ethereum_tx,0x4a15bcada3377e0db479ad93d279dcc5697e55e787c932509a2fdd3b51b7c122,9481691,0xA81552B6B3F6baAB0865E2c025138125d627783F,0x87A3effB84CBE1E4caB6Ab430139eC41d156D55A,0.0001,0.001500013,confirmed
2025-10-24T17:56:42.075961,ethereum_tx,0x5f621a5f8b899078f4b6740284838d185173cd718bb0be8f05204bf0fd14d4d7,9481691,0x3f0FBD194d1166218Aed64870fcEc1d7E28B4EF1,0x7215691F60C4fA7Bb82c5Ac44c7d57dc32bB0493,0.0,0.001052641,confirmed
2025-10-24T17:56:42.075961,ethereum_tx,0x0c719f99ae725fe6f809e3946f71302b8a01f05d87399c439e553e7726057ded,9481691,0x5d72984B2e1170EAA0DA4BC22B25C87729C5EBB3,0xd4116f515A6958da851080B390DDE4B81f408978,0.0,0.001000001,confirmed
2025-10-24T17:56:42.075961,ethereum_tx,0xcc35ad6239721954ec633fe3a3f0e19aabec6c2190216bca965fdaa7013ea423,9481691,0xb6d25fa232e50EE2fCf3a40DAFCAfe5Fff1Fd9A9,0x87A3effB84CBE1E4caB6Ab430139eC41d156D55A,0.001,0.001000009,confirmed
2025-10-24T17:56:42.075961,ethereum_tx,0x64da3933c3a70be0d7cb7a4ba6c247a034195da369a936d674839080bafa3efe,9481691,0x207D430716d4F12e7e6d9acB39BbC73fD4cB4E1C,0xA73aFb610aC79A729A393D679029fCf9618854AD,0.0,0.00105265,confirmed
2025-10-24T17:56:42.075961,ethereum_tx,0xb587072b410d268e62b59cdcb275fe61c67fb268436cc65a79f6f0d49a03dfe4,9481691,0x4F379424719a1feF0196F4913DccF3eB6d49AdE9,0x5EE3D1449Bd00d6Bd028F6914f46e0Fe9fDfdEC6,0.0,0.001100009,confirmed
2025-10-24T17:56:42.075961,ethereum_tx,0x0e930263f492803a0889b0fed72790fa72a775f339a6d943e2dab33177dcd720,9481691,0xedbC3b7F136dE65Bd140387660a8F6D68C0A5A69,0x87A3effB84CBE1E4caB6Ab430139eC41d156D55A,0.0,0.001000009,confirmed
2025-10-24T17:56:42.075961,ethereum_tx,0x696b548603b947fd755588800c51d537a1ed098afb582e35eb515a420e147f1e,9481691,0x61d8838f9A00250C9AF13D622DA7c08c372ee587,0xCf8EDB3333Fae73b23f689229F4De6Ac95d1f707,0.0,0.001063847,confirmed
2025-10-24T17:56:42.075961,ethereum_tx,0xf7c41e0986099bd22e1dec94a8978ccb3588df32daaaa8a5390051d2be36adea,9481691,0xCd8080b5A4e828232a6390Fb0D5dcA790AE90C85,0xa7155e6e596D9B92Ec05602e1Db3616322Fdc2d3,0.0,0.001100019,confirmed
2025-10-24T17:56:42.075961,ethereum_tx,0xf3158039021ff1ef0b17a3f3a7499b95fbcfefe5410adc3135aafe1e4ea0e609,9481691,0xFA646594bF2241061314d53e850A466815B3600a,0x738e96D813a47552499fe1C82E8dD415f7afB7C3,0.0,0.001100019,confirmed
2025-10-24T17:56:42.075961,ethereum_tx,0xb15f4fb2c179a988e9d44b5ff5aa693f96040741ff833f1961771b9be249e110,9481691,0x1D281dD8cb23066Bef0ba15E1317A62fBeA785D1,0xAEfA8B6aB59c0cd098cbBEA234434946d154a7A5,0.0,0.001000009,confirmed
2025-10-24T17:56:42.075961,ethereum_tx,0x7992dd3318d844ec36988e25dd879ef26520ed6b31472216b78278aab7de5085,9481691,0xcB499cf9d71FBD345e9BF8A37434e5C92d290Efc,0xb3975b4294ed871013d2B47ADe5da9015Df5C54a,0.0,0.001000009,confirmed
2025-10-24T17:56:42.075961,ethereum_tx,0x078c982ed42d7ce7ef0525dc9fa12bad4a48e2574d2cbbe15a6f7eceff1cf19b,9481691,0xEbD7f5733999828D50873E27Aa261D836a2a9F64,0x9f54e6A87429E7bB2fe7B9f0ACCA3A31560FF198,0.0,0.00120001,confirmed
2025-10-24T17:56:42.075961,ethereum_tx,0xc095fc7d9ae73dd2375205dba78adc59fa5e31be3fa242acd460ecaf51f655ad,9481691,0x745F5167185494a9fD64377580e1f4E849546b58,0x9f54e6A87429E7bB2fe7B9f0ACCA3A31560FF198,0.0,0.001200009,confirmed
2025-10-24T17:56:42.075961,ethereum_tx,0x30fde887d761995033675cda3d8cc0e497fcb80d5b8d1eee7fac0765ec65e627,9481691,0xA9EdeCf537F0FF163ba0cA80DFB1aA43f1C6891c,0x956962C34687A954e611A83619ABaA37Ce6bC78A,2.457439857307e-06,0.001500013,confirmed
2025-10-24T17:56:42.075961,ethereum_tx,0x76ecdd94fef3d5bd799d028dc362e82d682016b98ffce0973994f7be9613c4b7,9481691,0x37589B7399d213cd07f3c3335651fb3098554824,0x956962C34687A954e611A83619ABaA37Ce6bC78A,2.419087523247e-05,0.001500013,confirmed
2025-10-24T17:56:42.075961,ethereum_tx,0xcee257d0d944c2397aa27db952305a5eb9ccbbfbdc51040c36e8d9114db07cb7,9481691,0x4cB9ac68A2151f14E8242a984b1F1faDb36EBF60,0xC97F5f2FDE4fe6e220069F8D3718bE4FaC7C00f0,0.0,0.001000009,confirmed
2025-10-24T17:56:42.075961,ethereum_tx,0xeae91ee3c03ecfb46ae8e1f10b421b3af46ed608df4be53238de6563bd5580a3,9481691,0xdfe19Da6a717b7088621d8bBB66be59F2d78e924,0xAAB785EEa290AEAE003732e603987979E63955E2,0.0,0.001200009,confirmed
2025-10-24T17:56:42.075961,ethereum_tx,0xe0fa64b7e9588fcb19a754ba75c72b48be2734bde8c1be88ef70115f9b74720e,9481691,0xdfe19Da6a717b7088621d8bBB66be59F2d78e924,0x4e59b44847b379578588920cA78FbF26c0B4956C,0.0,0.001200009,confirmed
2025-10-24T17:56:42.075961,ethereum_tx,0xdbe68a62b259afa355ee2664f372c30c93c115db9acc38fa85ad370832fcb799,9481691,0x3Da763C42E438eB17880fB6A83040d6cf13eF03b,0xFf00000000000000000000000000000000042069,0.0,0.001000009,confirmed
2025-10-24T17:56:42.075961,ethereum_tx,0xb7186fbc55e4a5009fa618a926fa46ee19105cb2f1c08ffe1c7b1f85f7c62f5c,9481691,0x69cDf38fc92276ece115B896fE2145C6a7ab3301,0x956962C34687A954e611A83619ABaA37Ce6bC78A,0.001,0.001,confirmed
2025-10-24T17:56:42.075961,ethereum_tx,0xa471b0f22568d06bdd81d884df6c5abd964bc037883733c2255b91d9ecd6d640,9481691,0x9C8FaA60ac71ad698FA1E9ba77C7F409eF4834cf,0x956962C34687A954e611A83619ABaA37Ce6bC78A,0.000132,0.001,confirmed
2025-10-24T17:56:42.075961,ethereum_tx,0x74a8a4eb70554338583c6488fc6f959a7f71d4735dde3487060a4d663987407a,9481691,0x10B87BB7305065D1f891f0EaF781Ac7B42eFc157,0x956962C34687A954e611A83619ABaA37Ce6bC78A,0.0002,0.001,confirmed
2025-10-24T17:56:42.075961,ethereum_tx,0x68ebfce8cc9092faea92bf20ee153e3f4beadf0ab71c847f33e82850f0d10836,9481691,0x7f132C78348c1e5a6b1E271bDf247092aFF9188f,0x956962C34687A954e611A83619ABaA37Ce6bC78A,1e-05,0.001,confirmed
2025-10-24T17:56:42.075961,ethereum_tx,0x34e624792ffb29a9181be83aaf5a07e824c8397aa3bfd6072fe1c333830f3ff0,9481691,0x0dc06C0dE88DAE47EA01AA9Dee220D74212A2031,0x956962C34687A954e611A83619ABaA37Ce6bC78A,3e-06,0.001,confirmed
2025-10-24T17:56:42.075961,ethereum_tx,0xda476ab41af4ca79f190c3f944b5f4ae9140279cde643bce5d8fbe96ed9e57fb,9481691,0x6d6b5614Fc87D32C7fa1680205eBcc879600b4B4,0x956962C34687A954e611A83619ABaA37Ce6bC78A,0.0001,0.001,confirmed
2025-10-24T17:56:42.075961,ethereum_tx,0xae2624c239e34c7ab098788f526e71041f1c19358219a2f92c1b08b425847fb2,9481691,0xB0752cCA8b78aAB13eA9bE15f9C2b88Fd8B6F043,0x956962C34687A954e611A83619ABaA37Ce6bC78A,1e-07,0.001,confirmed
2025-10-24T17:56:42.075961,ethereum_tx,0x8f55cbee88954ab1b4eadabb5a3e354f4616a37030f2caf3b34e5ede4868dfc9,9481691,0x369fbf121668CE13D47A6B1B7c80decdDE711dE5,0x956962C34687A954e611A83619ABaA37Ce6bC78A,1e-07,0.001,confirmed
2025-10-24T17:56:42.075961,ethereum_tx,0x888cf6f0532c5910a2995a9aafc983adf1e89609e93951cea48e20f3e1f6da47,9481691,0x3BfEf81bc13936f5e3dd5a790E0E8B5cfDc62160,0x956962C34687A954e611A83619ABaA37Ce6bC78A,1e-07,0.001,confirmed
2025-10-24T17:56:42.075961,ethereum_tx,0x7fb159344cb15e7e174702720a5db82d1f288a04bc46de4786de76cf1c334cfb,9481691,0xF8AB8193475Ee88eAA793F9974F913339a07b6c2,0x956962C34687A954e611A83619ABaA37Ce6bC78A,1e-07,0.001,confirmed
2025-10-24T17:56:42.075961,ethereum_tx,0x70b3b43583e3004cdcf0f6fa55ab60e632b4b94de6e13c536898a8771637565e,9481691,0xF7067502F610fBcFA7158416af7550c0Bb24C020,0x956962C34687A954e611A83619ABaA37Ce6bC78A,1e-07,0.001,confirmed
2025-10-24T17:56:42.075961,ethereum_tx,0x583ff9b118c4d4204504517c1e3572d3de11e9177484a9fed16dcb1db67e6978,9481691,0xa20F74Bf625c6d64B353aA6d3B1f64c48099A26d,0x956962C34687A954e611A83619ABaA37Ce6bC78A,1e-06,0.001,confirmed
2025-10-24T17:56:42.075961,ethereum_tx,0x4dd36fe8d83e58c8d41c038b2e7b32dce0195920ca219c65d06b69cc3691c251,9481691,0xb26ebe179C2d2df61e60C616B6E8f00EB1E4510F,0x956962C34687A954e611A83619ABaA37Ce6bC78A,1e-07,0.001,confirmed
2025-10-24T17:56:42.075961,ethereum_tx,0x3c06e71bb7bee6e94dcfdd89e86a0fc2ffb69d144af00f96b7d952d409ede6cb,9481691,0x0d22b9e63712F00648071f38fBEcf5B97a4803dE,0x956962C34687A954e611A83619ABaA37Ce6bC78A,1e-06,0.001,confirmed
2025-10-24T17:56:42.075961,ethereum_tx,0x0fc69c715a4ffa1492d5965afcde13f7a71822e4cde0985fa7901b0935aa3703,9481691,0x41b9010cf5E134D432483BB08EA5a85bdbAf2FAD,0x956962C34687A954e611A83619ABaA37Ce6bC78A,1e-06,0.001,confirmed
2025-10-24T17:56:42.075961,ethereum_tx,0x01b7bf0deaf90350ce048b00f1de620057980a0e55ac2c8277176c948b58d285,9481691,0x2ad00354A9332E69E9e12A0d79D82709Dd66Ea50,0x956962C34687A954e611A83619ABaA37Ce6bC78A,1e-07,0.001,confirmed
2025-10-24T17:56:42.075961,ethereum_tx,0xfe833ca97f36d82f321a5e8f4e7419da1f033c756798df6d847defb688bf839c,9481691,0x1B00F502084868ef2Bdd664AAFC643a1B130A233,0x956962C34687A954e611A83619ABaA37Ce6bC78A,1e-07,0.001,confirmed
2025-10-24T17:56:42.075961,ethereum_tx,0x8767eee56b3701d5f241b9d4fc0e02aa21ccb0917360ac25ddeb38265803aff4,9481691,0xc6f7A793Db4D3992953bF26ecC5052b20Bf02070,0x3eDF60dd017aCe33A0220F78741b5581C385A1BA,0.0,0.001052641,confirmed
2025-10-24T17:56:42.075961,ethereum_tx,0xceec0c0f5ad4e5722d5fea838fe34e3ba0fb4295fc78ab62947dd9b5cdc7e8bf,9481691,0xdfe19Da6a717b7088621d8bBB66be59F2d78e924,0x36b90875A1391b14e361f672a6Db03C569f6249E,0.0,0.001200009,confirmed
2025-10-24T17:56:42.075961,ethereum_tx,0xe79c7b8c89dabd470484c1cd3d86ee68748ee5afe4153f1b6b9c1bb44c0c7411,9481691,0xF0024f6D60D48fff9595768dB8100097134Df06f,0x03C66CB1826BDB0395BF31E68Bf7E873e9564fFB,0.0,0.001000009,confirmed
2025-10-24T17:56:42.075961,ethereum_tx,0xe43254ee3b2a584e8393d3d090ac2c4ff2dbf65fd2c73ff53b071db2bc4742e0,9481691,0xa6300033eAD69D210539a2143e70114A4e9f384f,0x03C66CB1826BDB0395BF31E68Bf7E873e9564fFB,0.0,0.001000009,confirmed
2025-10-24T17:56:42.075961,ethereum_tx,0xd874988653ad1207f84e0bfdcb499cb790bd80ab70ec4a7aa67252a5dd40d167,9481691,0xA83475b19Db94c70c9f3C5AF02E40B0Ff55ee3a9,0x03C66CB1826BDB0395BF31E68Bf7E873e9564fFB,0.0,0.001000009,confirmed
2025-10-24T17:56:42.075961,ethereum_tx,0xbef38eb2258aa4a3d4d59248f4d47a997adcdf0c9473f17b6c824a03750fec0b,9481691,0x1dc0129674d84694193832A78bF3Fa35AF421304,0x03C66CB1826BDB0395BF31E68Bf7E873e9564fFB,0.0,0.001000009,confirmed
2025-10-24T17:56:42.075961,ethereum_tx,0x622f1cf39a653953e7f0e9a65e9d2b4717b1a76b4cf0ef37abc973074d73acba,9481691,0x2F7118DA621b5eBF457D556F4790D7E893ccA57F,0x03C66CB1826BDB0395BF31E68Bf7E873e9564fFB,0.0,0.001000009,confirmed
2025-10-24T17:56:42.075961,ethereum_tx,0x616ecc9c6b4d5819373dc8385a95d421fc2c3e25ad9a99b524b8984ffd082164,9481691,0x72161fe4e1B0bea2A0d9E60e246122d456Ef8cFa,0x03C66CB1826BDB0395BF31E68Bf7E873e9564fFB,0.0,0.001000009,confirmed
2025-10-24T17:56:42.075961,ethereum_tx,0x53cf18ef35f62a08d934dbeddc02ca7c0d2a5262fbc09465cd79706d1149968b,9481691,0xB497dCcC8cCB1b962b17750FF12b4C416378e6D3,0x03C66CB1826BDB0395BF31E68Bf7E873e9564fFB,0.0,0.001000009,confirmed
2025-10-24T17:56:42.075961,ethereum_tx,0x420f442075993f0ea5704444cc29594aebbfcc249707b5dfb501fa9190d3db6b,9481691,0xAf5aa957E131a0D15A923871f9873fDE51795024,0x03C66CB1826BDB0395BF31E68Bf7E873e9564fFB,0.0,0.001000009,confirmed
2025-10-24T17:56:42.075961,ethereum_tx,0x3d7990a8520b535f96e3504ea6d65abfc7efed8aab2cdae99a8fe3e1229e617a,9481691,0x60dF71DD4C376C9e918e196144BdDA617C10bAEF,0x03C66CB1826BDB0395BF31E68Bf7E873e9564fFB,0.0,0.001000009,confirmed
2025-10-24T17:56:42.075961,ethereum_tx,0x3b3a7e67d64eb9da9eb397611c3ad1362308cfb7a0c8b27b68ed2c7585cb99e4,9481691,0x44873aAa00fA9b099F1edA3CFCeCDeFF42D6e139,0x03C66CB1826BDB0395BF31E68Bf7E873e9564fFB,0.0,0.001000009,confirmed
2025-10-24T17:56:42.075961,ethereum_tx,0x2fd7242efbfb38a9e0aeb2113c6accc5fa63e039890cfaf46ca7c7512c1d218b,9481691,0xbE6418f593829Efae468b5CC304E2AB54A214042,0x03C66CB1826BDB0395BF31E68Bf7E873e9564fFB,0.0,0.001000009,confirmed
2025-10-24T17:56:42.075961,ethereum_tx,0x2e62413459e2b4a5be9a19c0f5853ddd1e21f9793a5dc5efb592a9a9ca7b528f,9481691,0x2AE4E3a5A77Ac447adC943b1FA11605A6550C29D,0x03C66CB1826BDB0395BF31E68Bf7E873e9564fFB,0.0,0.001000009,confirmed
2025-10-24T17:56:42.075961,ethereum_tx,0x22f5cb91b239c6466e9303676b2e726e0584b55c714ae24e10dfd836b5e11f75,9481691,0x77Ef61c18B9B5D434377e09F80712430270Eb274,0x03C66CB1826BDB0395BF31E68Bf7E873e9564fFB,0.0,0.001000009,confirmed
2025-10-24T17:56:42.075961,ethereum_tx,0x0446fd6eb3af6838b5d7ab53d8fae6671f6dd1601feeee7600c6a7017d6d2ce8,9481691,0x60Bf308Bee2B00F40936b833fc3131d0B182A002,0x03C66CB1826BDB0395BF31E68Bf7E873e9564fFB,0.0,0.001000009,confirmed
2025-10-24T17:56:42.075961,ethereum_tx,0x021818db21a722972bb080702c44e2fc521ddcb09410c0acc172e1c84087eb45,9481691,0x073b472a408667B1942DA711CDb1E6Bb53c68DF8,0x03C66CB1826BDB0395BF31E68Bf7E873e9564fFB,0.0,0.001000009,confirmed
2025-10-24T17:56:42.075961,ethereum_tx,0x2d14ab3a83fb6b7ce5d6f30ccdd826ad48dddf86000964d5dd7c955bb3e1c6b6,9481691,0x95A13F457C76d10A40D7e8497eD4F40c53F4d04b,0xCCa55e6BaccB0D3EAA814580a0105C1c214f7c68,0.05,0.001100009,confirmed
2025-10-24T17:56:42.075961,ethereum_tx,0x24c81b87adad74bf45def89b2f45656bb712e2ef1db0cc1b4c00895c24fe33b0,9481691,0x15095Ec8FB1Fc9C664b3223459dFF43158ACe7aD,0x6C59A7c3b47BFA21C8b04109A59d807E92429106,0.05,0.001100009,confirmed
2025-10-24T17:56:42.075961,ethereum_tx,0x82c51c5cbd8f2eb1a4b959d5870ea0292a7eeee632866548fbf963cf033dfe57,9481691,0xB66df7402831cdFb30B1D3027cd27d3D4Be5F752,0x08d2b0a37F869FF76BACB5Bab3278E26ab7067B7,3e-05,0.001000009,confirmed
2025-10-24T17:56:42.075961,ethereum_tx,0x74091c0523c891fc6ddff385899795528cd6da7742a634ec6d85657b320c8f2a,9481691,0xe1e2AE949837DcEA6c70546808525fDCE7990449,0x08d2b0a37F869FF76BACB5Bab3278E26ab7067B7,5.87e-06,0.001000009,confirmed
2025-10-24T17:56:42.075961,ethereum_tx,0x7fe6fb3303dde24d1a1a3ac45b1a428c8d124ef61b15b7998af0a1ca7d261ea5,9481691,0xe1e2AE949837DcEA6c70546808525fDCE7990449,0x08d2b0a37F869FF76BACB5Bab3278E26ab7067B7,5.87e-06,0.001000009,confirmed
2025-10-24T17:56:42.075961,ethereum_tx,0x734895e99c39ae45c599c194ed42f6715bb5b940c67021b2354bdf313bf4bad3,9481691,0x4495B02d62Bcb31D8a0c3ee8e551ADbf05473676,0x0000000000000000000000000000000000000000,1e-05,0.001000009,confirmed
2025-10-24T17:56:42.075961,ethereum_tx,0x70310bfc50699449952eff9f3bd2713750136874a9407126afa6a8cdb1eeb533,9481691,0xe497c1882d2fC664a2ba93C774363eA14F211d90,0xc807aa9514993745Cf7C35dDeB3eAdE5Af1e7B2C,0.001,0.001000009,confirmed
2025-10-24T17:56:42.075961,ethereum_tx,0x4f215edeafe499cffad9eaa20f636093aa7740b9ca026bbf1ddd93a19a4dd205,9481691,0x2dE3D55EF017cfeb7EE28d5f5AC9E91bb9AEf41B,0x08d2b0a37F869FF76BACB5Bab3278E26ab7067B7,6.34e-05,0.001000009,confirmed
2025-10-24T17:56:42.075961,ethereum_tx,0x3c30f060c3e607fa0737783bd0c68e0eeadf6c8d40c46272b6b59d3697616248,9481691,0x8FB89787ED83e4ce1159a942321A052E93D1F82F,0x5CA59Da9621673bcfD37a96567d12d72DbFEbbaa,4.58e-06,0.001000009,confirmed
2025-10-24T17:56:42.075961,ethereum_tx,0x21d550895b3b1c26f3c417abd9e7b7a687654ccf5aeffded47ddccf7050f41e3,9481691,0x905c16e089Ccc473d5bd41DDC4960a68D0D0908E,0x85c221B15Fa623B6DBf7E52a51566d0B9bbaA5a5,2.15e-06,0.001000009,confirmed
2025-10-24T17:56:42.075961,ethereum_tx,0x1eb5686ebf5252e3bc8dfcb3455cd50ee621cbe8ccd64bfdd00b7426e202733f,9481691,0x13d90163d0Ce4fc3cFe215875E1b9Be6FEceE567,0xb0F2B2Aed5d7528bC05bBFaD26E2f37A79DA4815,1.73e-06,0.001000009,confirmed
2025-10-24T17:56:42.075961,ethereum_tx,0x17c211b45df1b2fe3f5c8258740e0902398b295b8863834c36d6ede8da247c6b,9481691,0xfCA9CB97f1d53B349ECb9aF15f158A58e9c5F1C8,0x08d2b0a37F869FF76BACB5Bab3278E26ab7067B7,6.98e-05,0.001000009,confirmed
2025-10-24T17:56:42.075961,ethereum_tx,0x124fc52c655321cc4979269f61a46cfc8a395d418777191e6427751a3ce26f78,9481691,0x9DA9E546c7DC934EB622c05b9DE9688576711d77,0x08d2b0a37F869FF76BACB5Bab3278E26ab7067B7,1.36e-05,0.001000009,confirmed
2025-10-24T17:56:42.075961,ethereum_tx,0x0cbae62da02e35286ac783ef9347d2531f6050cc8d492183162eceff77a43aad,9481691,0x7AC242f6246Fa1A59B2907833A8e11317b319269,0x853758425e953739F5438fd6fd0Efe04A477b039,0.0001,0.001000009,confirmed
2025-10-24T17:56:42.075961,ethereum_tx,0x08bef9b4424dac83552a7030764f869835b33d2d7817673fc0d60653d337314c,9481691,0xaD505B753b3D04CBD319C37f78ABCC1EEa74fbD5,0x08d2b0a37F869FF76BACB5Bab3278E26ab7067B7,3.32e-05,0.001000009,confirmed
2025-10-24T17:56:42.075961,ethereum_tx,0x06e547e7536da3b0091b9de30f172f6591d6b50d70b46a2cc07db5951a8d2b05,9481691,0x0B0e2673A1CE96a115c2c53e1304eD4640294856,0x08d2b0a37F869FF76BACB5Bab3278E26ab7067B7,0.0004,0.001000009,confirmed
2025-10-24T17:56:42.075961,ethereum_tx,0xb93383751a6254213a167102baf0b3c55bac7a2b0dfd365923343a9a7939175d,9481691,0x13CB6AE34A13a0977F4d7101eBc24B87Bb23F0d5,0x0c06B6D4EC451987e8C0B772ffcf7F080c46447A,0.006550838402174709,9e-09,confirmed
2025-10-24T17:56:42.075961,ethereum_tx,0x0696919ada2a1d9fd59a1f06a16471fbec38ae174aa97eab333220d7beb85187,9481692,0x3C95c2633296B264d051498C4b2e982EbB526A53,0x3C95c2633296B264d051498C4b2e982EbB526A53,0.0,4.1,confirmed
2025-10-24T17:56:42.075961,ethereum_tx,0x2356f4d2ccbed50b7e15f69e4fc233f6a6631618a78115b298c4b7dad1708ef5,9481692,0xE26D86dEDA7248cB9B289EeB513235D1f0D29bb9,0xcA11bde05977b3631167028862bE2a173976CA11,0.0,3.000000009,confirmed
2025-10-24T17:56:42.075961,ethereum_tx,0x6374ced8a1c87455d061be5dc28e92ff5653388f359bfb2f4352bbbb41eaa89f,9481692,0x55A07F9f7eD7F110c2Ddd8f2f5d8677Dc94aF4E2,0xeA30c4B8b44078Bbf8a6ef5b9f1eC1626C7848D9,0.0,2.200000009,confirmed
2025-10-24T17:56:42.075961,ethereum_tx,0xfe566c43afb85632bb4a97627de7a0fbb5bbec32efd0a5f4174cfe87c997bbd6,9481692,0x55A07F9f7eD7F110c2Ddd8f2f5d8677Dc94aF4E2,0xeA30c4B8b44078Bbf8a6ef5b9f1eC1626C7848D9,0.0,2.200000009,confirmed
2025-10-24T17:56:42.075961,ethereum_tx,0x13ef86b4acb9142d788de661a38b825e7e27d678a6e58bc4263f645e3741d5a2,9481692,0xe7F38E2D57a0eA80240B5E65A69AF66812CbCd0C,0x3420Ed716f7830C2F8CAdf29465Bb0B077Ad3b80,0.01,2.0,confirmed
2025-10-24T17:56:42.075961,ethereum_tx,0x6684e752f1785fad1fde580e5e7740e77b5b7161bb9d035ddbf207510a3ac1f5,9481692,0xf3663B762f74994C12ab04E2F508285e1669ef6B,0x08210F9170F89Ab7658F0B5E3fF39b0E03C594D4,0.0,1.500000009,confirmed
2025-10-24T17:56:42.075961,ethereum_tx,0x3739da6b5aa6190a0efe17cd9d1e156b7d4b78fb8df156153c5c3c9280afcdcb,9481692,0x439343a832d5959aE2c1757968e56c75eB105c54,0x7FD9Bb2E835F1D27bc4181B522aa911E90417D5e,0.001,1.500000009,confirmed
2025-10-24T17:56:42.075961,ethereum_tx,0xdcb2a82d426e6bf33bd89b26882a69382f7378cdf7e1ec035d9567a774807ca3,9481692,0x325c27390487Cb3E72727686B0b9c5f020521B2B,0xd110672E48c5B29ca911821539b7F202F3d6a9BD,0.0,1.500000009,confirmed
2025-10-24T17:56:42.075961,ethereum_tx,0xc95ba2b96584323a6f3769a8c4330c490ea3caa98d0a54cac2bd72fc32f81863,9481692,0x5216999d4c7B59a02b74f9519483D60A54E3fbe2,0x2A4496bbC344414e3bDbE6a8E7c40EF007DAeEd1,0.0,1.5,confirmed
2025-10-24T17:56:42.075961,ethereum_tx,0xa6ffe1160f6c067c52d126e58ca6fe8791276b8f8acd4000aa70fed44b8da80b,9481692,0x8b0f32432C71cD9a3e1054Da149524eAD9C50aa1,0x99633EF956cF4e5B37d708c6BC869cACA7FFfeb7,0.0,1.5,confirmed
2025-10-24T17:56:42.075961,ethereum_tx,0x12454fe3356bd6bfc01c01fb0d2b06ce184dc5359cf6175abe93e24d45cb8581,9481692,0xB24d00E645454b0Bf190E96416937A428c8A9770,0x2A4496bbC344414e3bDbE6a8E7c40EF007DAeEd1,0.0,1.5,confirmed
2025-10-24T17:56:42.075961,ethereum_tx,0x5da553cc30bd9e82fea485f9659b1d9b20c909c1f79d3db66c745a4f734a0e1e,9481692,0x3B464a7559d5eb00565f9918734dA859E285D1Bc,0xc6255a594299F1776de376d0509aB5ab875A6E3E,0.0,1.5,confirmed
2025-10-24T17:56:42.075961,ethereum_tx,0xda855b929073da044d62f0e92c2f56867115a9e79bdcabf7efb328a1d2cf2967,9481692,0xF6f1730924532779A21183AABA65A2099D06398b,0xc6255a594299F1776de376d0509aB5ab875A6E3E,0.0,1.5,confirmed
2025-10-24T17:56:42.075961,ethereum_tx,0xd4ca2e304030ac673bf75d835b9b7eaa756c04e149dfc14cafdf8fecdbe5d5b5,9481692,0x4538a3D9328014cE32e569D874952aEC48b8CE5E,0x2A4496bbC344414e3bDbE6a8E7c40EF007DAeEd1,0.0,1.5,confirmed
2025-10-24T17:56:42.075961,ethereum_tx,0xe8166d4a001f85caa3364281a43904583634c8ffd8de3089af601ca3ef35a38f,9481692,0x647c9C5Ff6E61265A4f50c53764C17f3dFe87EC7,0x3C34a9024edA3E45E25C6F59d860eC6397047a6B,1e-05,1.5,confirmed
2025-10-24T17:56:42.075961,ethereum_tx,0xb425c81505d2f8557915f221ea2a31c1af8cc331bc3de51606e8f268ddf75a78,9481692,0xf5CdC48272D9C22625D455a4C9E9e60eB0cdde48,0xc6255a594299F1776de376d0509aB5ab875A6E3E,0.0,1.5,confirmed
2025-10-24T17:56:42.075961,ethereum_tx,0x8b2e418aa8e525dd9b46a7f355d1e2380196c11797f4011bf9573842470d4dcf,9481692,0x2ED487A0210dfCD6f72643A5c3E5147B27948F5C,0x2A4496bbC344414e3bDbE6a8E7c40EF007DAeEd1,0.0,1.5,confirmed
2025-10-24T17:56:42.075961,ethereum_tx,0x7988301b0d6679c9d2cb6ead02706781201006f8e00c2d21cc09958615f0f9b3,9481692,0x383E61E6c059598d9394C4eE217Ba34C2be0f3FC,0xc6255a594299F1776de376d0509aB5ab875A6E3E,0.0,1.5,confirmed
2025-10-24T17:56:42.075961,ethereum_tx,0x1e94b7e9c3fdb117b5d096791bd24586b44ab45555992ff9dee8014a8f2eb292,9481692,0xD22c6c02920dD8F149182c121c08e19C4a6750C5,0xc6255a594299F1776de376d0509aB5ab875A6E3E,0.0,1.5,confirmed
2025-10-24T17:56:42.075961,ethereum_tx,0xdb8a4785ce8792e31b60344169c66c3225190f752aca7267303bc8ab6c7f8c4e,9481692,0x3E002E590f9f5c6e6bc198d16D7733697218f801,0x2A4496bbC344414e3bDbE6a8E7c40EF007DAeEd1,0.0,1.5,confirmed
2025-10-24T17:56:42.075961,ethereum_tx,0x086e96ec1f9f33542949172514351639b7d4f21fefa4dac7eff33acb1e9f0b73,9481692,0x8eC9Ba90774e1E3606f84411c17A27cDA4eBeB43,0x2A4496bbC344414e3bDbE6a8E7c40EF007DAeEd1,0.0,1.5,confirmed
2025-10-24T17:56:42.075961,ethereum_tx,0x7cb1238bce4c2cc8a89cb73d35983ff5cea89c3947aaec1f4eb54fe650d26b34,9481692,0x3f16358e47388EB85cF3d8470Eee949B501f9855,0x2A4496bbC344414e3bDbE6a8E7c40EF007DAeEd1,0.0,1.5,confirmed
2025-10-24T17:56:42.075961,ethereum_tx,0xc17bd51d1c36e9e8f2917d7269824f4f65b375d2c4f86c329041ec9cd1d65874,9481692,0x838F96368d719fD3765062A9761b1f94A65EBc6C,0xc6255a594299F1776de376d0509aB5ab875A6E3E,0.0,1.5,confirmed
2025-10-24T17:56:42.075961,ethereum_tx,0x2b79692829fe462c5606776f1437589cff133839ba6f0aae140f3094b71a078e,9481692,0x62c4Ef860f80117Fa1804C73F0C8E1144D1847E7,0xa4d55E2ba7ec63fe38b7b08B6b8a17a6Ae7cB955,0.0,1.000000009,confirmed
2025-10-24T17:56:42.075961,ethereum_tx,0xd319728a2c5343758344254bae5f81a041672d3637e7b8681f8a0c96f2ecda91,9481692,0xF0FEd0C0192539a1076d8BDa1233f414704d98Be,0x00D22efF04CF7d0f5A355A6D9A06E43120398dA6,0.0,1.000000009,confirmed
2025-10-24T17:56:42.075961,ethereum_tx,0x09a07d3d7a219ac3dfb24aaa5bb381892a5c7780ced883a95a73011311d5a576,9481692,0xc4786b06b0F527B6DC034A9491e4Ca5EAcbd4276,0x00ccF7738245A8F8256D26fC84D6928E917698d6,0.0,1.000000009,confirmed
2025-10-24T17:56:42.075961,ethereum_tx,0x04c94cc3e5aa45faab7c30374926b2ef8d5e78e15db953cf1cdf28705b04acc1,9481692,0x7876adF8a936347A543d1C41859e23034C021f2C,0xAd440Db2B4f8c67E1181E050D509812fBf1C59bf,0.0,1.000000009,confirmed
2025-10-24T17:56:42.075961,ethereum_tx,0xc7a6b976225b22dab691601e1f7460d869a3be09120f9677041333aa5d0f82d0,9481692,0x0b7118EFBC92aB8779fa43D219364ac8E6f8C5AC,0x00Dfa7bf409a45E312118955b8c4028c1b5b2351,0.0,1.000000009,confirmed
2025-10-24T17:56:42.075961,ethereum_tx,0xb732e8558da12a7cd4d230f1abf5da823018798ed2001ab7285e41e46cb9c835,9481692,0xBfC0ecA4E0194889aeFaBDbdC1FE5d5E00eD7894,0x8019D152491AF5B48D8459836B9A44845A47B730,0.0,1.000000009,confirmed
2025-10-24T17:56:42.075961,ethereum_tx,0xc5ac10be25fc3de66e46eb6a24a009457dd838b008bdaae1f85a7d8fd15078a6,9481692,0xefB3de33104C0E65B457037C4b69BdAfdADe99E1,0x88A44EcB34dFa1a1BFD74EF8A91720CDed42873d,0.0,1.000000009,confirmed
2025-10-24T17:56:42.075961,ethereum_tx,0x9775b73c7e55ec52be0059100a3ce3af0191b9be0ca9e3544c4721799e9adda8,9481692,0x77Ce422259Ee5a816bfC1dc4D17ee9B7137831c7,0xE18c736396F0F92Faf90805b2B0FE52f166E3d50,0.0,1.000000009,confirmed
2025-10-24T17:56:42.075961,ethereum_tx,0xa55b637c75fd90d8426d7ae3b77efccdae868c9d522b6a6dcddd0d7edb07f402,9481692,0x2176D71045E118212022c105Cf7BC5547d0Fc575,0x3672bC7D7124ab9EDb8bb2cEdCF339b9f0fba26D,0.0,1.000000009,confirmed
2025-10-24T17:56:42.075961,ethereum_tx,0x56d238548ceacafedf07412cd5983e17b05bba92218904d039d710877dac0f37,9481692,0xaceD96fC258bb6e80A6F4a937E2f751bd315A03d,0xFF9eE3b2D9E75C62b98174C2611C391991b6e057,0.0,1.000000009,confirmed
2025-10-24T17:56:42.075961,ethereum_tx,0x7fa91b1e7ab76b66045179f61ae86a9f0f3c28abaeb1144b3b4f71e63800ed44,9481692,0xaA67201Df9060ec0d294F4d6F78d98086dBD5f84,0xf993E10C83Fe26DddFc6cb5E82444C44201e8a9C,1e-06,0.020000009,confirmed
2025-10-24T17:56:42.075961,ethereum_tx,0x14ea178306e2e01fe86ca9c8e94dde7bd6fcc62155c3c1cd82682cb3946941af,9481692,0xFf8cbE4cC17A1Bd6998443eAa24843653B673900,0xf993E10C83Fe26DddFc6cb5E82444C44201e8a9C,1e-06,0.020000009,confirmed
2025-10-24T17:56:42.075961,ethereum_tx,0x006d7f52556f13cbe71bb2b0368b3779037ad9b2eb647c5e46db9eacce299dab,9481692,0xE793c46b268529fF87bB7807Ba73461b1B791fa3,0xf993E10C83Fe26DddFc6cb5E82444C44201e8a9C,1e-06,0.020000009,confirmed
2025-10-24T17:56:42.075961,ethereum_tx,0x4957dafc21fc304e2d656bbbd9f7095c3208f4860c86b219a2915f7a3acf843c,9481692,0xeD567ccB114bc082b1118E5cde99BA8f574650Bf,0xf993E10C83Fe26DddFc6cb5E82444C44201e8a9C,1e-06,0.020000009,confirmed
2025-10-24T17:56:42.075961,ethereum_tx,0xe80e3e7897773473f59ba5e27d03d77055bc127f9a4c3cbd2216df84ad6e55a6,9481692,0x4291c2665035B9EcD2968A927343f710f5BBcfe9,0x87A3effB84CBE1E4caB6Ab430139eC41d156D55A,0.0001,0.001500013,confirmed
2025-10-24T17:56:42.075961,ethereum_tx,0xf8afd8950326d4804d7121a287d38cabd24635cfcced7a1518f5315f6fa9e81c,9481692,0x90306f2cC5DFACcaFD35F75DD552e19f92a6b168,0xE918A5a47b8e0AFAC2382bC5D1e981613e63fB07,0.0,0.001200011,confirmed
2025-10-24T17:56:42.075961,ethereum_tx,0x6e40962c2de23197c2b45b54cd79fd35bd45ee6bfa43275f2f8b6825ebb3f97d,9481692,0x4E80613d6250BCc78ec64620BBFa7dA7B9265459,0xB88Ca91Fef0874828e5ea830402e9089aaE0bB7F,0.0,0.001200011,confirmed
2025-10-24T17:56:42.075961,ethereum_tx,0xc8fe8dbc5804d1955c352fe57c411b7d34bf8a92828f14075c9fa3c05646a098,9481692,0xD6C7caFC059f3fa39C450Eb417367635906546CC,0x9f54e6A87429E7bB2fe7B9f0ACCA3A31560FF198,0.0,0.00120001,confirmed
2025-10-24T17:56:42.075961,ethereum_tx,0xe4627b218843a84f0b947aa67ee36b90a68f13a176ced8863e64bcc4a3b35902,9481692,0x0a8F15d128dBb7Df70A8960524df2f5917E507e3,0xE918A5a47b8e0AFAC2382bC5D1e981613e63fB07,0.0,0.001200009,confirmed
2025-10-24T17:56:42.075961,ethereum_tx,0xb31f169ab0fa7cbdd7c2b75f4800f626a80113f5c2c3e6594a17197fbbe19beb,9481692,0x65141CA3329DA9A83458017474b5Bc62097Cf24f,0x69C6b28Fdc74618817fa380De29a653060e14009,1e-18,0.001200009,confirmed
2025-10-24T17:56:42.075961,ethereum_tx,0x9bb1966240e0aa1c49a57e7b3de81ae69d160ccf082a1ff96e79c04a20d85d33,9481692,0xCED352CcB6cF01527dbBD1a50d58651e2575c5d2,0xCaC524BcA292aaade2DF8A05cC58F0a65B1B3bB9,0.0,0.001100009,confirmed
2025-10-24T17:56:42.075961,ethereum_tx,0xa254f5741ced8f640d579db60599a2ca7eb230f29c4848ac8b1cd1b0104038c9,9481692,0x715d1084b1237Ba6a61447890F282E2505471EEC,0xb5A49949C49dEDD852F9f0f419b17aD2785032db,0.0,0.001052651,confirmed
2025-10-24T17:56:42.075961,ethereum_tx,0xfff26db289eb82ef3d477a595d7b1f3ff4282ac50b59ff93281cca1a3add51e1,9481692,0xCB0c6BdA178a28e34C1132c53dDeBA24A4DDD5df,0xb2e06e59765DaAe340C11437F3715fe15760b39F,0.0,0.00105265,confirmed
2025-10-24T17:56:42.075961,ethereum_tx,0x55193849b2a7db4305faa84712256d39c1aa659f3d3529b113a69c9229d92d96,9481692,0xb3a1956Cff1ecc8054B81b0C83b9847CB71384b8,0xCf8EDB3333Fae73b23f689229F4De6Ac95d1f707,0.0,0.001043847,confirmed
2025-10-24T17:56:42.075961,ethereum_tx,0x1dc4631eb43734d5105f3d498aa059f1660bf5fb3e389b98a3e1d66b2cd7a48d,9481692,0x6d50EDC485a5c5C8E57e45994de1C8f8A11A7cee,0xA3A87819FC57CE09886eE8ee077E5e45398f4652,7.8e-05,0.001000009,confirmed
2025-10-24T17:56:42.075961,ethereum_tx,0xd299d1ab536972aa9e2fdf46cb8a2832b0e4403014ce00795ff8dbc60634b36a,9481692,0xb2364dDe3efc7E1e88d474fAa1DBBC46566B03dC,0x853758425e953739F5438fd6fd0Efe04A477b039,0.0001,0.001000009,confirmed
2025-10-24T17:56:42.075961,ethereum_tx,0x3cfb359567c6ade14dadc6bc6bf8e75b118ff9317985c21c8fdcf6408c30cb99,9481692,0xAd9fDaD276AB1A430fD03177A07350CD7C61E897,,0.0,0.001000009,confirmed
2025-10-24T17:56:42.075961,ethereum_tx,0x07e806bc3f7e460dca833a4d08c4af70ae3a0a00b9d93360e742fd20a52ff1b0,9481692,0x78Ae12562527B865DD1a06784a2b06dbe1A3C7AF,0xa9544a49d4aEa4c8E074431c89C79fA9592049d8,0.0,0.001000009,confirmed
2025-10-24T17:56:42.075961,ethereum_tx,0x3e1ce5852cdad8aab141d70c1a370f21e248e2ae20cee00aaed48ea3838132a6,9481692,0xc3C4cE602FB51d593C4d2D177CA4Bb5E26148cc4,0x03C66CB1826BDB0395BF31E68Bf7E873e9564fFB,0.0,0.001000009,confirmed
2025-10-24T17:56:42.075961,ethereum_tx,0xc1079252e90524763d8e0de94e932825c8222d9e82361da283a3c495ba2b1f15,9481692,0xe1e2AE949837DcEA6c70546808525fDCE7990449,0x08d2b0a37F869FF76BACB5Bab3278E26ab7067B7,5.87e-06,0.001000009,confirmed
2025-10-24T17:56:42.075961,ethereum_tx,0xa49f7c61dd020531dfcf6398c8fb239676db945c8b3d8e43da237ddb8342eaea,9481692,0xD3e1976475ce40150D20a87bAb5Aac8016633Cfc,0x0000000000000000000000000000000000000000,2.67e-05,0.001000009,confirmed
2025-10-24T17:56:42.075961,ethereum_tx,0x6ebf1293aa480afac02406a178ee0b637a3e88bd1d794ac084aba2d97be28ea0,9481692,0xD263eE97e96736a41A5272968Fa8B8fD854bBFe6,0x853758425e953739F5438fd6fd0Efe04A477b039,0.0001,0.001000009,confirmed
2025-10-24T17:56:42.075961,ethereum_tx,0x49306411567529a30653c9220e95780ee6a8ba641946c1577b31571e1651afe4,9481692,0x4495B02d62Bcb31D8a0c3ee8e551ADbf05473676,0x0000000000000000000000000000000000000000,1e-05,0.001000009,confirmed
2025-10-24T17:56:42.075961,ethereum_tx,0x6b4cd389de1c1e3203b5eba55e297e4ac05ea70f2eece990d5affeb92aa761bf,9481692,0x2EB1a03D5c641f714ee4645e885dB7F6ea1E7741,0x853758425e953739F5438fd6fd0Efe04A477b039,0.0001,0.001000009,confirmed
2025-10-24T17:56:42.075961,ethereum_tx,0x7cb9bcf480a0602b02cfc96e4c96816431c4b086b1546bae7ec3065ddd41d25f,9481692,0xDb09504923246bD6835f13f14ac9Eedbdb40B9dC,0x03C66CB1826BDB0395BF31E68Bf7E873e9564fFB,0.0,0.001000009,confirmed
2025-10-24T17:56:42.075961,ethereum_tx,0x75e4298ed71f70a1c29a4015018cb77576c1eff21dd7d2107e77af45d36ab899,9481692,0x58E18B212613778d1f8B10E5eA72eDDa0Ff9bE6E,0x08d2b0a37F869FF76BACB5Bab3278E26ab7067B7,4e-05,0.001000009,confirmed
2025-10-24T17:56:42.075961,ethereum_tx,0xb2b62ee1ffd9ad96d47654e52800946c4ed539df356784438ae3afd238a5f5fe,9481692,0xE270D406dB1da85373aaDF405C3869be0cbC6C29,0x03C66CB1826BDB0395BF31E68Bf7E873e9564fFB,0.0,0.001000009,confirmed
2025-10-24T17:56:42.075961,ethereum_tx,0x6d8a59c328197d97a0df15fc50f51407c4bc674ee26d1f01e1bf4baf008e385f,9481692,0xcD12Ed9b63603bc9685Cda552c0156d9b297b41F,0x87A3effB84CBE1E4caB6Ab430139eC41d156D55A,0.0,0.001000009,confirmed
2025-10-24T17:56:42.075961,ethereum_tx,0x3d19ca3043c0e98a2ad862345e5d2455c6fa1c13c295f3ef4dfa897bfad3199e,9481692,0x71955d4098cD2C0737184Ec881016a538ed9A90D,,0.0,0.001000009,confirmed
2025-10-24T17:56:42.075961,ethereum_tx,0x0b7d201c7d12d5346baf1809ec8402c911dbc0074be68b422f2d6f3cb6190a2b,9481692,0xe497c1882d2fC664a2ba93C774363eA14F211d90,0xc807aa9514993745Cf7C35dDeB3eAdE5Af1e7B2C,0.001,0.001000009,confirmed
2025-10-24T17:56:42.075961,ethereum_tx,0x5ea3335961a376d373f55eb3bfb6a0d5bb8e07719484d6c3184d48cd93fd1290,9481692,0xd756119012CcabBC59910dE0ecEbE406B5b952bE,0xADF5aadbe080819209BF641fDf03748bb495c6f3,0.0,0.001000009,confirmed
2025-10-24T17:56:42.075961,ethereum_tx,0xd65827745b5ad1e1cc474f4f87dd13ae89e7ea9d21d7312daf72f6affb1a80f9,9481692,0x4C1F29576B4d4B8972827049c7eCCA07e250f274,0xc6255a594299F1776de376d0509aB5ab875A6E3E,0.0,0.001000009,confirmed
2025-10-24T17:56:42.075961,ethereum_tx,0xa74ba1131394d725417949cf2aaf362fcd10d7fdf43b228d32144e1bba12c1c4,9481692,0x108aB530863503ef7765eb9aAeFD2735Aa2fF1e4,0x03C66CB1826BDB0395BF31E68Bf7E873e9564fFB,0.0,0.001000009,confirmed
2025-10-24T17:56:42.075961,ethereum_tx,0x7c1419238f94782de43f881a98a62505135ce7d0d9f23b16affde03e28d2a291,9481692,0x905c16e089Ccc473d5bd41DDC4960a68D0D0908E,0xF3ECDEBD3d984daa7Ea57059bf8db426d7A8dCaF,1.47e-06,0.001000009,confirmed
2025-10-24T17:56:42.075961,ethereum_tx,0x2453260e4a58d745ceeb047db5d7407c672b2c4136184ff79d15feeb9a447c47,9481692,0xcc7a3706Df7FCcFbF99f577382BC62C0e565FcF0,0x9d94F6cc7713501c5C08c5B87472059e360210e5,0.0,0.001000009,confirmed
2025-10-24T17:56:42.075961,ethereum_tx,0xce9ecdf49315ab7a73b6f0bcde5d9a98cf627dff8f39fc1bdaa065fc6d4837a6,9481692,0xe1e2AE949837DcEA6c70546808525fDCE7990449,0x08d2b0a37F869FF76BACB5Bab3278E26ab7067B7,5.87e-06,0.001000009,confirmed
2025-10-24T17:56:42.075961,ethereum_tx,0xb76cdec6229a8bbd75c6b0af75643dbdbe24fe3948e8748aaa577ec3f62a158d,9481692,0x61f8B8F3d0628677c21034Ba5c50C98CbeA3d006,0x8156C94CF6983b39F40e95841BDD50C49549dAd7,1.68e-06,0.001000009,confirmed
2025-10-24T17:56:42.075961,ethereum_tx,0xae48f6005544a7b50c9e9f8bae0dddff4c73505f065b3618c0ee400ac4c7834f,9481692,0xB3C259f1235A50Bd0B8aA2E588648c106F6F3816,0x0215f8e5e81B75799Ae38232420377339d811796,0.0,0.001000009,confirmed
2025-10-24T17:56:42.075961,ethereum_tx,0x3711a23f907e5eaffef6c2030ca4dbc900e63286cf9d8c04933432eed042f7ed,9481692,0x06E47eb82d73AB2357e5b13f2d2F1c299761d2D2,0x1FFe1Ef37Ea444e51d9Ef4ec4A37928434818D12,4.77e-06,0.001000009,confirmed
2025-10-24T17:56:42.075961,ethereum_tx,0xafaf290db2c470f08153db4b798f78cf60b33d620839ea5c315d30ee83745707,9481692,0xBAdbc7dEE3EfE45BAf4Fcc53848343579910F989,0x853758425e953739F5438fd6fd0Efe04A477b039,0.0001,0.001000009,confirmed
2025-10-24T17:56:42.075961,ethereum_tx,0x204fb61541b29e50578be25b75b037aa39d96fe46df097c4edb1e0e9a1e0154c,9481693,0xB6D120C413039aD4CFA902b1F4b29b24e429B645,,0.0,1.000000009,confirmed
2025-10-24T17:56:42.075961,ethereum_tx,0x59b5e4707bfb3fb7983c39e691d90d5be0feecf20764bee0686a34b150e38f84,9481693,0xE11a24560260f47866A5CEC39a2905FB4D85E2a4,0xcA11bde05977b3631167028862bE2a173976CA11,0.0,3.000000009,confirmed
2025-10-24T17:56:42.075961,ethereum_tx,0xb919b5140c47cbbe468b3a832b00a4e49a8fb8c5025dcdff320d10df12fba0f4,9481693,0x9186A66C6EBF3fEf7C3D1FD7EaDF560f6a14Ca26,0x7a25d06Af869d0A94f6effAfFa0A830EEBF1EcfB,0.0,1.000000009,confirmed
2025-10-24T17:56:42.075961,ethereum_tx,0x8c31f5a8a41de265e63062b86d8ffba98ef4dece7035ab8b8b2cefb128367b2f,9481693,0x87f2E1C57454B6fF349e90b4a4c095751acA729A,0x95F5e37E008e0D770deBf9706895d07affB0BA76,0.0,1.000000009,confirmed
2025-10-24T17:56:42.075961,ethereum_tx,0x8a68508777e484614551cc397765097a0725020ee2dd3073af961edea44b4b4c,9481693,0xF37aaC44E118e33E9f29dA1f970BCF5D28074F14,0x00e9f3641E16dFaB7864f339F4FC2bC75DCC92C6,0.0,1.000000009,confirmed
2025-10-24T17:56:42.075961,ethereum_tx,0x4cb18fca384fa1bb96a412d83ce91c24828969bd123ed45cacc0655f390a52d4,9481693,0xf5CdC48272D9C22625D455a4C9E9e60eB0cdde48,0xc6255a594299F1776de376d0509aB5ab875A6E3E,0.0,1.5,confirmed
2025-10-24T17:56:42.075961,ethereum_tx,0x17e671f5a5c80775a5a9edfee76b0f323322bd5e8675679d5810169ea630d13e,9481693,0xB1bEd2E4081d86F3199B08a2aa3CE2959e9272ab,0xc6255a594299F1776de376d0509aB5ab875A6E3E,0.0,1.5,confirmed
2025-10-24T17:56:42.075961,ethereum_tx,0x9ae41d0dcc0180fd84553fbf608ff64a6a5cd884fade9e729d893b0192dbd108,9481693,0xFb24BB2DF1cB9e3f0b7E80ba2aB744F4F77c75E2,0xc6255a594299F1776de376d0509aB5ab875A6E3E,0.0,1.5,confirmed
2025-10-24T17:56:42.075961,ethereum_tx,0x2c18c52068b5b034df3af7aa9787350e419719a92890e0b8d8b88035e2fc8afd,9481693,0xaC56BEED1FCa1878621091c540a3d811D1DE8Dc9,0xc6255a594299F1776de376d0509aB5ab875A6E3E,0.0,1.5,confirmed
2025-10-24T17:56:42.075961,ethereum_tx,0xef56c980ee9bfb88b1971d7de91541845c93d224f43860dc7a6bf40368ac94ca,9481693,0x5689c7d8448B93A67666d39326Fc78334FF53F3f,0xc6255a594299F1776de376d0509aB5ab875A6E3E,0.0,1.5,confirmed
2025-10-24T17:56:42.075961,ethereum_tx,0xa1f622a8970c259352898158e8bd56f1ba4d0be89ed85d67d475a55f9c0ffae2,9481693,0xd53b2F43fFF96aBc04a3a368F3405aeaDb443CCc,0xc6255a594299F1776de376d0509aB5ab875A6E3E,0.0,1.5,confirmed
2025-10-24T17:56:42.075961,ethereum_tx,0x8470575d17fd80d2d809083af28e741d87e91d5bb4a2462c61bedd86dd4759ec,9481693,0x838F96368d719fD3765062A9761b1f94A65EBc6C,0xc6255a594299F1776de376d0509aB5ab875A6E3E,0.0,1.5,confirmed
2025-10-24T17:56:42.075961,ethereum_tx,0x2893e3216467fe7c24a5061c68d5ec995cc338c67e10bf6c88506a4313588bfe,9481693,0xE02E99e4b249358D3Bc6bBD060160C4d4D258B6e,0xc6255a594299F1776de376d0509aB5ab875A6E3E,0.0,1.5,confirmed
2025-10-24T17:56:42.075961,ethereum_tx,0xdf5fb07130eca6ffbf797a3dbcd1e8a137f98c1968afc474e895516aca726907,9481693,0xDaeC823329018d0c52f06399Af85f618CE084A5E,0xc6255a594299F1776de376d0509aB5ab875A6E3E,0.0,1.5,confirmed
2025-10-24T17:56:42.075961,ethereum_tx,0x8e76a60402519531121f225f15f7946219c31540221a7bf0479baddcb4ac51ad,9481693,0x78a6304E9dED5A9cbBBa2D85CD1E3A20e0f68193,0xc6255a594299F1776de376d0509aB5ab875A6E3E,0.0,1.5,confirmed
2025-10-24T17:56:42.075961,ethereum_tx,0xf02fa91ea6b70f19ce489208222717f9b6ae3938ae82571450f5f46ddaebb989,9481693,0x1342AB509342Ce666289e5030570eaA31ab50CC0,0xc6255a594299F1776de376d0509aB5ab875A6E3E,0.0,1.5,confirmed
2025-10-24T17:56:42.075961,ethereum_tx,0xb3ab7300d06d21115197afa21b1d8fe9f00042a96393965ac276cc64749975a6,9481693,0x4ECcfbCD17a99bD48Dc490eECcc9b370DdF452C0,0xc6255a594299F1776de376d0509aB5ab875A6E3E,0.0,1.5,confirmed
2025-10-24T17:56:42.075961,ethereum_tx,0x7cd54cccfca47661cabed0eba953af91a9e11980b54f0bde41223e2a2786039f,9481693,0x3b57d020281b5f014880977f57eE5b6991933101,0xc6255a594299F1776de376d0509aB5ab875A6E3E,0.0,1.5,confirmed
2025-10-24T17:56:42.075961,ethereum_tx,0x53cf24bbfc9ecaec4449dd39d1848cb946fe6e450eff901a689da02e53f9b08a,9481693,0xAC346feDd3214ff200CB8DE8f8cb0BB5b3928224,0xc6255a594299F1776de376d0509aB5ab875A6E3E,0.0,1.5,confirmed
2025-10-24T17:56:42.075961,ethereum_tx,0x341c7e0424a494dced6d44cfb9c9a06db1d23e6bd23913ec325561ba8d9a0858,9481693,0x0907eEc7791b1497272fa9CEfCBab83f70F5194b,0xc6255a594299F1776de376d0509aB5ab875A6E3E,0.0,1.5,confirmed
2025-10-24T17:56:42.075961,ethereum_tx,0xaf25a1c84d00439011fb8e65535f569a510dd18d6c13a1c4bce1c43cdde27ba5,9481693,0xB3A4e46b180887e27ea1881CF7A413775210440E,0x2BC718C1E90E8eF61457EE8eF3A3CB1E5056F63E,0.0,2.500000009,confirmed
2025-10-24T17:56:42.075961,ethereum_tx,0x6ebf570f8b22e40d6fe3d330e7e32c42bf29b1479e6868ebf98418ff24c7a28f,9481693,0x4EA09D8f3fb494a11072ff05b1BE2241adCeEd09,0x006B2223248D0e45296d7d4F3cffF325579954C4,0.0,5.010000009,confirmed
2025-10-24T17:56:42.075961,ethereum_tx,0x29c3f6acb0bf9942afef5005b1d8134b37d2a4d7997f39859f84a494980de8af,9481693,0xa029e2E511d10CC73b681a7BA0A0cb443AE956Ed,0x5F9364fd5F86091f0c654910c9Db71D3E2c889c3,0.0,1.000000009,confirmed
2025-10-24T17:56:42.075961,ethereum_tx,0x26c74019b2489c99d59b060c23155e56480ac2bd07ffcba6fa3839457848804a,9481693,0x760E339B5fA3280811F0488f18F4E133E12d27af,0xF308fE93792622165B8B3B6Ecc0D059668492e51,0.0,1.000000009,confirmed
2025-10-24T17:56:42.075961,ethereum_tx,0xaae4b656888670f86b3c2a1898a087dfb8076fee66a720f3764211e84b68b6fb,9481693,0xfD1eAcB8D8a3189EB1E97E1983fD40b8371b858f,0xfD4559b473fbcEABc0F68631646d6CEadF7B7040,0.0,1.000000009,confirmed
2025-10-24T17:56:42.075961,ethereum_tx,0xd37e45b5ee3c2c163f2422315d7790bc5ed61f48ab6d8df78725b6e4392cb9a0,9481693,0xfD1eAcB8D8a3189EB1E97E1983fD40b8371b858f,0xfD4559b473fbcEABc0F68631646d6CEadF7B7040,0.0,1.000000009,confirmed
2025-10-24T17:56:42.075961,ethereum_tx,0x6e7d34b9eb2f90dcb6d8500c2da2569c8ba3e79b84058709805332744c83fffd,9481693,0x49a2F09A0C59f425A0b9958549FEB2Af5d8E2518,0x197d1bD93Cc9D097c418D20B14bBB15F980F51C8,0.0,1.000000009,confirmed
2025-10-24T17:56:42.075961,ethereum_tx,0x2b0382de8029cb538368c34b7cb246d708530bd6859b5c998639240af0adcc7b,9481693,0x54d3C3c3a940ade2919d4fDf0CeD7751531Ef74F,0xa3CCd4E2a73fb55984c2BA57182Adb8f4AAD78AC,0.0,1.000000009,confirmed
2025-10-24T17:56:42.075961,ethereum_tx,0xe94bd399331ec83dcadf4100dd5bc8800ec7e23f7fc39aebd5fee46582ea624a,9481693,0x266aEAA6d43994B657e91A1C70E55C5E1da4D196,0x2A4496bbC344414e3bDbE6a8E7c40EF007DAeEd1,0.0,1.5,confirmed
2025-10-24T17:56:42.075961,ethereum_tx,0xc7eaa213c7957231ffea1690cd75c3b4559868d44b86d94f385f5d23b482b658,9481693,0x1f00D3D7116ec57eE061bAE1c6485fc3421C584a,0x2A4496bbC344414e3bDbE6a8E7c40EF007DAeEd1,0.0,1.5,confirmed
2025-10-24T17:56:42.075961,ethereum_tx,0xb159019548a24d89caf9ac11361a57e6a329b473eaefbcb98caaf4ccc12924cd,9481693,0x8f937B3BE78aE12702173698ed00a522bBBA0570,0x2A4496bbC344414e3bDbE6a8E7c40EF007DAeEd1,0.0,1.5,confirmed
2025-10-24T17:56:42.075961,ethereum_tx,0xa4d8132fcc393e4b5056e49e9470ae306dbb22e26855cbb6d6b7dbcf504bcc62,9481693,0x7e4b0aEc915A5514d01b15966A31c298423E0baE,0x2A4496bbC344414e3bDbE6a8E7c40EF007DAeEd1,0.0,1.5,confirmed
2025-10-24T17:56:42.075961,ethereum_tx,0x9778abcb34ccd4b160b09c8abacab9bec19ec4996650ec04f7b18cffcc7d4829,9481693,0xFDe992231A330Ed7E47948C943f602025f370B10,0x2A4496bbC344414e3bDbE6a8E7c40EF007DAeEd1,0.0,1.5,confirmed
2025-10-24T17:56:42.075961,ethereum_tx,0x85f150e5c3c94da1e47fe279230eb42e2e865db41df757564c3f404c3bee149e,9481693,0x0968a4c3B6B8864d7784f39e88cB025f19EDCd32,0x2A4496bbC344414e3bDbE6a8E7c40EF007DAeEd1,0.0,1.5,confirmed
2025-10-24T17:56:42.075961,ethereum_tx,0x7152ef2cfcb464d5e4f8756074a6c6c1480284b78b475bacbe3141179f5b3607,9481693,0xe8D498AddA5B80aD3EFC185BE915d73b0B393daA,0x2A4496bbC344414e3bDbE6a8E7c40EF007DAeEd1,0.0,1.5,confirmed
2025-10-24T17:56:42.075961,ethereum_tx,0xd9f3d71929101d6687479e831dfc1a9c5a5dd569cfcabb9200b0d4a7679c8918,9481693,0x9b8b1d35Ad7a3b129785900114e6778fdff80089,0x2A4496bbC344414e3bDbE6a8E7c40EF007DAeEd1,0.0,1.5,confirmed
2025-10-24T17:56:42.075961,ethereum_tx,0x0811772d6e1a742b26d06ad8ae3b006ec76381a0d78edb4e1c82aaf59ae42838,9481693,0x0172639aC4E178BAd27687ED389d34FffEb19A19,0x41BFe44Db4Fd2eAcfD493451be331042Ced80555,0.0,1.000000009,confirmed
2025-10-24T17:56:42.075961,ethereum_tx,0xf48bb6a4f5ea34227286ad9eab6f67954d9365db68046f64b23bb83ba1be6aae,9481693,0xCAe48CC52Cb22Fea40077434DBDd3BbA56eE1A03,0x000D51c298a9B0AcbDa440e1dd2E0812d7790e3f,0.0,2.000000009,confirmed
2025-10-24T17:56:42.075961,ethereum_tx,0xe8ec9c8fb60b9cf3b1c28b537676226ef0ba1e0ec0d261137ea4f5443a2c6498,9481693,0xCAe48CC52Cb22Fea40077434DBDd3BbA56eE1A03,0x000D51c298a9B0AcbDa440e1dd2E0812d7790e3f,0.0,2.000000009,confirmed
2025-10-24T17:56:42.075961,ethereum_tx,0xada8c71ff4392ad5bd0859619cc1e46e4db4a5813386958a04474688246849f9,9481693,0x780e5DF35BF706192942E4D06A2330dEaAE02c6c,0x001378BF3548e464c412FEBAC2a6B448Ba8D2638,0.0,2.000000009,confirmed
2025-10-24T17:56:42.075961,ethereum_tx,0x54b4e70c32dfa1eb0b817bc9f3b5758c1d124a23c168eccd30dbe5897f136891,9481693,0xCAe48CC52Cb22Fea40077434DBDd3BbA56eE1A03,0x000D51c298a9B0AcbDa440e1dd2E0812d7790e3f,0.0,2.000000009,confirmed
2025-10-24T17:56:42.075961,ethereum_tx,0xf0d7c0e487f9a9b4843047c9e05b76820f8f49b4c06983b19149dd3399f14b2e,9481693,0xCAe48CC52Cb22Fea40077434DBDd3BbA56eE1A03,0x000D51c298a9B0AcbDa440e1dd2E0812d7790e3f,0.0,2.000000009,confirmed
2025-10-24T17:56:42.075961,ethereum_tx,0x08361c88e48c56e8a111bff1d1582f9bdb84da3c70c38b7dc1adaeb28dcf8860,9481693,0xCAe48CC52Cb22Fea40077434DBDd3BbA56eE1A03,0x000D51c298a9B0AcbDa440e1dd2E0812d7790e3f,0.0,2.000000009,confirmed
2025-10-24T17:56:42.075961,ethereum_tx,0x686719a7a9780f580960296925974c962a54069f8f403fe7e08162d56babb433,9481693,0xCAe48CC52Cb22Fea40077434DBDd3BbA56eE1A03,0x000D51c298a9B0AcbDa440e1dd2E0812d7790e3f,0.0,2.000000009,confirmed
2025-10-24T17:56:42.075961,ethereum_tx,0x4874303c7f0138e604902cebf2fcc7198cab6f7cb0ac8c6bca28af8da293a9cb,9481693,0xCAe48CC52Cb22Fea40077434DBDd3BbA56eE1A03,0x000D51c298a9B0AcbDa440e1dd2E0812d7790e3f,0.0,2.000000009,confirmed
2025-10-24T17:56:42.075961,ethereum_tx,0x2ac1a598aea20d340218d947894732b9400d56d85cb25f942d8273532bfca258,9481693,0xCAe48CC52Cb22Fea40077434DBDd3BbA56eE1A03,0x000D51c298a9B0AcbDa440e1dd2E0812d7790e3f,0.0,2.000000009,confirmed
2025-10-24T17:56:42.075961,ethereum_tx,0xa60339170106279611a5769b913b88f3160665325178a347eb19bc0ac076f04b,9481693,0xCAe48CC52Cb22Fea40077434DBDd3BbA56eE1A03,0x000D51c298a9B0AcbDa440e1dd2E0812d7790e3f,0.0,2.000000009,confirmed
2025-10-24T17:56:42.075961,ethereum_tx,0x7aa770ff54776df20e2a8f170017b5a5b9cc5402695e410c6e2ecef40009da6a,9481693,0x01846850749d7EaBd9765EB765391434DfEF3E2B,0x629779e266398C1f7ed29cF33c309cf9d64E1b22,0.0,1.000000009,confirmed
2025-10-24T17:56:42.075961,ethereum_tx,0x4692c02ff87441b1d6b7e33953eb1c4af49d319f2c273b514efc922e2fa39ce1,9481693,0x035e24e82DB781e8a278C74247855ab5791d6612,0xBC04d69Ecd7890699b2BE7924eA86474e15098E6,0.599968499999895,1.500000009,confirmed
2025-10-24T17:56:42.075961,ethereum_tx,0xac3609ff6ac1f140dbfc1dd9fcca4502860e672fccdea3b7d72fc662688df896,9481693,0x6adbFB2d5D377612c5D3Fd9373934FbdcEaC160F,0x6B48f30DD9D466805C43A15992Dfa4451DadA4CC,1.19e-05,1.5,confirmed
2025-10-24T17:56:42.075961,ethereum_tx,0xdff3713b28d098e8551145c4f4333b4629a5f9ccbf3e981924e34bb243180866,9481693,0xF0FEd0C0192539a1076d8BDa1233f414704d98Be,0x00D22efF04CF7d0f5A355A6D9A06E43120398dA6,0.0,1.000000009,confirmed
2025-10-24T17:56:42.075961,ethereum_tx,0x53988c79da298363e84f8fd65b5f140948479aa3eee068a49b5184cfe753c033,9481693,0x7BFf49D5c9BA8E518061F4978E8FF0920eaa3a7c,0x7A666bEc1e5ea04F832A03edd36516DCC04F8712,0.0,1.000000009,confirmed
2025-10-24T17:56:42.075961,ethereum_tx,0xef3fba0469b50778d53cef51c8b86e069c744dae351fb3d98555f14c7394ebc0,9481693,0x45A9E762151139bA4059404989DcFAb068D69823,0xFf00000000000000000000000000260011155008,0.0,1.000000009,confirmed
2025-10-24T17:56:42.075961,ethereum_tx,0x28443ad28d06a4f1e17050340ea3333c50bf99a849a91ab559d5961f0caa2a82,9481693,0x71955d4098cD2C0737184Ec881016a538ed9A90D,,0.0,0.001000009,confirmed
2025-10-24T17:56:42.075961,ethereum_tx,0xc8c9bd1dfa90d762affdc090d77e72a00b85e5c87494754e9c6ebd9a15c0f528,9481693,0x6ACF0E5CEcFD578bF33B3fCc3ce9De5534D9A962,0xf993E10C83Fe26DddFc6cb5E82444C44201e8a9C,1e-06,0.020000009,confirmed
2025-10-24T17:56:42.075961,ethereum_tx,0xba335db646ce02ff6f9efc8c08dd6cfb358a02ed68497a1c77e6ade4eb79aed0,9481693,0x6Ac0a441a9F8668260063abB697B57045dC26bBc,0xf993E10C83Fe26DddFc6cb5E82444C44201e8a9C,1e-06,0.020000009,confirmed
2025-10-24T17:56:42.075961,ethereum_tx,0x30bcec7eebdd7666780da1ffce4c81f43b4ac1aadf53485e56593d8c11fa8924,9481693,0x440decdFc1d190fd1fCcA2FA6ac792b1B402A4C0,0xf993E10C83Fe26DddFc6cb5E82444C44201e8a9C,1e-06,0.020000009,confirmed
2025-10-24T17:56:42.075961,ethereum_tx,0x066ea75e9168fca384b8fe6cfe8cdb596b3754f3db20678fdb67b290eb2418a5,9481693,0x397786b8fC24f6FB2366929f9387c32618508ffE,0xf993E10C83Fe26DddFc6cb5E82444C44201e8a9C,1e-06,0.020000009,confirmed
2025-10-24T17:56:42.075961,ethereum_tx,0x244b55e26d3bded3520315d25828698c057ddcba61550274911bfed4e967c7ff,9481693,0xAd9fDaD276AB1A430fD03177A07350CD7C61E897,,0.0,0.001000009,confirmed
2025-10-24T17:56:42.075961,ethereum_tx,0x915a669c577290da6196250e43f1ed7dfb0b47226a7e768df89069c74803823b,9481693,0x6d7927C0D236388319864007681BC0C6b844Def8,0x12e1181a741b70BE6A9D81f85af3E92B6ba41897,0.0,0.001300011,confirmed
2025-10-24T17:56:42.075961,ethereum_tx,0x70f715c41ad139c3f93bffbf2f9824e9b459154ddaa5b70401a26ea1994ceae7,9481693,0x41649a1F8B2499e2F7884184D062639CEF9d0601,0xC22834581EbC8527d974F8a1c97E1bEA4EF910BC,0.0,0.001200011,confirmed
2025-10-24T17:56:42.075961,ethereum_tx,0x73633db735d89e27ce738f37d163951afeb8e7534033b37444dd7219c969372f,9481693,0xc6f7A793Db4D3992953bF26ecC5052b20Bf02070,0x7215691F60C4fA7Bb82c5Ac44c7d57dc32bB0493,0.0,0.001052641,confirmed
2025-10-24T17:56:42.075961,ethereum_tx,0x7b8c75eb0c23ded939635d9734f2c8a4a7a3bc229707edd4513af6e86285c6fa,9481693,0x5d72984B2e1170EAA0DA4BC22B25C87729C5EBB3,0xd4116f515A6958da851080B390DDE4B81f408978,0.0,0.001000001,confirmed
2025-10-24T17:56:42.075961,ethereum_tx,0xd7d547297f3b670cc98cf7106d04e04339e2b9febda29ccc482fbae489841342,9481693,0xD46aeeD87A795606B9617e347A33Cdb7e64c6f36,0x87A3effB84CBE1E4caB6Ab430139eC41d156D55A,0.0,0.001000009,confirmed
2025-10-24T17:56:42.075961,ethereum_tx,0x04da985ae644a6678c99ed36390413da6373e4e7176cca3a3fd631e305d64734,9481693,0x9FEba11ec01d7086dDa94DaF64194E2bD229eAD0,0x87A3effB84CBE1E4caB6Ab430139eC41d156D55A,0.0,0.001000009,confirmed
2025-10-24T17:56:42.075961,ethereum_tx,0x1d83fd9a519eb18aa2c574710e789ae1f91e667eee27de6704a3ddfdcd5d2ab8,9481693,0x61d8838f9A00250C9AF13D622DA7c08c372ee587,0xCf8EDB3333Fae73b23f689229F4De6Ac95d1f707,0.0,0.001093848,confirmed
2025-10-24T17:56:42.075961,ethereum_tx,0x1423fdaa3803a0eb748b62ed14645ae6a2a44e4c91b505863180739c97027cc2,9481693,0x4777B3a45c29E93e9afcDE7AefF5d35cabCB2323,0xd82F42477B6A1D8521866Cbf394e75eC3136CE7e,0.0,0.002000009,confirmed
2025-10-24T17:56:42.075961,ethereum_tx,0x7a86d4d55691e1709ecceb1e5b6a31df248a143380e12fd1fb2bccf81e0f1ea0,9481693,0xB4fC80AEc34911C5d761259E74aE8a24c2C5D995,0x666CA6fC75B44F3FF2d321c5947031141409B152,0.0,0.001056357,confirmed
2025-10-24T17:56:42.075961,ethereum_tx,0x45657387fa78a7d59b0ac8b33a4f757f1195fcc21f67caaff22f5afac6961021,9481693,0xb3a1956Cff1ecc8054B81b0C83b9847CB71384b8,0xCf8EDB3333Fae73b23f689229F4De6Ac95d1f707,0.0,0.001093848,confirmed
2025-10-24T17:56:42.075961,ethereum_tx,0x0c97297c8e966e91ae696a7e82eb50d5c79b5b64f014f164fe9a4f23b3f26054,9481693,0x61d8838f9A00250C9AF13D622DA7c08c372ee587,0xCf8EDB3333Fae73b23f689229F4De6Ac95d1f707,0.0,0.001093848,confirmed
2025-10-24T17:56:42.075961,ethereum_tx,0xc230ae37b265ae683ba07a9d48a1cd07679d84ee46938a334bbc5146fdb3e471,9481693,0xb3a1956Cff1ecc8054B81b0C83b9847CB71384b8,0xCf8EDB3333Fae73b23f689229F4De6Ac95d1f707,0.0,0.001093848,confirmed
2025-10-24T17:56:42.075961,ethereum_tx,0xe0c03881af33bec9f7a6650f0a2d7795491117611ea147db751cc55fe5df394b,9481693,0xFA646594bF2241061314d53e850A466815B3600a,0x738e96D813a47552499fe1C82E8dD415f7afB7C3,0.0,0.001056357,confirmed
2025-10-24T17:56:42.075961,ethereum_tx,0xecf073018e0cb6ed2197937d12d8db4727a1f897ac7c3acdabf41f2958366cf0,9481693,0x672636E2fD5B92d5aeEb7d8FC7eC29af1419CC08,0x41F26fD1792f9818BB397Af202a9d966D3d01304,0.0,0.001000009,confirmed
2025-10-24T17:56:42.075961,ethereum_tx,0xf59be00bc3913950eb7adba611c4ae9c8f17435a5ee9f3f1211a6494749f3cd7,9481693,0x4BA56bDa2009816e260921970041d6Eb005D7272,0xC764A997C86dC22B50Eb637626e3f46bfd82534A,0.0,0.001500014,confirmed
2025-10-24T17:56:42.075961,ethereum_tx,0xe3510ad07c594fbe7c6a2a0ccf66904b218eaef1b5a6a3fe6f22cf086e3bd0fb,9481693,0x6F026b4Bf3D6F17f0da5B32Bd9cE2149c0360c6D,0x956962C34687A954e611A83619ABaA37Ce6bC78A,2.5524709025985e-05,0.001500013,confirmed
2025-10-24T17:56:42.075961,ethereum_tx,0xde052e5e94df26bf72e9c14bea8658559ba3d379aaf3934856a895b0cc3fc523,9481693,0x3fc0Ef4C1F4ac1E77F9AC35AF167fCbC2DE19Fd8,0x956962C34687A954e611A83619ABaA37Ce6bC78A,2.092120814135e-06,0.001500013,confirmed
2025-10-24T17:56:42.075961,ethereum_tx,0xa4cc2f6245d1b977d87e3a967388f46bdffc8153ae3e476861f9b1a96e8d3a73,9481693,0x4E80613d6250BCc78ec64620BBFa7dA7B9265459,0xc6255a594299F1776de376d0509aB5ab875A6E3E,0.0,0.001200011,confirmed
2025-10-24T17:56:42.075961,ethereum_tx,0xc965d810f850a685f63b47d715ceb534166dbca65b1d31d3957647fd136c3d60,9481693,0xd25DB2Ff2263A31b192EE117eB83E7792C01d58f,0x956962C34687A954e611A83619ABaA37Ce6bC78A,0.000211,0.001200011,confirmed
2025-10-24T17:56:42.075961,ethereum_tx,0x94d31d92ae9ea5feb15d74c8de76ef463a21c54188538d5f8a2cf11c49e126de,9481693,0x289EE42a3AadFBA61d41C94c2Bf6271C487787EF,0x465C15e9e2F3837472B0B204e955c5205270CA9E,0.0,0.001200011,confirmed
2025-10-24T17:56:42.075961,ethereum_tx,0x9709f80041708c87223cb863eaf438afec08821c9268b888e7bb3f74f4b2de2c,9481693,0x3Da763C42E438eB17880fB6A83040d6cf13eF03b,0xFf00000000000000000000000000000000042069,0.0,0.001000009,confirmed
2025-10-24T17:56:42.075961,ethereum_tx,0x053e72fa2a21bcb3d50efaa6943a8a6aa867c5ad46fe776f9bc295649aaa7512,9481693,0x3Da763C42E438eB17880fB6A83040d6cf13eF03b,0xFf00000000000000000000000000000000042069,0.0,0.001000009,confirmed
2025-10-24T17:56:42.075961,ethereum_tx,0x8abe33d052372fa4777a0b4266dfff8c1008eb8ed434b8c486847f9f83a6180d,9481693,0x69cDf38fc92276ece115B896fE2145C6a7ab3301,0x956962C34687A954e611A83619ABaA37Ce6bC78A,0.001,0.001,confirmed
2025-10-24T17:56:42.075961,ethereum_tx,0x5728de886b2cb308694ae2beab49879cb464b349b753b32ba7340c67ea0db5ad,9481693,0x3B290E03716f3B5AD76477aE17694Af5411dDb63,0x956962C34687A954e611A83619ABaA37Ce6bC78A,0.001,0.001,confirmed
2025-10-24T17:56:42.075961,ethereum_tx,0x51561ba902c3e7499f54153b00d92bb1add18bccd25e078fcabef33d964f40d8,9481693,0xe03F5Eea59b3e719653d522811A49E089FA0DE8e,0x956962C34687A954e611A83619ABaA37Ce6bC78A,0.001,0.001,confirmed
2025-10-24T17:56:42.075961,ethereum_tx,0x249def274647fa74659da9c6b5813fcc3c9244e1f060d708bd696f7ca13f1c5d,9481693,0x9dA7810c4b81C5241ddEd3486543B3F878f8484d,0x956962C34687A954e611A83619ABaA37Ce6bC78A,0.001,0.001,confirmed
2025-10-24T17:56:42.075961,ethereum_tx,0xf47a27f5435d7e7b658c2129d431543d6a6811c3b6b624e067c44df23bd824e4,9481693,0xE3758789627c60ce8f035df2a032FB6790F49d74,0x956962C34687A954e611A83619ABaA37Ce6bC78A,0.0001,0.001,confirmed
2025-10-24T17:56:42.075961,ethereum_tx,0xeb8e3fe87cd587c7d7eb6fcaa988107e7c42915866229ae47d452a90a646605e,9481693,0x1BE517bb7c6BA92eaBE27d01d7Fd3a3A6271F2C5,0x956962C34687A954e611A83619ABaA37Ce6bC78A,0.00023,0.001,confirmed
2025-10-24T17:56:42.075961,ethereum_tx,0xeb0210e05a028a143e941a478031584c15f06c5faff61b8b8590615325357e9e,9481693,0x0c55dFbd31D22F94695695eb83F4320494131DB6,0x956962C34687A954e611A83619ABaA37Ce6bC78A,1e-05,0.001,confirmed
2025-10-24T17:56:42.075961,ethereum_tx,0xea0d84658f1fc588ab59f3703865dff9f427127fd46a853e72a32fa34d5afe6d,9481693,0x9C8FaA60ac71ad698FA1E9ba77C7F409eF4834cf,0x956962C34687A954e611A83619ABaA37Ce6bC78A,0.000132,0.001,confirmed
2025-10-24T17:56:42.075961,ethereum_tx,0xc9039a2b1403b8129a6fce7cfafe890ddcfc7a131f9897dcf9274f23add97298,9481693,0x99CbF2D9e16F5692E2F7528057Eb9cfb5669C97e,0x956962C34687A954e611A83619ABaA37Ce6bC78A,0.0002,0.001,confirmed
2025-10-24T17:56:42.075961,ethereum_tx,0x659431c1c43f014f306839e64becc9d19288366f655f99d7046b7c8246cf9f51,9481693,0x0B61fd795242cAED2FEd5DB1c83E8F46D390aFD5,0x956962C34687A954e611A83619ABaA37Ce6bC78A,0.0001,0.001,confirmed
2025-10-24T17:56:42.075961,ethereum_tx,0x1ffdfd99f6c310e7a31b9685fdb4bf55d601ba546be21e2a5912cae692e1ccce,9481693,0xafdcCe1Cad7a083860D73f2d62C2090292DBA171,0x956962C34687A954e611A83619ABaA37Ce6bC78A,1e-05,0.001,confirmed
2025-10-24T17:56:42.075961,ethereum_tx,0x1f51d3683a3545c305996e764aa907b4b461d195d5acf55e2dcb3313b40f310e,9481693,0x7f132C78348c1e5a6b1E271bDf247092aFF9188f,0x956962C34687A954e611A83619ABaA37Ce6bC78A,1e-05,0.001,confirmed
2025-10-24T17:56:42.075961,ethereum_tx,0x18a8a8ba24535a31046a75174b409874d3e5942c170af15f9e91f38e33e47505,9481693,0x3147f2B54f644d58360c70FCA54826d0dd36f0aD,0x956962C34687A954e611A83619ABaA37Ce6bC78A,0.0001,0.001,confirmed
2025-10-24T17:56:42.075961,ethereum_tx,0xf7bfe3b4b1156bf61bac3d632163f34d96fecef9691ed939b61abe2ec1cb9ea2,9481693,0xd2630A2bC38DC34200FdaB178E44C89926ff2b91,0x956962C34687A954e611A83619ABaA37Ce6bC78A,3e-06,0.001,confirmed
2025-10-24T17:56:42.075961,ethereum_tx,0xe6f507fbc56519c1206b347bcb93e1cdea2ba344d07b310bfd96eb20e3bb2c41,9481693,0x572e2B3140ea2a46F48E3ffe72e418C0883cE2C3,0x956962C34687A954e611A83619ABaA37Ce6bC78A,1e-07,0.001,confirmed
2025-10-24T17:56:42.075961,ethereum_tx,0xddce1edaaac6d6bd05a19330ad56af073ae4d1f575ab090cc91b3f8a679f94e1,9481693,0x1F8A262E5A472191842c8B7dd1c312D85f7E6bA3,0x956962C34687A954e611A83619ABaA37Ce6bC78A,1e-07,0.001,confirmed
2025-10-24T17:56:42.075961,ethereum_tx,0xa2e4763b638bf30cde089e6d3d08baa90386773d6cda4fdff498743f08720539,9481693,0xB0752cCA8b78aAB13eA9bE15f9C2b88Fd8B6F043,0x956962C34687A954e611A83619ABaA37Ce6bC78A,1e-07,0.001,confirmed
2025-10-24T17:56:42.075961,ethereum_tx,0x8f6176f7cb381b62ae604ab059080deafc2aac3a8350169e1c33ef9e844c2353,9481693,0x41b9010cf5E134D432483BB08EA5a85bdbAf2FAD,0x956962C34687A954e611A83619ABaA37Ce6bC78A,1e-06,0.001,confirmed
2025-10-24T17:56:42.075961,ethereum_tx,0x884b99a6c145a3aec99c4a3845cec6d512d30f3efcd4098cdbcb84d70f171539,9481693,0x94B794E59838De302CCf043d1c7C5E14fc6473A1,0x956962C34687A954e611A83619ABaA37Ce6bC78A,1e-07,0.001,confirmed
2025-10-24T17:56:42.075961,ethereum_tx,0x7c958187eae37ee5add4e8b9db7c3a227fc2cf83966e5092807415a8547ba064,9481693,0x13e6009357AF52E7D564b5914aa97719C8304A28,0x956962C34687A954e611A83619ABaA37Ce6bC78A,1e-05,0.001,confirmed
2025-10-24T17:56:42.075961,ethereum_tx,0x6d530ce88a57e6695ad6053d8a2d1f5a5e78e735c4d6d5c50c5c7aa573132f7a,9481693,0x0d22b9e63712F00648071f38fBEcf5B97a4803dE,0x956962C34687A954e611A83619ABaA37Ce6bC78A,1e-06,0.001,confirmed
2025-10-24T17:56:42.075961,ethereum_tx,0x635c543d130e0bac89964e638e828ecf3bb5b22f3b98d17ba5bf6a16a0a76714,9481693,0xC7a0a399b846fd6c539A351f4e0Ff5bc2af14854,0x956962C34687A954e611A83619ABaA37Ce6bC78A,1e-07,0.001,confirmed
2025-10-24T17:56:42.075961,ethereum_tx,0x55fca25f00d1d5eed60aa65e2d1491aa428e26b240a86b5051de7dea55fa013e,9481693,0xeB23746F20CA8Bca63d99bf0c201c9f4892BfD01,0x956962C34687A954e611A83619ABaA37Ce6bC78A,1e-07,0.001,confirmed
2025-10-24T17:56:42.075961,ethereum_tx,0x3f25eccf1c7c52683d8d2c5b27c71c896240bd05605a1671c87f5125acde12b7,9481693,0x5C23Cb1313e2737d797B948DFf6Be3Cc689e1641,0x956962C34687A954e611A83619ABaA37Ce6bC78A,1e-06,0.001,confirmed
2025-10-24T17:56:42.075961,ethereum_tx,0x3356552312fd7c178b33853f42c50388279c9bc9a88e855c75fd8acfb449ff89,9481693,0x6d6b5614Fc87D32C7fa1680205eBcc879600b4B4,0x956962C34687A954e611A83619ABaA37Ce6bC78A,0.0001,0.001,confirmed
2025-10-24T17:56:42.075961,ethereum_tx,0x1fd3e012cb649c34c72670c65a71d18e33f156d040c1c5f5d8bac19d17f82d77,9481693,0xD076b60F5Bf6a225eEE88262697a7Cf07F9D558A,0x956962C34687A954e611A83619ABaA37Ce6bC78A,1e-06,0.001,confirmed
2025-10-24T17:56:42.075961,ethereum_tx,0x13c726cf26cb2d2f0f838b185e51052d75d94d07a3c8fee4e2ae0351e4ff01f1,9481693,0x9dc66AB5cDf7Fac6d01b994284950d8585ff7022,0x956962C34687A954e611A83619ABaA37Ce6bC78A,1e-07,0.001,confirmed
2025-10-24T17:56:42.075961,ethereum_tx,0x0d5230682dc7d7948a3ded534727728ea680e10ad002a7af50c23a7c7f2b8b8b,9481693,0xC5fE9494c40662D15fc0969fECBcd1D918bCA071,0x956962C34687A954e611A83619ABaA37Ce6bC78A,1e-07,0.001,confirmed
2025-10-24T17:56:42.075961,ethereum_tx,0xb387c961672e904d50b12d6c35096176a07f894aae88b575522c34afa97c6030,9481693,0x3b1Ff923369DB2Ec3633c688A7006cFDdb1524A8,0x956962C34687A954e611A83619ABaA37Ce6bC78A,1e-06,0.001,confirmed
2025-10-24T17:56:42.075961,ethereum_tx,0x74a665fdcb8f81471a15cc91bfd04bcce036db0818ba5b26666c3e5040c8bb47,9481693,0x24e1Ed33723BEE8f700E00c06B86c815c75071Ba,0x956962C34687A954e611A83619ABaA37Ce6bC78A,1e-06,0.001,confirmed
2025-10-24T17:56:42.075961,ethereum_tx,0x45a3e6c888b6565527e063820f59f0f3a445c0faac01b97e870b829a372d6ce0,9481693,0xda6b40AD1b361Cb2229F9794Cc9Ba070b86Ec4Cd,0x485D32dA4a40881CfaDbA127E3F6315aC9d3aE25,0.0,0.001000009,confirmed
2025-10-24T17:56:42.075961,ethereum_tx,0x95005238531c8989ba99552bf2f5fc90467048325a236297f57f558ae21e357c,9481693,0x78Ae12562527B865DD1a06784a2b06dbe1A3C7AF,0xa9544a49d4aEa4c8E074431c89C79fA9592049d8,0.0,0.001000009,confirmed
2025-10-24T17:56:42.075961,ethereum_tx,0x50ff5d5469f0a86e023b7e895c6506a3ee633864884e15f99a4fe768c69d6fa9,9481693,0xd756119012CcabBC59910dE0ecEbE406B5b952bE,0xADF5aadbe080819209BF641fDf03748bb495c6f3,0.0,0.001000009,confirmed
2025-10-24T17:56:42.075961,ethereum_tx,0x6063558fa1732354707a32bcc007858a9d97f4b3f4346a03a0017dc289e0fa01,9481693,0xC7AF91293dC7dF3DdF0bF0dDD14AaA96aE63BD4E,0xF694E3E9Bd8a15A88e7839409434c85e55bbCA89,0.0,0.001000009,confirmed
2025-10-24T17:56:42.075961,ethereum_tx,0x16c960797abcb096a54ec3717e5d133d12ba15553dd72ffa80bd438b9eb7537f,9481693,0xC7AF91293dC7dF3DdF0bF0dDD14AaA96aE63BD4E,0xc1E019D9FBfcBBc7A388396e46b5a767343D5De4,0.0,0.001000009,confirmed
2025-10-24T17:56:42.075961,ethereum_tx,0x5ceca27a50458c63eb04ced49c46f002420fcb7086249f7ad3dccb68249f4fb4,9481693,0xC7AF91293dC7dF3DdF0bF0dDD14AaA96aE63BD4E,0x1f7344a6D9d85565A4F0eaA364DF4E77F1F2e7B2,0.0,0.001000009,confirmed
2025-10-24T17:56:42.075961,ethereum_tx,0xfd0ad581ba9e03cee1c993b1440f68bd8a669ef05ffbd761c8d3796d5e207d73,9481693,0xb1F69D01a491Bb4d6bB2A3FCfDdb13e27C6f9cDC,0x3eDF60dd017aCe33A0220F78741b5581C385A1BA,0.0,0.001052641,confirmed
2025-10-24T17:56:42.075961,ethereum_tx,0x751a1c0127924588ecad197af5417448d94166e4831d7d39f20fbbd3ae660df6,9481693,0x01bB0205727df9bb516141D438565B1f849BB106,0x3eDF60dd017aCe33A0220F78741b5581C385A1BA,0.0,0.001052641,confirmed
2025-10-24T17:56:42.075961,ethereum_tx,0xd36ba0be32fcfeb86dd101924dd3e705706863ea96ec9971ac0f1df9ebac8b98,9481693,0x099BA97a37FA019c064a2517026e3c2Ea8DB9964,0xF6e7F84d9cee738ec59c08B7a7260152C236813a,0.0,0.001000009,confirmed
2025-10-24T17:56:42.075961,ethereum_tx,0x98be41b73a9efe1ecbe2e1a62c0dc8b2b601475afd29f7bfdc26699cd76ffc6f,9481693,0xc9C3D9FA16b4DF8696AEFDedc10B1B88f526D496,0x03C66CB1826BDB0395BF31E68Bf7E873e9564fFB,0.0,0.001000009,confirmed
2025-10-24T17:56:42.075961,ethereum_tx,0x7b49f23e1622ec383e0910907dd4c189c74361a7126174b2c1b516b6f3776abb,9481693,0x441CcBBB7b5e6731c56e760367404AdebD882ac2,0x03C66CB1826BDB0395BF31E68Bf7E873e9564fFB,0.0,0.001000009,confirmed
2025-10-24T17:56:42.075961,ethereum_tx,0x7254edb5d145a10b56e6a455d1bdad6d0d84b761eded51593d9c96e01ca7d254,9481693,0x4586F1F525D42508610b890ac50a3574B863636e,0x03C66CB1826BDB0395BF31E68Bf7E873e9564fFB,0.0,0.001000009,confirmed
2025-10-24T17:56:42.075961,ethereum_tx,0x66de3d0de3f01d8f90a9054d46adf67fe45a276ee18def6a5fae45ea3fc8bc57,9481693,0xc48049447e73C975Ac705dFA34c1740a0326F97D,0x03C66CB1826BDB0395BF31E68Bf7E873e9564fFB,0.0,0.001000009,confirmed
2025-10-24T17:56:42.075961,ethereum_tx,0x569b1906cbd6cf119a823e5fd9db6afd6ad1522fac30e555c896f014c859f798,9481693,0x893308EeDebc0728ecAb35eFFadE7461B90237F5,0x03C66CB1826BDB0395BF31E68Bf7E873e9564fFB,0.0,0.001000009,confirmed
2025-10-24T17:56:42.075961,ethereum_tx,0x26672f948853fa9e8d5163a9543d072ce29e4ac7ded92da993ed209ca757d14d,9481693,0x9879365Bd5B049eA29Df31dE922E6f3C966EBb88,0x03C66CB1826BDB0395BF31E68Bf7E873e9564fFB,0.0,0.001000009,confirmed
2025-10-24T17:56:42.075961,ethereum_tx,0x253d2e88147b2f2daa27efe31cbb6b220f4ff4bcaf0cb865dbb60406ccf20d91,9481693,0x45bD3b0ae982b66D2EB2305Cb0CC35F0558fcD09,0x03C66CB1826BDB0395BF31E68Bf7E873e9564fFB,0.0,0.001000009,confirmed
2025-10-24T17:56:42.075961,ethereum_tx,0x17b990437d2014c2d922e3239040227d72e36a97ffefe8223d5576fb54807e4d,9481693,0x4DDA1A0E79aEEC11672878485fbCd24DAD61b776,0x03C66CB1826BDB0395BF31E68Bf7E873e9564fFB,0.0,0.001000009,confirmed
2025-10-24T17:56:42.075961,ethereum_tx,0xc366d3bbcc84136435942b67dfd5246829164419ae289dd35e19c4ac16e43cd6,9481693,0xC7AF91293dC7dF3DdF0bF0dDD14AaA96aE63BD4E,0xF694E3E9Bd8a15A88e7839409434c85e55bbCA89,0.0,0.001000009,confirmed
2025-10-24T17:56:42.075961,ethereum_tx,0xc6023df9e16e168a7e81197b97c0fefec85ff39b9c23063f006ad43d6c6446bb,9481693,0xC7AF91293dC7dF3DdF0bF0dDD14AaA96aE63BD4E,0xc1E019D9FBfcBBc7A388396e46b5a767343D5De4,0.0,0.001000009,confirmed
2025-10-24T17:56:42.075961,ethereum_tx,0xa0244b4bc3d40ca90689ec3a9a5a3dbb9ca4989b0ccfa179b41095e2ffb77c77,9481693,0xC7AF91293dC7dF3DdF0bF0dDD14AaA96aE63BD4E,0x1f7344a6D9d85565A4F0eaA364DF4E77F1F2e7B2,0.0,0.001000009,confirmed
2025-10-24T17:56:42.075961,ethereum_tx,0x50a86db9e29f0be49789935366355d8f04176b21c520274e465afd8b6cb82346,9481693,0x506a298ec07561a927cF5263C16bF54B2DAF44DC,0x15B0E3766B144fbB190AeA6F01d8676af20C5aef,0.0,0.001000009,confirmed
2025-10-24T17:56:42.075961,ethereum_tx,0x2b09192d3887c848273ec556ac4c0441f7bef6a7591e592e9b7109af11372f86,9481693,0x8CAF5e881b3CB29Da8e36B5D448CbEa34ED2fBf9,0x69C6b28Fdc74618817fa380De29a653060e14009,0.0,0.001000009,confirmed
2025-10-24T17:56:42.075961,ethereum_tx,0xa879562d99073ad6d6ae2b6957d76d4823c7724a91e1ddd3fbfa27432ca1d1d0,9481693,0x21bd2b9c258570d3c371E336973F60a72e25b3E5,0x83458E8Bf8206131Fe5c05127007FA164c0948A2,0.0,0.001000009,confirmed
2025-10-24T17:56:42.075961,ethereum_tx,0xa097402462b131e69d6af91d49c813ae88de44c6907cdc71a3ca520045055a2b,9481693,0x9484449f2BE7CD6E01eF55bC5438C733e0759e0f,0x953487dcB4D54f4a21A4E5f42270947Efd8150a8,0.05,0.001100009,confirmed
2025-10-24T17:56:42.075961,ethereum_tx,0xe60ebb1da5248482577399302c6a2da413c98b906a1f4fed17635c245df03a4a,9481693,0x61f8B8F3d0628677c21034Ba5c50C98CbeA3d006,0x365FCCB50970E657243C8406eac1016472A7b298,1.19e-06,0.001000009,confirmed
2025-10-24T17:56:42.075961,ethereum_tx,0xc5fb974f356e9a2b5484ff1f7b2a4bf49bc972c6555bd9a1ddbe6599147c65fd,9481693,0x4495B02d62Bcb31D8a0c3ee8e551ADbf05473676,0x0000000000000000000000000000000000000000,1e-05,0.001000009,confirmed
2025-10-24T17:56:42.075961,ethereum_tx,0xbcc6ce13a21683a729c62a2cd36a8f16ff47017e68831a98b78da7477421f40e,9481693,0xE232521803e53509E75A8DD8e8C9db2d56Ae70C0,0x0DfF5d6ce17298B7D2F8Ba272693e03a9D1c99Bd,0.001,0.001000009,confirmed
2025-10-24T17:56:42.075961,ethereum_tx,0xb20ce6cff33a71f6e55bad7e2db693fe7069f468628e1fa96fb8510609aa47d4,9481693,0x49E8d6086D2029C4334188571bf5b22597d596c4,0x49E8d6086D2029C4334188571bf5b22597d596c4,0.0001,0.001000009,confirmed
2025-10-24T17:56:42.075961,ethereum_tx,0xac7d1f7c251a3a3b246ea8c96c856b660a642e977956c8727f2c8fc5cc028827,9481693,0xe1e2AE949837DcEA6c70546808525fDCE7990449,0x08d2b0a37F869FF76BACB5Bab3278E26ab7067B7,5.87e-06,0.001000009,confirmed
2025-10-24T17:56:42.075961,ethereum_tx,0x7b2d3f4946e032c3427b023cfb7331690800c715613d3429578f2efce7c981e7,9481693,0x0DB7a529E4E8fC6BCA32D246B095839c556297b4,0xE3e52c9A4820F278A5EdadeD49A4e220616A70e1,2.499999978999811,0.001000009,confirmed
2025-10-24T17:56:42.075961,ethereum_tx,0x526e376733ca7d5b804f4f63c2ae4d9ab777c0b08d8f3c247587913b1bcaf69b,9481693,0x905c16e089Ccc473d5bd41DDC4960a68D0D0908E,0x1B599aD3596378a72F20aBe9756995909132a272,1.73e-06,0.001000009,confirmed
2025-10-24T17:56:42.075961,ethereum_tx,0x512934495ace77cecdb740d1fdd229cce3af8bfe706793585fa3792668b69c91,9481693,0xe1e2AE949837DcEA6c70546808525fDCE7990449,0x08d2b0a37F869FF76BACB5Bab3278E26ab7067B7,5.87e-06,0.001000009,confirmed
2025-10-24T17:56:42.075961,ethereum_tx,0xb4773ba99ceb9c45f0028123c34cec356dceb0660b34aefd87bf1c61f6f516cf,9481693,0xe1e2AE949837DcEA6c70546808525fDCE7990449,0x08d2b0a37F869FF76BACB5Bab3278E26ab7067B7,5.87e-06,0.001000009,confirmed
2025-10-24T17:56:42.075961,ethereum_tx,0x53642b3896b53ea1ff895fb7f51222bd90979d479cda5fa922ff559c47a124c9,9481693,0xe1e2AE949837DcEA6c70546808525fDCE7990449,0x08d2b0a37F869FF76BACB5Bab3278E26ab7067B7,5.87e-06,0.001000009,confirmed
2025-10-24T17:56:42.075961,ethereum_tx,0x511b8822c07b9b3c6235d9d7417f798a06231d31d6cb9341ce6f913583bc70a8,9481693,0xe1e2AE949837DcEA6c70546808525fDCE7990449,0x08d2b0a37F869FF76BACB5Bab3278E26ab7067B7,5.87e-06,0.001000009,confirmed
2025-10-24T17:56:42.075961,ethereum_tx,0xc9b63d14074070cd2a5a0bd32dcbf2459539432d1612e9198bc68a8400e80a11,9481693,0xe1e2AE949837DcEA6c70546808525fDCE7990449,0x08d2b0a37F869FF76BACB5Bab3278E26ab7067B7,5.87e-06,0.001000009,confirmed
2025-10-24T17:56:42.075961,ethereum_tx,0x4fee16b17a0456b3e52b848b37606ed79f526f67e03911a7fafbc26d2d3b1b35,9481693,0xF0Bea0467F248C1984143F3414d91fAa592a8C0A,0x853758425e953739F5438fd6fd0Efe04A477b039,0.0001,0.001000009,confirmed
2025-10-24T17:56:42.075961,ethereum_tx,0x4e345933922bf34ad4af0e83c6c697c6371cd28e347c19a46c9776362fad83c3,9481693,0x38a48A7c32A60c32853255F4CDC43B5A09B67373,0x853758425e953739F5438fd6fd0Efe04A477b039,0.0001,0.001000009,confirmed
2025-10-24T17:56:42.075961,ethereum_tx,0x26fb11ee756cd9025334fb2fa7f892d2a65f46d3db78c584f14c73abf4617051,9481693,0x06E47eb82d73AB2357e5b13f2d2F1c299761d2D2,0x993AEc6aA979102CA59bAb7F8B860Bed89843112,3.81e-06,0.001000009,confirmed
2025-10-24T17:56:42.075961,ethereum_tx,0x2681943d54f55dc6c439fa5bee13cdf6964c09ce748891192a7aebeb9f1cdfb5,9481693,0x13CB6AE34A13a0977F4d7101eBc24B87Bb23F0d5,0x0c06B6D4EC451987e8C0B772ffcf7F080c46447A,0.008438156620521301,9e-09,confirmed
2025-10-24T17:56:42.075961,ethereum_tx,0xa267c470480588159f47c08b53b49b4dacf31ea96fa42c935743df993ab5ce67,9481694,0x2CdA41645F2dBffB852a605E92B185501801FC28,0xD567D388E2189f660Cd50dD67878CF9E0080d3c3,0.25,200.0,confirmed
2025-10-24T17:56:42.075961,ethereum_tx,0x852f8d9d9f8fb6b7bb0e2032891de28a2095af461ecc82dddf01c114cd999ffe,9481694,0x3C95c2633296B264d051498C4b2e982EbB526A53,0x3C95c2633296B264d051498C4b2e982EbB526A53,0.0,4.1,confirmed
2025-10-24T17:56:42.075961,ethereum_tx,0x902a005c6fbaacf0d2593ad0fd4459c535175f7edfdd6a21056ed022610b8383,9481694,0xfdFb0F68c05A7725797dF80aFD87069c9FFcf425,0xFF00000000000000000000001115511122444422,0.0,2.000000009,confirmed
2025-10-24T17:56:42.075961,ethereum_tx,0x9a59d40c560821a7aeaa5700fbc1405573386cfd6cdff49df46c2cd13bd6442c,9481694,0xD8937E6858be7dE5f0FEbEb57bE256c2F6895C2F,0xa15Da85FFB0dBf98C9ae11CF44f2D9D56d98C8a7,5e-05,1.500000009,confirmed
2025-10-24T17:56:42.075961,ethereum_tx,0xbcf97a02d3d569fd2f65fa8836dd8a046c6165cfe27be71d60793fccbe2947c2,9481694,0x25B6F79F1F9A207005eE98319Cb17E91fcC42797,0x956962C34687A954e611A83619ABaA37Ce6bC78A,0.001,1.500000009,confirmed
2025-10-24T17:56:42.075961,ethereum_tx,0xc840b4ba3c0eae2bf754ca01b1dbbb7d3a8f5a1517793d7db18465f2b2d079e2,9481694,0x803F813CFd778e8f3c947FE3B28d33F3fb6F854a,0xCaC524BcA292aaade2DF8A05cC58F0a65B1B3bB9,0.0,1.500000009,confirmed
2025-10-24T17:56:42.075961,ethereum_tx,0x1dadb62a43ddae41ba87e41568ae906269024ef9d2fd3a1d4e8f6e539710d7e3,9481694,0x325c27390487Cb3E72727686B0b9c5f020521B2B,0x5cFA7ffA14d6dd40551832b9D4c2eCff3db7d3fB,0.0,1.500000009,confirmed
2025-10-24T17:56:42.075961,ethereum_tx,0xcb1abbe53aa3bec9a1a1939d45b6cea1a7e80bd0abad3cf20cae029dccdcd78a,9481694,0x076Cda23ccb3b7E276F002b1324236B5F64CE74B,0xc6255a594299F1776de376d0509aB5ab875A6E3E,0.0,1.500000009,confirmed
2025-10-24T17:56:42.075961,ethereum_tx,0xb38319b402d5a48b521375833b50bf5dedd8a81a24d52a215d9be75282abf00c,9481694,0x4C1F29576B4d4B8972827049c7eCCA07e250f274,0xc6255a594299F1776de376d0509aB5ab875A6E3E,0.0,1.5,confirmed
2025-10-24T17:56:42.075961,ethereum_tx,0xe982790b657accf2449e7cb85203f7333eb8498a0252e035a2d1a41ea28390b1,9481694,0xB1bEd2E4081d86F3199B08a2aa3CE2959e9272ab,0xc6255a594299F1776de376d0509aB5ab875A6E3E,0.0,1.5,confirmed
2025-10-24T17:56:42.075961,ethereum_tx,0xa172fe77960df828f788d78aa10d9925a7982a95a52e3547d937c3983f899250,9481694,0xAC346feDd3214ff200CB8DE8f8cb0BB5b3928224,0xc6255a594299F1776de376d0509aB5ab875A6E3E,0.0,1.5,confirmed
2025-10-24T17:56:42.075961,ethereum_tx,0x85eb65ef38c96fca055be0bf3ffd74e548f9436438b1d43cee32429d1b0b3cbd,9481694,0xD22c6c02920dD8F149182c121c08e19C4a6750C5,0xc6255a594299F1776de376d0509aB5ab875A6E3E,0.0,1.5,confirmed
2025-10-24T17:56:42.075961,ethereum_tx,0xd11f25eb9a81466f225b4910246e1203fad40cd42399b9c839a7809ede60b5ed,9481694,0x4ECcfbCD17a99bD48Dc490eECcc9b370DdF452C0,0xc6255a594299F1776de376d0509aB5ab875A6E3E,0.0,1.5,confirmed
2025-10-24T17:56:42.075961,ethereum_tx,0xe8f0a1f193986b7fd47f0d324a979e126894f915f5120dc321be9cc93f80fbbf,9481694,0x838F96368d719fD3765062A9761b1f94A65EBc6C,0xc6255a594299F1776de376d0509aB5ab875A6E3E,0.0,1.5,confirmed
2025-10-24T17:56:42.075961,ethereum_tx,0x495a6f1f760e55efa959b8feb61d63bf21c667d1e2efa7a02f1c919d09b2c125,9481694,0xF6f1730924532779A21183AABA65A2099D06398b,0xc6255a594299F1776de376d0509aB5ab875A6E3E,0.0,1.5,confirmed
2025-10-24T17:56:42.075961,ethereum_tx,0x4396933b3e33fade2f1c9647fdc5eda1e3438ddda592c25f7a377bd05b41d20b,9481694,0x8b0f32432C71cD9a3e1054Da149524eAD9C50aa1,0x57c5dC670eB6f571bDD8Fc1CF178c46c9A917A74,0.0,1.5,confirmed
2025-10-24T17:56:42.075961,ethereum_tx,0x9adc9dae3dfb80bec714a42db38491ead496863a3e8fa91ff9bd487965e3a74b,9481694,0x0BB2b05aFb98ddf46126706B40dde1745662bA71,0x2A4496bbC344414e3bDbE6a8E7c40EF007DAeEd1,0.0,1.5,confirmed
2025-10-24T17:56:42.075961,ethereum_tx,0x0a74fe8f986a446019fe939bf4ab391e12665a2340aaac66efed0a8571f101c1,9481694,0x262d4206D696b904F9cFf91C21152724A8850203,0x2A4496bbC344414e3bDbE6a8E7c40EF007DAeEd1,0.0,1.5,confirmed
2025-10-24T17:56:42.075961,ethereum_tx,0xc99a051f239464caadb4b149b8597df759e0c01e26f4aae293bf518cec46bfa1,9481694,0x85AA16B0a6eA346138eAA7D0c041195E624Bf7d4,0x2A4496bbC344414e3bDbE6a8E7c40EF007DAeEd1,0.0,1.5,confirmed
2025-10-24T17:56:42.075961,ethereum_tx,0xac8f408195891b9df227208435039ef0bced9558c290a5672961ee840ae9257c,9481694,0x4469c203fFbf28f0CAC48cD86A91de25E8768727,0xdc2f15622c9C0321F81Ee5873aFe72edbF904F52,0.0,1.000000009,confirmed
2025-10-24T17:56:42.075961,ethereum_tx,0xe235598cabcf7ddecebc7ccfbae338ab0e65eccf1b18f7bca246bf624c2e84fc,9481694,0x92368F34D8440CEC9648695Ba3A65114A3AC578A,0x8788984937C2cfE663e7912659dFcd9e7442F7f0,0.0,1.000000009,confirmed
2025-10-24T17:56:42.075961,ethereum_tx,0xe0ec01d4524c2d7df00138b11bf87930c61f2233a1ffc65c0f10a9cafffaeda7,9481694,0xA79bF6f2C6cc0e7dc365E71f2a8de6D40C8346c2,0x006BA30148eFe8ce40209432B8fDF6FfE04f939D,0.0,1.000000009,confirmed
2025-10-24T17:56:42.075961,ethereum_tx,0x1f35f7ce3c97a8362a2139753b866ab1e6030e31aef96e7d54a8444c453e2767,9481694,0xEbDf9256B79b2ca70Dfc4392280f4D39C64E48E4,0x157dF160081dC8b97900F4D0D276ed8DEa29976d,0.0,1.000000009,confirmed
2025-10-24T17:56:42.075961,ethereum_tx,0x6c81ac48eb20b9b123e3a2448050b9a8e7eae3bed9c5d08b6d084abd1631b939,9481694,0xF0FEd0C0192539a1076d8BDa1233f414704d98Be,0x00D22efF04CF7d0f5A355A6D9A06E43120398dA6,0.0,1.000000009,confirmed
2025-10-24T17:56:42.075961,ethereum_tx,0x48ab384ba31aa0050a9f6c0c119701e545f76aaf18c4da17cc907cc9e7a10749,9481694,0x7E0f32d2Ea8AfE3eDD67E33dccaf1A01BdEcCE6f,0xd82F42477B6A1D8521866Cbf394e75eC3136CE7e,0.0,1.000000009,confirmed
2025-10-24T17:56:42.075961,ethereum_tx,0x8fad6a7ad48b807e4d516db2500634010d6b8162b710e909487ef2f02fcd2d38,9481694,0xDb1d518f67570c67059c95339B624960BBC47bD2,0x4E13e8886A29C03b7B8acd77f72f9E96C035268c,0.0,1.0,confirmed
2025-10-24T17:56:42.075961,ethereum_tx,0x4267c68e4e352bcc7577a22eb815b4b533b4b7e6feb48f38ef71f6a42a9c5404,9481694,0x2567fF4BE9f21B1239c93aa3507DD2AC3d54B4f1,0xd9de332c023Dc4372fAE306C3779e0659f0f8F6B,0.0,0.05,confirmed
2025-10-24T17:56:42.075961,ethereum_tx,0x179f4ed37661572220e3c4236f557744fa9f66356463de1e4b0e40161afc6e1e,9481694,0xfDb694D94b23D8F5Cc9F1f018535AD38510B45BD,0xf993E10C83Fe26DddFc6cb5E82444C44201e8a9C,1e-06,0.020000009,confirmed
2025-10-24T17:56:42.075961,ethereum_tx,0x99e3631ef64d2e624b6ffd8e6ac528f03fffa37ca074b695fc2d4ffa047e3703,9481694,0xdc85aACE761751Deb1c6e8AC634220FFf5cAFC08,0xf993E10C83Fe26DddFc6cb5E82444C44201e8a9C,1e-06,0.020000009,confirmed
2025-10-24T17:56:42.075961,ethereum_tx,0xd550d530a455e7c7d1f922087cc77858cafcc9800595066dff7a2621d641ed80,9481694,0x0CBc4E04B61dAD0e1cCd7048d2ED4903B70842F7,0xf993E10C83Fe26DddFc6cb5E82444C44201e8a9C,1e-06,0.020000009,confirmed
2025-10-24T17:56:42.075961,ethereum_tx,0xf2d57f79cd9c849e2b48fed95bcbc7df16c5f729219bfa94bc8130f47a4748f1,9481694,0xC96890af66Eb46D0A30Bbc398568EF26b2a43c88,0xf993E10C83Fe26DddFc6cb5E82444C44201e8a9C,1e-06,0.020000009,confirmed
2025-10-24T17:56:42.075961,ethereum_tx,0xcc33a70de756cfbf90930fe06b849e696943c30552c261d8fa409ce8570da351,9481694,0xB6D120C413039aD4CFA902b1F4b29b24e429B645,,0.0,0.001200011,confirmed
2025-10-24T17:56:42.075961,ethereum_tx,0x4f46a759ea19ecab560ac94a1ea1d521d90a5ac695122a6d034306bb32288e80,9481694,0x0d72D6d579311f17b50eeF3D3E9236Aa17F0DD2e,0x956962C34687A954e611A83619ABaA37Ce6bC78A,0.0014337,0.001200011,confirmed
2025-10-24T17:56:42.075961,ethereum_tx,0x4f8a9069fc942313c06d6e2c7b6a9ab9d54b93a5c3deed1fdefcfefaf89c3b0c,9481694,0xE4765a5D7335DAd51b3058d0b8eDeE540D149a21,0x83458E8Bf8206131Fe5c05127007FA164c0948A2,1e-18,0.001200009,confirmed
2025-10-24T17:56:42.075961,ethereum_tx,0x86912526364ac0b4172e486f9f6b93f408986dab9d62f52c0cc863980ec595d6,9481694,0x289EE42a3AadFBA61d41C94c2Bf6271C487787EF,0x38C967856d17E900042Af447B3346bfF26C8ed4B,0.002,0.0012,confirmed
2025-10-24T17:56:42.075961,ethereum_tx,0xfc4812f15e16a6004109e0190e96776bccd8d080887def0a9d8cc53cd222a3ea,9481694,0x94eDC8E0D150Ca41Ab78F479dCd202458C9375bF,0xc6255a594299F1776de376d0509aB5ab875A6E3E,0.0,0.00110001,confirmed
2025-10-24T17:56:42.075961,ethereum_tx,0x86b7101fa1df6c8fb4b9f910302648dc399c37ccfa7b7f380a46db63ff78eb14,9481694,0x95A13F457C76d10A40D7e8497eD4F40c53F4d04b,0xf1A8EE9e65d387f4CaF0B5A946De1603995C7c94,0.05,0.0011,confirmed
2025-10-24T17:56:42.075961,ethereum_tx,0x14254b58271343acd7bb14b344f5303e7cd2757dfd42959bb831d28ec11fa132,9481694,0x61d8838f9A00250C9AF13D622DA7c08c372ee587,0xCf8EDB3333Fae73b23f689229F4De6Ac95d1f707,0.0,0.001093848,confirmed
2025-10-24T17:56:42.075961,ethereum_tx,0x3cd7ab87ea3c8b12759ac065239416e017af2cdbf7c6ae19811c763e5bded929,9481694,0x61d8838f9A00250C9AF13D622DA7c08c372ee587,0xCf8EDB3333Fae73b23f689229F4De6Ac95d1f707,0.0,0.001093848,confirmed
2025-10-24T17:56:42.075961,ethereum_tx,0x662f3307c92aa349f1321959015ca4dc8367b5d314ba0d54cf748f8f13e996b6,9481694,0xb3a1956Cff1ecc8054B81b0C83b9847CB71384b8,0xCf8EDB3333Fae73b23f689229F4De6Ac95d1f707,0.0,0.001085273,confirmed
2025-10-24T17:56:42.075961,ethereum_tx,0x2921b7cb306f9a8e23393210711ffd021fd8791238729da8d0875c63469a17be,9481694,0x715d1084b1237Ba6a61447890F282E2505471EEC,0xb5A49949C49dEDD852F9f0f419b17aD2785032db,0.0,0.001052651,confirmed
2025-10-24T17:56:42.075961,ethereum_tx,0x124d23e5a1516805a3b05ede3f7976bda5c1853e40864e4b94f8aae2707d6556,9481694,0x4495B02d62Bcb31D8a0c3ee8e551ADbf05473676,0x0000000000000000000000000000000000000000,1e-05,0.001000009,confirmed
2025-10-24T17:56:42.075961,ethereum_tx,0xe99920df585180b9bc64a325e0d9b06260147ef34343104c898f4f17f44b15d9,9481694,0xA1c3d7699A6dfCf3e961B6486350cf527dBf3cf0,0x87A3effB84CBE1E4caB6Ab430139eC41d156D55A,0.0,0.001000009,confirmed
2025-10-24T17:56:42.075961,ethereum_tx,0x74143c3617b2a82c6ee610e167b01cf8c6a0467a99cf4fbdaf92e519792568e4,9481694,0xAd9fDaD276AB1A430fD03177A07350CD7C61E897,0xa728477606bB6f01b22D74a62928ec9eDdA90AE9,0.0,0.001000009,confirmed
2025-10-24T17:56:42.075961,ethereum_tx,0x8c9b4d3fbc158bc168b5186cfc5a846aacaa016806792f600663637d2e5e7632,9481694,0x388084119305518aCaA3983A86c45d787878c30B,0x03C66CB1826BDB0395BF31E68Bf7E873e9564fFB,0.0,0.001000009,confirmed
2025-10-24T17:56:42.075961,ethereum_tx,0x012e7f22bd8d45dc75a70c72508049f9c80e54e3cff6793db284ebedce0939b5,9481694,0xC7AF91293dC7dF3DdF0bF0dDD14AaA96aE63BD4E,0x9FB3F146DA357D9C8CD85563dFE1541330278a09,0.0,0.001000009,confirmed
2025-10-24T17:56:42.075961,ethereum_tx,0x8777fbd911e2e94c7bafa6607c45f1eaa43a30aa992ee4dee20166f5a32a5d11,9481694,0xC7AF91293dC7dF3DdF0bF0dDD14AaA96aE63BD4E,0xF694E3E9Bd8a15A88e7839409434c85e55bbCA89,0.0,0.001,confirmed
2025-10-24T17:56:42.075961,ethereum_tx,0x6922e3c68d9f3e8281c0801a929e8d8e202a0c7696b395dd6b511b813d3bcca8,9481694,0xC7AF91293dC7dF3DdF0bF0dDD14AaA96aE63BD4E,0xc1E019D9FBfcBBc7A388396e46b5a767343D5De4,0.0,0.001,confirmed
2025-10-24T17:56:42.075961,ethereum_tx,0xa4c9ce8d5d5e3da94ddb59a91c3c5c63617cfeb5f582be2d73af473a04007897,9481694,0xC7AF91293dC7dF3DdF0bF0dDD14AaA96aE63BD4E,0x1f7344a6D9d85565A4F0eaA364DF4E77F1F2e7B2,0.0,0.001,confirmed
2025-10-24T17:56:42.075961,ethereum_tx,0x895af39660d3b33b9ce72cb44d650a73ffbde822d31bd2c9d5f9084bcf8b3b83,9481694,0x699c1c9568907847F2C9845Ab6df5702e6aFa4BE,0xadDD620EA6D20f4f9c24fff3BC039E497ceBEDc2,0.0,0.001000009,confirmed
2025-10-24T17:56:42.075961,ethereum_tx,0x44cfe026155c205bce56b0ce84f9b8b6158e08d207c2e0ebacdb956cbe2406c8,9481694,0x3Da763C42E438eB17880fB6A83040d6cf13eF03b,0xFf00000000000000000000000000000000042069,0.0,0.001000009,confirmed
2025-10-24T17:56:42.075961,ethereum_tx,0xb87d92742662da2d584a827c77a319b40e4d840bd9bf04e3617f5c227beb2ea4,9481694,0xfCA9CB97f1d53B349ECb9aF15f158A58e9c5F1C8,0x08d2b0a37F869FF76BACB5Bab3278E26ab7067B7,4.02e-05,0.001000009,confirmed
2025-10-24T17:56:42.075961,ethereum_tx,0xd511cbe32e9fc8c8c4bdeb60ee4a73508cb67251aa8eddc1ac3c87349f58f3fa,9481694,0x5d72984B2e1170EAA0DA4BC22B25C87729C5EBB3,0xd4116f515A6958da851080B390DDE4B81f408978,0.0,0.001000001,confirmed
2025-10-24T17:56:42.075961,ethereum_tx,0xc35bf05a2378b62ba7b8b462d12d11f7265d0b02953906e3983f22aed1f26849,9481694,0x71955d4098cD2C0737184Ec881016a538ed9A90D,0x41ddD8CdE086B6A0A9849dC0Cf2Aef36895B9560,0.0,0.001,confirmed
2025-10-24T17:56:42.075961,ethereum_tx,0x11832f4c64685f2a1704f7c45e40feca0b6cb8cc24b58af63622672d27ab78f7,9481694,0x571D2ACC5F4E7C8351e210d8f3c5B4E0503Ca99F,0xC8a7Ee86502496E8Bf899edE89BFeE91198020eA,2.1e-06,0.001,confirmed
2025-10-24T17:56:42.075961,ethereum_tx,0x773ef96d43132069cdee34345f9f72f20e1ebc47ef496960b2ebc518b62066e3,9481694,0x9dA1e89a129D3A53cD7444b0bc88Fb25031c1f71,0x03C66CB1826BDB0395BF31E68Bf7E873e9564fFB,0.0,0.001,confirmed
2025-10-24T17:56:42.075961,ethereum_tx,0x66f98bc083c337fd1142b958a200da55f5997d220f01477d191afa2b56d562e9,9481694,0x905c16e089Ccc473d5bd41DDC4960a68D0D0908E,0x6736aC0b310535B37f1bd8325b29E3E037b7f065,1.11e-06,0.001,confirmed
2025-10-24T17:56:42.075961,ethereum_tx,0x0eea93fd125094acfd950fb1308d5b27924ff6c4f224b4f79ef2af32c7ef2f55,9481694,0xC46C1C7Af2650d4d1817c1bAcd735Fd18394E6b4,0x03C66CB1826BDB0395BF31E68Bf7E873e9564fFB,0.0,0.001,confirmed
2025-10-24T17:56:42.075961,ethereum_tx,0x2fad647a370df80498344c92a91b799cf097d2d07217af4aebd40f675c125d81,9481694,0x3A43FbC265A24E0cdAf38C56B2Cd2a9A7a7e23cD,0x03C66CB1826BDB0395BF31E68Bf7E873e9564fFB,0.0,0.001,confirmed
2025-10-24T17:56:42.075961,ethereum_tx,0x3448ae1d3b4e8184f8ee1d19247137aeacfd5b862e5e17ea49b44806a599794b,9481694,0x9cf17daBc1D243f096c3C6bdDAaD7668E54E31a7,0x03C66CB1826BDB0395BF31E68Bf7E873e9564fFB,0.0,0.001,confirmed
2025-10-24T17:56:42.075961,ethereum_tx,0xfbfa71a29b9950d3125ef2f1edd9a265429971da8d06e976d62c1e9d5e6f7943,9481694,0x5Ad4c23e18B373f68730a8d737E9e1e8D5E0726B,0x03C66CB1826BDB0395BF31E68Bf7E873e9564fFB,0.0,0.001,confirmed
2025-10-24T17:56:42.075961,ethereum_tx,0xa17855a101761c2774581f8804e3f087e4ade42de89c710510e563fd3496a8e2,9481694,0xf49f490a6737382D34355B79f53e6dDB53CdA834,0x03C66CB1826BDB0395BF31E68Bf7E873e9564fFB,0.0,0.001,confirmed
2025-10-24T17:56:42.075961,ethereum_tx,0x0a062e47fd1ee5c7de815fceee1065f6eb93de00e7529daad33aad0e62afa79c,9481694,0x2c2eaa0243375c63D1361973Cb2a6E5FE97d820E,0x03C66CB1826BDB0395BF31E68Bf7E873e9564fFB,0.0,0.001,confirmed
2025-10-24T17:56:42.075961,ethereum_tx,0xcfd5f0692d79fe87c2ba48ffa5145788e2126911572a6c41db787da34f5ae503,9481694,0xb6d25fa232e50EE2fCf3a40DAFCAfe5Fff1Fd9A9,0x87A3effB84CBE1E4caB6Ab430139eC41d156D55A,0.0,0.001,confirmed
2025-10-24T17:56:42.075961,ethereum_tx,0x6c659fa030a8ece4e822f53e840c3765617da561402692325ea3cd9a6f9c4323,9481694,0x7eF02F932533838dF44A7807C4E547CF3d9ba47E,0x03C66CB1826BDB0395BF31E68Bf7E873e9564fFB,0.0,0.001,confirmed
2025-10-24T17:56:42.075961,ethereum_tx,0x53c6d487038a7e33d8341ad4794a867c3f1ebd6adde6ef28d6eede53f45819cc,9481694,0xC6eA2c44975fA4Ef1CAa014db9755dEAf0606411,0x03C66CB1826BDB0395BF31E68Bf7E873e9564fFB,0.0,0.001,confirmed
2025-10-24T17:56:42.075961,ethereum_tx,0xd222294e9527610695e63c6cd371aac3b3372aa5d2955f2d46b5a717365f8f69,9481694,0x1fFD7C562335D06D5439E40Ca3d5c04a708B63A5,0xEA0A0f1EfB1088F4ff0Def03741Cb2C64F89361E,0.0,0.001,confirmed
2025-10-24T17:56:42.075961,ethereum_tx,0x361ad8711b6d9db4463fefa6f71e3b1522de75f80a8a407df2c7ee6856fa0d88,9481694,0x4E6B9987750F8a1513B67F5bD3FcE12A040c4114,0x601778F8fa32298E826a8aBEf1E3b31515626845,0.0,0.001,confirmed
2025-10-24T17:56:42.075961,ethereum_tx,0x9a2eda1d5ec7929fb3effb733f0dfb1aa2307e6e0f33ca043c6edd78a0d72563,9481694,0xaD505B753b3D04CBD319C37f78ABCC1EEa74fbD5,0x08d2b0a37F869FF76BACB5Bab3278E26ab7067B7,3.18e-05,0.001,confirmed
2025-10-24T17:56:42.075961,ethereum_tx,0x4057d8e39062303a1d672047e15990911e991540f962cc809acc7ca85a5c7e27,9481694,0x2dE3D55EF017cfeb7EE28d5f5AC9E91bb9AEf41B,0x08d2b0a37F869FF76BACB5Bab3278E26ab7067B7,2.32e-05,0.001,confirmed
2025-10-24T17:56:42.075961,ethereum_tx,0x9bbba1438e10848393c461e925f4289236085c618df5aef0f721d0e3c35f3cdd,9481694,0xB66df7402831cdFb30B1D3027cd27d3D4Be5F752,0x08d2b0a37F869FF76BACB5Bab3278E26ab7067B7,4e-05,0.001,confirmed
2025-10-24T17:56:42.075961,ethereum_tx,0x01d81c46e575fcfc572710f901d5c877b89b071112b56ea9e550880b75fa3337,9481694,0xED7378B2eCeF54536339f6E029accF40D873Dfcb,,0.0,0.001,confirmed
2025-10-24T17:56:42.075961,ethereum_tx,0xfde8294d860c23f1127aafe1d7527b870dc3292b64fd4f01459bbb60fa2c815d,9481694,0xDfe5c86642D908aBb137A12221597219Ce606777,0x956962C34687A954e611A83619ABaA37Ce6bC78A,3e-06,0.001,confirmed
2025-10-24T17:56:42.075961,ethereum_tx,0x7ef8b1352ad4c6a9006cd085a68ae884765e692310b9e797269ddd601b2c5a6c,9481694,0xD076b60F5Bf6a225eEE88262697a7Cf07F9D558A,0x956962C34687A954e611A83619ABaA37Ce6bC78A,1e-06,0.001,confirmed
2025-10-24T17:56:42.075961,ethereum_tx,0xd098aa3c15ebd5ad3f56143c16d0cea62dd05d431fe44d6aed86cbea5dc7d7a8,9481694,0xf8B98A48569293Da1a3c5fd26eAdefAc1249F610,0x956962C34687A954e611A83619ABaA37Ce6bC78A,1e-06,0.001,confirmed
2025-10-24T17:56:42.075961,ethereum_tx,0x898c4e76ab7fd4ec6da8208aa5fe3e28bdb33c79992b7a29602f532237f50b81,9481694,0xd3D5592BF9e6bf8e515150c0B851A886be348ef6,0x956962C34687A954e611A83619ABaA37Ce6bC78A,1e-06,0.001,confirmed
2025-10-24T17:56:42.075961,ethereum_tx,0x5febfb20e699aa09a1e8e02efb94aa1bee7153335546fb7544c1b06fa763e6db,9481694,0xF059847bF7c865F2Ef2d242e919Fbbd994E94F76,0x956962C34687A954e611A83619ABaA37Ce6bC78A,1e-07,0.001,confirmed
2025-10-24T17:56:42.075961,ethereum_tx,0xf421cff537161fc725b0849dfacad3c2944bd2c0eff5a26f2909dc1b358c88a9,9481694,0x5A92122FA168b5e5B80FDc9981a5e23E78514325,0x2DcD312285aA894Cf3E6C5a356B0042AbBB5Ee25,5.06e-06,0.001,confirmed
2025-10-24T17:56:42.075961,ethereum_tx,0xc91a9f0c92a72cadc9d30d538e3c30bd4f132ca423ba47bbaaaa81aedc0aa83c,9481694,0xc3252278994b662d2754828426a94A3Feb4ed2e4,0x853758425e953739F5438fd6fd0Efe04A477b039,0.0001,0.001,confirmed
2025-10-24T17:56:42.075961,ethereum_tx,0x483b6b4118c81eeeb4cb4dcf0038bcab7492b282ef24a842e6bf55efeb4aa098,9481694,0x0999BdFA3A2FAe0Df7fF8DDfBEB72C8A6EdfEaB0,0x956962C34687A954e611A83619ABaA37Ce6bC78A,1e-05,0.001,confirmed
2025-10-24T17:56:42.075961,ethereum_tx,0xda292609f8fbeb4d09bb5bb35e1dc885c0676fa8360847a3c607f1651ace4421,9481694,0x99CbF2D9e16F5692E2F7528057Eb9cfb5669C97e,0x956962C34687A954e611A83619ABaA37Ce6bC78A,0.0002,0.001,confirmed
2025-10-24T17:56:42.075961,ethereum_tx,0xfae5bed4c2f3e8c68407ffbedaee390808e865ac41de9bf6fa3a0740532b137c,9481694,0x311Fd929c00DBF325a30879cffF5167cf20e626a,0x956962C34687A954e611A83619ABaA37Ce6bC78A,0.0001,0.001,confirmed
2025-10-24T17:56:42.075961,ethereum_tx,0xb693510600183c722522146e4a258cae62eecb2c61756f60dc63799c2eaf6d8d,9481694,0x6d6b5614Fc87D32C7fa1680205eBcc879600b4B4,0x956962C34687A954e611A83619ABaA37Ce6bC78A,0.0001,0.001,confirmed
2025-10-24T17:56:42.075961,ethereum_tx,0x92fec7448296a7098142089256ca96c20d0197f2ddfd84d517977f89d28249fe,9481694,0x8c30d0B179Ef27F4fC438004E3ffe99C56A279C5,0x956962C34687A954e611A83619ABaA37Ce6bC78A,0.0001,0.001,confirmed
2025-10-24T17:56:42.075961,ethereum_tx,0x092e5607edb8ea77977da6433f8f410b82cead6e579b788446369d0b4c0ec52a,9481694,0x7f132C78348c1e5a6b1E271bDf247092aFF9188f,0x956962C34687A954e611A83619ABaA37Ce6bC78A,1e-05,0.001,confirmed
2025-10-24T17:56:42.075961,ethereum_tx,0x4ed6d4129224c95047498bdd70564bd3a8aab620e09f19b778ef396dbd5648e9,9481694,0x8356B1EE8Ab99dE3583F0A01e2d247959B665173,0x956962C34687A954e611A83619ABaA37Ce6bC78A,1e-07,0.001,confirmed
2025-10-24T17:56:42.075961,ethereum_tx,0x16f1d7240316a922c99f9a2333d9e9107d2c8d149d1640018df6ee8b1e7a40aa,9481694,0x8Dfe90E5a0E285741723cdDEa9615ECbF6E2A2cb,0x956962C34687A954e611A83619ABaA37Ce6bC78A,1e-07,0.001,confirmed
2025-10-24T17:56:42.075961,ethereum_tx,0x656967b8f5a844aa10e0ec413690601447029925a62f84890a285807f844dce3,9481694,0x4762AF5868dCb9c59B3F8cA8d701C603c1E6BA3F,0x956962C34687A954e611A83619ABaA37Ce6bC78A,1e-07,0.001,confirmed
2025-10-24T17:56:42.075961,ethereum_tx,0x03aa4e270e96cf4dfc5063c4b877a3723f905247c4c76e24e12164f1f2727580,9481694,0x7E503029C6410f7859759E9afC2c18bF7C5A4954,0x956962C34687A954e611A83619ABaA37Ce6bC78A,1e-07,0.001,confirmed
2025-10-24T17:56:42.075961,ethereum_tx,0x273e27683087c56980a4f64dfb3d8595216d0e0e512d8c0ddf2873deab4c1d3d,9481695,0x466A1F8425871bDFbDdaFb0Ffe058F5F3590045a,0xcA11bde05977b3631167028862bE2a173976CA11,0.0,3.000000009,confirmed
2025-10-24T17:56:42.075961,ethereum_tx,0x7385cd035ffd1b63c4158d9ace75df27b375fcd058869a53ca41497ab6e49456,9481695,0x55A07F9f7eD7F110c2Ddd8f2f5d8677Dc94aF4E2,0xeA30c4B8b44078Bbf8a6ef5b9f1eC1626C7848D9,0.0,2.200000009,confirmed
2025-10-24T17:56:42.075961,ethereum_tx,0x281f9f93788ad4ac6df00b3b06862df35b9b585caf5194eff795c3e470e23202,9481695,0x6Cc9397c3B38739daCbfaA68EaD5F5D77Ba5F455,0xfb9AB06aDFb88bDe8182081f98df919c72310e3b,0.51927024,2.000000009,confirmed
2025-10-24T17:56:42.075961,ethereum_tx,0xd451fefc60a84b3f5add8da4a035d7f6f03a76082fd5f44615c8f629d16adc4b,9481695,0x26E8897215C4F4890590e532BF6e3eadfDe8b245,0x786896Bb6f6ff73c9fBa9651d20a4a536ECD0BeF,1e-18,2.000000009,confirmed
2025-10-24T17:56:42.075961,ethereum_tx,0x3299725a6ed6e63377af639dd6d104e3f6e3447c3a0da8b3da5c9337ec02e2da,9481695,0x5D8e07909b334fd920efeBc0cfFE44f4F3d54205,0x965b5CB690574732EaE95Eb52c154B0b0c4B72C4,0.0,1.500000009,confirmed
2025-10-24T17:56:42.075961,ethereum_tx,0x04b06df55139062f28b80c9563555110c78a76e77b1e6de96e2d661c70087daf,9481695,0x472280aaead1631474999989d8CC060cE882484d,0xCCb6AB9D630E249b0B12b4ABd2E40d35dEb24D77,0.0,1.500000009,confirmed
2025-10-24T17:56:42.075961,ethereum_tx,0x2c4d5b82d8a7e793a47ad829924acdd75e602d6031e8bd24468f94c04ea29d38,9481695,0x25B6F79F1F9A207005eE98319Cb17E91fcC42797,0x956962C34687A954e611A83619ABaA37Ce6bC78A,0.001,1.500000009,confirmed
2025-10-24T17:56:42.075961,ethereum_tx,0xa112679cce4e67017585866a4844e79e7d03ee84795c8a5ec4c6fbc836b29817,9481695,0x803F813CFd778e8f3c947FE3B28d33F3fb6F854a,0x844737f8977b57d2931caAF987307Ce9AD2f01eB,0.0,1.500000009,confirmed
2025-10-24T17:56:42.075961,ethereum_tx,0xc374f2283c5a99d272f90e7b2d00604f526b81aadf1a432500c1dabedc3cc4e2,9481695,0x5689c7d8448B93A67666d39326Fc78334FF53F3f,0xc6255a594299F1776de376d0509aB5ab875A6E3E,0.0,1.5,confirmed
2025-10-24T17:56:42.075961,ethereum_tx,0xf7f5a4680c6153768b388761fbd4e4f79b80593e5711fe56dc571963093e054e,9481695,0x78a6304E9dED5A9cbBBa2D85CD1E3A20e0f68193,0xc6255a594299F1776de376d0509aB5ab875A6E3E,0.0,1.5,confirmed
2025-10-24T17:56:42.075961,ethereum_tx,0xace9a16cc53b512ba23afbaab83718c7f46752c035e6ceafe42b54ed8bd2959f,9481695,0xE7B1e4Ecf2bB4fC9632d8B55f34A7B41963F09A6,0x57c5dC670eB6f571bDD8Fc1CF178c46c9A917A74,0.0,1.5,confirmed
2025-10-24T17:56:42.075961,ethereum_tx,0x9d9d65eb8fd5e93e940bdfa1aae4ddeae95a903236fdc03575dde68a1408eaef,9481695,0x4538a3D9328014cE32e569D874952aEC48b8CE5E,0x2A4496bbC344414e3bDbE6a8E7c40EF007DAeEd1,0.0,1.5,confirmed
2025-10-24T17:56:42.075961,ethereum_tx,0x97c12c0374ca06b51dcbfa69ddfe601e492a4dff3715a1feab266f4fa8ad334a,9481695,0xB24d00E645454b0Bf190E96416937A428c8A9770,0x2A4496bbC344414e3bDbE6a8E7c40EF007DAeEd1,0.0,1.5,confirmed
2025-10-24T17:56:42.075961,ethereum_tx,0x50f5afee3f67df049d610e36ad8108933780a3fee1f2b6d9bedd0200715e18a1,9481695,0x01243f3Eca77aA70a4beC9cb7F8cc3EFD7df6411,0x57c5dC670eB6f571bDD8Fc1CF178c46c9A917A74,0.0,1.5,confirmed
2025-10-24T17:56:42.075961,ethereum_tx,0x9c7548994a707df1f580a4e2e38312c95921733030b5d1a1763559ec94e90da9,9481695,0x3b57d020281b5f014880977f57eE5b6991933101,0xc6255a594299F1776de376d0509aB5ab875A6E3E,0.0,1.5,confirmed
2025-10-24T17:56:42.075961,ethereum_tx,0x73b3be1e0c508a2c6566e82af295c92810327be21095e8204cee0e01c349e2ba,9481695,0xaC56BEED1FCa1878621091c540a3d811D1DE8Dc9,0xc6255a594299F1776de376d0509aB5ab875A6E3E,0.0,1.5,confirmed
2025-10-24T17:56:42.075961,ethereum_tx,0x3a3e08cc55da3c89cc44d657ef56040ce7b6b63d59fe3066e3befc6864776f0d,9481695,0xd53b2F43fFF96aBc04a3a368F3405aeaDb443CCc,0xc6255a594299F1776de376d0509aB5ab875A6E3E,0.0,1.5,confirmed
2025-10-24T17:56:42.075961,ethereum_tx,0xf12c52454c7543182cdbed368506c4c717b30017b21003c8d7e10f5d5f79577d,9481695,0x3B464a7559d5eb00565f9918734dA859E285D1Bc,0xc6255a594299F1776de376d0509aB5ab875A6E3E,0.0,1.5,confirmed
2025-10-24T17:56:42.075961,ethereum_tx,0xa76a25a876af0d397c957813875dc78eeb2dc7758e0e9c9990f568e5c9b6c701,9481695,0x1342AB509342Ce666289e5030570eaA31ab50CC0,0xc6255a594299F1776de376d0509aB5ab875A6E3E,0.0,1.5,confirmed
2025-10-24T17:56:42.075961,ethereum_tx,0x74c6398175afad1a3b0d3509bb24cf1401996e3abe6c57b17cdfac47af0c2bde,9481695,0x383E61E6c059598d9394C4eE217Ba34C2be0f3FC,0xc6255a594299F1776de376d0509aB5ab875A6E3E,0.0,1.5,confirmed
2025-10-24T17:56:42.075961,ethereum_tx,0x93c23e7eefdb4400e27db2e3f46bc74abc22c9afdee7ecf672ad55316296f4b1,9481695,0x3E002E590f9f5c6e6bc198d16D7733697218f801,0x2A4496bbC344414e3bDbE6a8E7c40EF007DAeEd1,0.0,1.5,confirmed
2025-10-24T17:56:42.075961,ethereum_tx,0xc89aa27856477bd3a5ef47fabbff0620ac1280655f8c26f1ea302b7eb589de62,9481695,0x9510C0449dAC1BfE37171AF66eABF797B393b396,0x57c5dC670eB6f571bDD8Fc1CF178c46c9A917A74,0.0,1.5,confirmed
2025-10-24T17:56:42.075961,ethereum_tx,0xbf67df6f3bdc62c98052c5087618c8cfb0ae36b4d85b6989199a621a9fda9b79,9481695,0xf5CdC48272D9C22625D455a4C9E9e60eB0cdde48,0xc6255a594299F1776de376d0509aB5ab875A6E3E,0.0,1.5,confirmed
2025-10-24T17:56:42.075961,ethereum_tx,0xc079a191d06ab565f39951cdf89a6b30345e47b83faba20e5378eab61f0056ee,9481695,0xaf317b2389deb089640FEA1880Cd650e0337945a,0x57c5dC670eB6f571bDD8Fc1CF178c46c9A917A74,0.0,1.5,confirmed
2025-10-24T17:56:42.075961,ethereum_tx,0x42215b49cc8bac35b210f56f417b993290a6ba0db7044dfb61616af32019872e,9481695,0x1f5c4D99Cc8CCCFd1d603757AB54dA8891227a2B,0x57c5dC670eB6f571bDD8Fc1CF178c46c9A917A74,0.0,1.5,confirmed
2025-10-24T17:56:42.075961,ethereum_tx,0x7235dc252333e3108815c2d669078ecf93549a2cccd3b06c50b158b7452e2eea,9481695,0x0907eEc7791b1497272fa9CEfCBab83f70F5194b,0xc6255a594299F1776de376d0509aB5ab875A6E3E,0.0,1.5,confirmed
2025-10-24T17:56:42.075961,ethereum_tx,0x622c007f2e5feedf5b467d5e399ff7f6e3c1e523b3fad2961dea4bf398f4dbe8,9481695,0xE02E99e4b249358D3Bc6bBD060160C4d4D258B6e,0xc6255a594299F1776de376d0509aB5ab875A6E3E,0.0,1.5,confirmed
2025-10-24T17:56:42.075961,ethereum_tx,0xe882255b96133d2c720ace921f79a6f7b49ac7d5a5978b248cb277ce3ecc22e4,9481695,0xFb24BB2DF1cB9e3f0b7E80ba2aB744F4F77c75E2,0xc6255a594299F1776de376d0509aB5ab875A6E3E,0.0,1.5,confirmed
2025-10-24T17:56:42.075961,ethereum_tx,0x3299e2c008ca73b5c46b7d43a51d17d7fad798d7ece010499abb7dbb979951c1,9481695,0x6b10935C128032D490899a82135cB34EED75ec54,0x57c5dC670eB6f571bDD8Fc1CF178c46c9A917A74,0.0,1.5,confirmed
2025-10-24T17:56:42.075961,ethereum_tx,0xc386e3ede2d52460d772520e773e1bcbecbad2724c050e68a5f024408e41de6b,9481695,0x3f16358e47388EB85cF3d8470Eee949B501f9855,0x2A4496bbC344414e3bDbE6a8E7c40EF007DAeEd1,0.0,1.5,confirmed
2025-10-24T17:56:42.075961,ethereum_tx,0x8bca796c51dcdf6a1b299360b0362e00b1d683d930ddad815888531a89210374,9481695,0x61dc95E5f27266b94805ED23D95B4C9553A3D049,0xFf00000000000000000000000033111551119090,0.0,1.100000009,confirmed
2025-10-24T17:56:42.075961,ethereum_tx,0x6779ecf4c0bc89c86cfe4e22dd6a1ad7b24967a1225279f076a6fb84e71fd370,9481695,0x069AB8EbD0Ae4b2976661A9eacd378B0bf2d434E,0xc97e31842E07E9FDFe9af2E77F30B968b535d273,0.0,1.000000009,confirmed
2025-10-24T17:56:42.075961,ethereum_tx,0x99919bff34aad890159cebf9940da9513caea3197170b4ac845d6471c0a4b333,9481695,0x0a62Ab09C1e26Fec0d31DE5caA15AEcC9143AAdd,0x0053F4C6Dc77F13299336248208AaE839196a724,0.0,1.000000009,confirmed
2025-10-24T17:56:42.075961,ethereum_tx,0x453b78863044c4fe2fac3a428f7b75beb400d38fca1182d68614a9712e62fc31,9481695,0xAa03CfA18154822f8Ad92D48c42210a890E01Dc9,0xB88FeAA1a0c5B57D82B50C937A7ad647E6D59223,0.0,1.000000009,confirmed
2025-10-24T17:56:42.075961,ethereum_tx,0xd88562e7d18d4e5e60fbfadcce7ed66d12c997c3c2b30ba4f1b4c566f1c63d7d,9481695,0xdF04e93724775FF4d4C8EeD7ECEAb3EFc6303a77,0x5d7D8845Dc95ecaa3Ab45E6Fd261971289604dEC,0.0,1.000000009,confirmed
2025-10-24T17:56:42.075961,ethereum_tx,0x24662a107aa5517b606e7e58da163f89b615c58e27ab4f12185645af022faca8,9481695,0x85E5551a01A3eEbF34Df650C0062cB80AbD1661c,0xFdbC87b5eF6d8445d7C81A58f4Dc00aE0a52e977,0.0,1.000000009,confirmed
2025-10-24T17:56:42.075961,ethereum_tx,0xdfd381195a0a166fbd99a59186ec27c42ab0c68fd625b6d292bce3c4e2dcfdc6,9481695,0xF0FEd0C0192539a1076d8BDa1233f414704d98Be,0x00D22efF04CF7d0f5A355A6D9A06E43120398dA6,0.0,1.000000009,confirmed
2025-10-24T17:56:42.075961,ethereum_tx,0x90ba86f5cf6184590edb311f521401bedec212c2b5af73df601c51b18ee76cb8,9481695,0x1a9DCE6479De4561d50B8E051493a121feA5fA91,0x869fb9945E9D71EBF086cb1FF15B04A95a7DD791,0.0,1.000000009,confirmed
2025-10-24T17:56:42.075961,ethereum_tx,0x451752202a1c190d3d8a432063c86fa4964f7d9a7a055cc9147b8a3575836618,9481695,0x81D8061076ba0A19c110b5BFf2b9Dd03F8446aa1,0x9d2D950Ff3EE1B75875b8C0FA318644f437924C8,0.0,1.000000009,confirmed
2025-10-24T17:56:42.075961,ethereum_tx,0x3bde3db214a274c81fafd367ec1f5994bbeedfb31c9632e050afbd403aa08fbc,9481695,0xBfC0ecA4E0194889aeFaBDbdC1FE5d5E00eD7894,0x8019D152491AF5B48D8459836B9A44845A47B730,0.0,1.000000009,confirmed
2025-10-24T17:56:42.075961,ethereum_tx,0x60c1a9e7522fa6378170345545cb17ab4db7114514d99b07be696b39aa4cd2a7,9481695,0x1a8f1cec95Fa6f418756bb99c3D67544b9d46F6F,0x00a431E8Bcf6B683F52FDb687101826D374ba8aC,0.0,1.000000009,confirmed
2025-10-24T17:56:42.075961,ethereum_tx,0x93e382d9a5baecfcbb5012cb210bf0a055435b82e4d8a846e886f2ab1c73d119,9481695,0xf7976ba00Ad6bE11bbE97a278534E1b3348bED1d,0xd11cdb585fD480681398bD34a19D52EC08A24a0D,0.0,1.000000009,confirmed
2025-10-24T17:56:42.075961,ethereum_tx,0x254047ed80d80c3d4b2e2ca2f1d1403378219d2984b4100138a0850c0e46d5e2,9481695,0x412494320555FcFF33F27c03312C98B5e3731CcD,0x7750F6deD68435d6EA3415CEA544126bE54d208D,0.0,1.000000009,confirmed
2025-10-24T17:56:42.075961,ethereum_tx,0xbfefc12c10e841d7be231004477693a4a728330562181ca50afdc4d3b7b226d0,9481695,0x7c5c6814ae5E95AD4afa2232Eb5950d2edBb8437,0x004a2d27C70c5AA0657f6d6001cc026B607eFaD5,0.0,1.000000009,confirmed
2025-10-24T17:56:42.075961,ethereum_tx,0x165c4a02fb0ab8c6812e69ae5f964eb287a40da6e26b50e445239392f24bda9c,9481695,0xd5A7aD53cfA90F8C056137615225fDD92a62E9B2,0xB93e450c2115Cb4Cb836c4812D5aC579e0Ec074A,0.0,1.000000009,confirmed
2025-10-24T17:56:42.075961,ethereum_tx,0x3bd115092cd62194458adb1889f9c0f0b7f92007c471f48269dc98c66c1ce3c7,9481695,0x1bC5b91c58F18dF62fB096DacFBF3d65217e64f6,0xbDA32Cb877566f9FF54Ae4348EC44d54804a85a4,0.0,1.000000009,confirmed
2025-10-24T17:56:42.075961,ethereum_tx,0x753a7e39dae1e5f21eb9e8a097e4213b5e75cc548e93dbb2256ab25d98c43dc3,9481695,0x6b936d1a77B971E87925C63c327659008114b761,0xedf4B1C6AF6520bb76826525adef7e0e09Af2c8d,0.0,1.000000009,confirmed
2025-10-24T17:56:42.075961,ethereum_tx,0x51188a6eb5bb2a320b16ecb3190d4c0294d17155c57346ca47f9df1c88f6954b,9481695,0xf6720ecB6a647Ea30c6fce74A02127Ac0C5Ae652,0x4E13e8886A29C03b7B8acd77f72f9E96C035268c,0.0,1.0,confirmed
2025-10-24T17:56:42.075961,ethereum_tx,0xa006a22aebadf108053ba38ac61835386275047bb9703600d815ffadec3331ba,9481695,0x67ba1ADf370C51F8ed4091e273E07502FC27e1C5,0xf993E10C83Fe26DddFc6cb5E82444C44201e8a9C,1e-06,0.020000009,confirmed
2025-10-24T17:56:42.075961,ethereum_tx,0xac99f507f5d47c25007bdc7aca93c26c5a201d541337a7e69f54842dd42d316e,9481695,0x0cA7A163aEDcDcCed4A54108AD6E9a7Ee7C51A4D,0xf993E10C83Fe26DddFc6cb5E82444C44201e8a9C,1e-06,0.020000009,confirmed
2025-10-24T17:56:42.075961,ethereum_tx,0x9b3d689fd2fd893bd0902ed0c94c1d7143f9ade7b919bf72bad53f6a0f8e491d,9481695,0x307A19890DF84C3Bd64C28ae6489dA7068414AE9,0xf993E10C83Fe26DddFc6cb5E82444C44201e8a9C,1e-06,0.020000009,confirmed
2025-10-24T17:56:42.075961,ethereum_tx,0xb04470b164e2bce6957a402150a84fa4d71800083397a999f3d8734ab2114066,9481695,0xE382182B9A53B4634805B1e0b9eD12b935859161,0xf993E10C83Fe26DddFc6cb5E82444C44201e8a9C,1e-06,0.020000009,confirmed
2025-10-24T17:56:42.075961,ethereum_tx,0xc7fa3befc04efb265c2ae9d71d9f4b332a99d079d67d851c988c3264562e10cd,9481695,0x646713a52934d6899180625e68b53aDa13C99872,0x956962C34687A954e611A83619ABaA37Ce6bC78A,2.691544235221e-06,0.0015,confirmed
2025-10-24T17:56:42.075961,ethereum_tx,0xd7a6f07406cd0624614c23a39552c9d6bdf646776c0f255d869fb8427de4f9de,9481695,0xE55aEA31854704Bd11153eD2baa599ddc260401c,0x956962C34687A954e611A83619ABaA37Ce6bC78A,2.5682350788679e-05,0.0015,confirmed
2025-10-24T17:56:42.075961,ethereum_tx,0x713ad4e2d1d5caf02f3c7523b34365656a19773c0ebac2ec84939d0d30baaee5,9481695,0xe1afC1092c40d32F72Ad065C93f6D27843458B95,0x1b4a3398102d42CA600Cb7e3f40a5495B4954071,0.0,0.0015,confirmed
2025-10-24T17:56:42.075961,ethereum_tx,0xbb651a07186fd46d064f4cf6b78c331a1063ed69f1f87e026d88c64b70a5aaa7,9481695,0x6d7927C0D236388319864007681BC0C6b844Def8,0x12e1181a741b70BE6A9D81f85af3E92B6ba41897,0.0,0.0013,confirmed
2025-10-24T17:56:42.075961,ethereum_tx,0x68ce055269c320496808c7b62a5fd37f6e60a3fba8e2e28fb4990a58517820ca,9481695,0xB4fC80AEc34911C5d761259E74aE8a24c2C5D995,0x72de35dC43acfC49B6B21e559F8cA586e0E12011,0.0,0.00120001,confirmed
2025-10-24T17:56:42.075961,ethereum_tx,0x2526df7cb996189b901af56579ae840d80cce0e99fca99ad8f4afc593d6d3a25,9481695,0x49c36b3BEc6b6e0e77305273FAFC68f479630535,0xd0dbB2486e3Fbf371D1B2e35Fa330bef6529d2f4,0.0,0.00120001,confirmed
2025-10-24T17:56:42.075961,ethereum_tx,0xad6969b3712e2754d95214016cfed95d47886881162fe6f7cd0748be8d2c1435,9481695,0x49c36b3BEc6b6e0e77305273FAFC68f479630535,0xd0dbB2486e3Fbf371D1B2e35Fa330bef6529d2f4,0.0,0.00120001,confirmed
2025-10-24T17:56:42.075961,ethereum_tx,0x72499e31963924ae51831df8b7fc9a7df8a04f41d0733696a9c93cfa454aa7fa,9481695,0x36a46774A3743641D4C274b385608Cb455B5B6b8,0xd0dbB2486e3Fbf371D1B2e35Fa330bef6529d2f4,0.0,0.001100009,confirmed
2025-10-24T17:56:42.075961,ethereum_tx,0x3b8c9320e3fc8fa1ceaba20488d27c9306c4d8753635f29d689bbd0efb7ae482,9481695,0xA2bfAc45e6878fbE04525C23dFbb11fFb224Ea60,0xd0dbB2486e3Fbf371D1B2e35Fa330bef6529d2f4,0.0,0.001100009,confirmed
2025-10-24T17:56:42.075961,ethereum_tx,0xcba80285d9a042a6d556f3caea6bbc0a968ea350e287c7f4bfa5400ea266086b,9481695,0xA2bfAc45e6878fbE04525C23dFbb11fFb224Ea60,0xd0dbB2486e3Fbf371D1B2e35Fa330bef6529d2f4,0.0,0.001100009,confirmed
2025-10-24T17:56:42.075961,ethereum_tx,0x37dce6db779065cbac71103b2e90a3c3915a30ad92dc8ac61ecbad7b8d54bdb2,9481695,0x49c36b3BEc6b6e0e77305273FAFC68f479630535,0xd0dbB2486e3Fbf371D1B2e35Fa330bef6529d2f4,0.0,0.001100009,confirmed
2025-10-24T17:56:42.075961,ethereum_tx,0xba2a71066044921cd7e444abc5ac33fe8d15749e5e30ff2e929b96e943dfcad3,9481695,0x2a94Eacf637B9D27E3d27FD76CeE0D331bC7a701,0xF8344CFd5c43616a4366C34E3EEE75af79a74482,0.0,0.001100009,confirmed
2025-10-24T17:56:42.075961,ethereum_tx,0xa2371b4ff26cdd83295e8f742f96a62598a841f7191d7993df3a92a58da47b94,9481695,0xDB9DE209C276E14bd36aAc18A1f551e09586e8Ba,0xF8344CFd5c43616a4366C34E3EEE75af79a74482,0.0,0.001100009,confirmed
2025-10-24T17:56:42.075961,ethereum_tx,0x26b5e64525096421344f6cf132246886575089e175dd5b8b3145ddcb5ca4757c,9481695,0x3846d5Cf02ed328C9aBF483A6075437B2A3b3720,0xF8344CFd5c43616a4366C34E3EEE75af79a74482,0.0,0.001100009,confirmed
2025-10-24T17:56:42.075961,ethereum_tx,0x243b45280638236c495f0ed96d001eed04b076c92b27dcaad44c7d5a78177a05,9481695,0x0816485BFF8571d05Fa81fd6089e2D91Ade4D618,0xF8344CFd5c43616a4366C34E3EEE75af79a74482,0.0,0.001100009,confirmed
2025-10-24T17:56:42.075961,ethereum_tx,0x512623febc5d9a1bed27de0f24b8d7f3b067afecaafeba08a31c87d7413999f7,9481695,0xFfe4a49Dfa57aB92993Df36a4983F2F968159c1c,0xF8344CFd5c43616a4366C34E3EEE75af79a74482,0.0,0.001100009,confirmed
2025-10-24T17:56:42.075961,ethereum_tx,0xd9eede2788a8ac70c45f987dfdd80765a403def4880f56843f830250aa2a4072,9481695,0x30C796936FF5AC6aC28878B581BCe64A6C3eF43a,0xF8344CFd5c43616a4366C34E3EEE75af79a74482,0.0,0.001100009,confirmed
2025-10-24T17:56:42.075961,ethereum_tx,0x98e774d9c3c899c3adcaf08b19861452449d01b0c77f4fdbdb2b1ecd6107ffc6,9481695,0x02e15Ba3104022f4B6741f883d0cC8C27F6ED203,0xF8344CFd5c43616a4366C34E3EEE75af79a74482,0.0,0.001100009,confirmed
2025-10-24T17:56:42.075961,ethereum_tx,0x1054ee3fa37e45d70e8c6ca3b73533dbc5bc4335bd035f15e395c924019420b1,9481695,0x0816485BFF8571d05Fa81fd6089e2D91Ade4D618,0xF8344CFd5c43616a4366C34E3EEE75af79a74482,0.0,0.001100009,confirmed
2025-10-24T17:56:42.075961,ethereum_tx,0xd4f4b84400bf592330b07f157ea72085705e663ae46b8286f2f569bc5d510bc5,9481695,0x2a94Eacf637B9D27E3d27FD76CeE0D331bC7a701,0xF8344CFd5c43616a4366C34E3EEE75af79a74482,0.0,0.001100009,confirmed
2025-10-24T17:56:42.075961,ethereum_tx,0xdb5ca7b3f0ff378b4f3758205aefa6caf17ce69a33d4b73fd06bdd1600ced4ba,9481695,0x3846d5Cf02ed328C9aBF483A6075437B2A3b3720,0xF8344CFd5c43616a4366C34E3EEE75af79a74482,0.0,0.001100009,confirmed
2025-10-24T17:56:42.075961,ethereum_tx,0x0f0ae2b607490c713190cc0d61e123cafa35bc218d0d97c9c22425863ff9660b,9481695,0xDB9DE209C276E14bd36aAc18A1f551e09586e8Ba,0xF8344CFd5c43616a4366C34E3EEE75af79a74482,0.0,0.001100009,confirmed
2025-10-24T17:56:42.075961,ethereum_tx,0x1e5a0feb26610b6888f8cef3a0e4f62f7c8acd9aa8a5ba983fda290f1fbeb92f,9481695,0xFfe4a49Dfa57aB92993Df36a4983F2F968159c1c,0xF8344CFd5c43616a4366C34E3EEE75af79a74482,0.0,0.001100009,confirmed
2025-10-24T17:56:42.075961,ethereum_tx,0x6209a9ea4b2a443e8638e75ff5c17fdd7d7bea49866f222a13e4737f5a96d8f9,9481695,0x30C796936FF5AC6aC28878B581BCe64A6C3eF43a,0xF8344CFd5c43616a4366C34E3EEE75af79a74482,0.0,0.001100009,confirmed
2025-10-24T17:56:42.075961,ethereum_tx,0x5d06157bd20f0b61ac0d11a014ef2a642a50fe84c74dd230e5c6a18fa20305ad,9481695,0x02e15Ba3104022f4B6741f883d0cC8C27F6ED203,0xF8344CFd5c43616a4366C34E3EEE75af79a74482,0.0,0.001100009,confirmed
2025-10-24T17:56:42.075961,ethereum_tx,0xc0456315479c35318b6bc3767f2f9ed6f00c59120cd3f173b6bb3bdd02b290b2,9481695,0x207D430716d4F12e7e6d9acB39BbC73fD4cB4E1C,0xA73aFb610aC79A729A393D679029fCf9618854AD,0.0,0.001100009,confirmed
2025-10-24T17:56:42.075961,ethereum_tx,0xc1f0d5755b44b5275ac3361fa2ee9b00fa5fc7cdec98ecc5f96cf3b58191c87c,9481695,0x27A88B8846882507bab868974805339d4c438667,0xA73aFb610aC79A729A393D679029fCf9618854AD,0.0,0.001100009,confirmed
2025-10-24T17:56:42.075961,ethereum_tx,0x08c6621cf983fb868964f5c75a40857847ecafed554d02ec9ac7132fc173515d,9481695,0x2c2ff804eD59BBE2533e0a8210D5a120414D4c93,0xA73aFb610aC79A729A393D679029fCf9618854AD,0.0,0.001100009,confirmed
2025-10-24T17:56:42.075961,ethereum_tx,0xc7714d0fe38b4f8747c3af0d50dc298804a7bcab2e80cb33fe506c9ff5e7813f,9481695,0xB6D120C413039aD4CFA902b1F4b29b24e429B645,,0.0,0.001093848,confirmed
2025-10-24T17:56:42.075961,ethereum_tx,0xe475754a90781fcc5fffae34dd9c36a35e66d3cdf885b891010a7b913a898d2e,9481695,0xDB41c0cbFCEf2F0ff1f02Cc5E25A9C6673b4a958,,0.0,0.001093848,confirmed
2025-10-24T17:56:42.075961,ethereum_tx,0x56785f187e2b61dd901d462bf4ab0d3d44736aa860fa0bef379d523e8170f4f6,9481695,0x61d8838f9A00250C9AF13D622DA7c08c372ee587,0xCf8EDB3333Fae73b23f689229F4De6Ac95d1f707,0.0,0.001085273,confirmed
2025-10-24T17:56:42.075961,ethereum_tx,0x45799300ecc74017891ecb7c73a82d46b8cd7afcbd0f6ba7f33277997b272880,9481695,0xb3a1956Cff1ecc8054B81b0C83b9847CB71384b8,0xCf8EDB3333Fae73b23f689229F4De6Ac95d1f707,0.0,0.001085273,confirmed
2025-10-24T17:56:42.075961,ethereum_tx,0xba08de879a3111397cf99c523cc24edf3b81018947a181fc7feb4f3a36dd4b66,9481695,0x61d8838f9A00250C9AF13D622DA7c08c372ee587,0xCf8EDB3333Fae73b23f689229F4De6Ac95d1f707,0.0,0.001085273,confirmed
2025-10-24T17:56:42.075961,ethereum_tx,0xc280a54e9977cbb29f0ddb008a3e1e705d1f4dc306a1e3c7e526d42c4d5f233d,9481695,0xb3a1956Cff1ecc8054B81b0C83b9847CB71384b8,0xCf8EDB3333Fae73b23f689229F4De6Ac95d1f707,0.0,0.001085273,confirmed
2025-10-24T17:56:42.075961,ethereum_tx,0xa18f9c1c8ebe622d2c782174e6a7554bbbf2143ca4ce70734f229f56bed13cd3,9481695,0x61d8838f9A00250C9AF13D622DA7c08c372ee587,0xCf8EDB3333Fae73b23f689229F4De6Ac95d1f707,0.0,0.001085273,confirmed
2025-10-24T17:56:42.075961,ethereum_tx,0x76f4c67a3b8c26a03814033aa0feca3441a4624c0d0ae090ee2c362124eda3a7,9481695,0x61d8838f9A00250C9AF13D622DA7c08c372ee587,0xCf8EDB3333Fae73b23f689229F4De6Ac95d1f707,0.0,0.001085273,confirmed
2025-10-24T17:56:42.075961,ethereum_tx,0x7ff4bfea33c1b4a130cc9b90f77a5aebcd4222cea84f0d96de9aeb89ea003c6a,9481695,0x01bB0205727df9bb516141D438565B1f849BB106,0x7215691F60C4fA7Bb82c5Ac44c7d57dc32bB0493,0.0,0.001052631,confirmed
2025-10-24T17:56:42.075961,ethereum_tx,0x3c75cc35a8cf036b236eb200c9ed721e1c0694b1b45dd1b881e603f16aa92b61,9481695,0xAd9fDaD276AB1A430fD03177A07350CD7C61E897,,0.0,0.001000009,confirmed
2025-10-24T17:56:42.075961,ethereum_tx,0xba9317f6af8c14047cf8406d57e92bee1ca7f9795e635470391a475160e71d37,9481695,0xBf389beCd498E1a07bd011489F6982DbC7E31897,0xFb13dE1C5aC28fc8335Ec5721b06eB4eA6e3897b,0.0,0.001000009,confirmed
2025-10-24T17:56:42.075961,ethereum_tx,0x520ca52e0df5fe7f21c35adb14a3f135deef760f05794752405749598ba5858b,9481695,0x4495B02d62Bcb31D8a0c3ee8e551ADbf05473676,0x0000000000000000000000000000000000000000,1e-05,0.001000009,confirmed
2025-10-24T17:56:42.075961,ethereum_tx,0xbbf08f33c8ebb8a79bf15e0b2a2580311c54799764499f10c8096ffc3a9070cc,9481695,0xD3e1976475ce40150D20a87bAb5Aac8016633Cfc,0x0000000000000000000000000000000000000000,2.83e-05,0.001000009,confirmed
2025-10-24T17:56:42.075961,ethereum_tx,0x5535ed42bca666016d56edf22a48c23f3e984fcd060f687c009109d9ce44344c,9481696,0xfc56E7272EEBBBA5bC6c544e159483C4a38f8bA3,0xfF00000000000000000000000000000000084532,0.0,16.000000009,confirmed
2025-10-24T17:56:42.075961,ethereum_tx,0x772c5b502bf5f459e392a4c5cc671727decc05c054a8714bad5b157b1791e08a,9481696,0x3C95c2633296B264d051498C4b2e982EbB526A53,0x3C95c2633296B264d051498C4b2e982EbB526A53,0.0,4.1,confirmed
2025-10-24T17:56:42.075961,ethereum_tx,0xb5c599d9deaaf8b65c17d3a0ea91bee1194e0419fa8e589dc7927bf425d484c9,9481696,0x50af4935aaA1324Da019821fc67b414eBC9fFFf0,0xcA11bde05977b3631167028862bE2a173976CA11,0.0,3.000000009,confirmed
2025-10-24T17:56:42.075961,ethereum_tx,0xb05da7192e9028ae1507a99c9c5e1435683d7993cbbb27317407338c982b23a0,9481696,0xe7F38E2D57a0eA80240B5E65A69AF66812CbCd0C,0x2fC0eC4De5f00e95EEc39CF2a73499b750D68Ea5,0.01,2.0,confirmed
2025-10-24T17:56:42.075961,ethereum_tx,0x4b5c4ebaeca36680612badc398be5b75bd290fe72322de07b613fc1dd22ca29c,9481696,0x9712a3148aF372fb57e70dE95553aCAe7E2A45De,0xc6255a594299F1776de376d0509aB5ab875A6E3E,0.0,1.500000009,confirmed
2025-10-24T17:56:42.075961,ethereum_tx,0xd4033ab6abc56db12a07b87b353c3a12c42ca992d09828e12b3e51d64e2f5106,9481696,0x62b3E2Cf22BAf64B51dc4812092bb8a81FAE4417,0xBC04d69Ecd7890699b2BE7924eA86474e15098E6,0.599968499999874,1.500000009,confirmed
2025-10-24T17:56:42.075961,ethereum_tx,0x36af019e084e3f7d10351df1d96051f0b8f7101cca1db202e55736790356683c,9481696,0x1e60C6633bd8a700dc079A1503C0257A9b619A5D,,0.0,1.500000009,confirmed
2025-10-24T17:56:42.075961,ethereum_tx,0x9d62a78aca0bda27c438a839d1580117c1569beafc869e70fc884e21c9d02450,9481696,0x578402F2F02A9C365952B5266fEf3320d6842311,0xc6255a594299F1776de376d0509aB5ab875A6E3E,0.0,1.500000009,confirmed
2025-10-24T17:56:42.075961,ethereum_tx,0xbec33abafe0e98b521a7e5b32a2d7e238704f08474947a0d8c91f257ac00da0b,9481696,0xc150eD8eEe9B61a8dA1f2BaCE3087CA845d1Cb81,0xc150eD8eEe9B61a8dA1f2BaCE3087CA845d1Cb81,9.99e-10,1.500000009,confirmed
2025-10-24T17:56:42.075961,ethereum_tx,0x6a929c91d6ef0eff48c244fe5a04e1c9a5e7c68cd5393b841fde8b3a1448eff1,9481696,0x0A152747cCaad5C6B9Da1b38e44Cdb51eEaE22E1,,0.0,1.500000009,confirmed
2025-10-24T17:56:42.075961,ethereum_tx,0x0ca0bc5f1f660f6935ca6e17f5016176eef98b29b3b063249b0b39718449c02d,9481696,0x8f937B3BE78aE12702173698ed00a522bBBA0570,0x2A4496bbC344414e3bDbE6a8E7c40EF007DAeEd1,0.0,1.5,confirmed
2025-10-24T17:56:42.075961,ethereum_tx,0xd0c6d04df29abe62d12bb41cb880771212af91c08515cd003aa584a8af70a0d4,9481696,0xF6f1730924532779A21183AABA65A2099D06398b,0xc6255a594299F1776de376d0509aB5ab875A6E3E,0.0,1.5,confirmed
2025-10-24T17:56:42.075961,ethereum_tx,0x6348ae682be18950fa75c8fe9d392c4d75e6dcaa88d1d32b88cf85bd1c6d9956,9481696,0x4C1F29576B4d4B8972827049c7eCCA07e250f274,0xc6255a594299F1776de376d0509aB5ab875A6E3E,0.0,1.5,confirmed
2025-10-24T17:56:42.075961,ethereum_tx,0x7fc7c13cd99edaa8b5dfeea29a3558c097b0630b50fd60a51a6f71dcaec0d32f,9481696,0x15ddEA3143cf401eF39663dDA2A6FF7c5AB65c13,0x57c5dC670eB6f571bDD8Fc1CF178c46c9A917A74,0.0,1.5,confirmed
2025-10-24T17:56:42.075961,ethereum_tx,0xe76abd2641420f1510224aa175eacfb37bcdcc8e868583f1e3a7c1be9855b8ec,9481696,0x4ECcfbCD17a99bD48Dc490eECcc9b370DdF452C0,0xc6255a594299F1776de376d0509aB5ab875A6E3E,0.0,1.5,confirmed
2025-10-24T17:56:42.075961,ethereum_tx,0x5281861564151a4c47feb2de0d4778888725da9f6c5665f65d86779f3780df24,9481696,0x838F96368d719fD3765062A9761b1f94A65EBc6C,0xc6255a594299F1776de376d0509aB5ab875A6E3E,0.0,1.5,confirmed
2025-10-24T17:56:42.075961,ethereum_tx,0x0b74396b9c2cacf0022694a4a309afcfa142d410b98becffc076d3c47290b35d,9481696,0xAC346feDd3214ff200CB8DE8f8cb0BB5b3928224,0xc6255a594299F1776de376d0509aB5ab875A6E3E,0.0,1.5,confirmed
2025-10-24T17:56:42.075961,ethereum_tx,0x630241c8f785ecc49d62ded6c26587be6cbb75c9681be69e4d774bf9829acdc1,9481696,0xDaeC823329018d0c52f06399Af85f618CE084A5E,0xc6255a594299F1776de376d0509aB5ab875A6E3E,0.0,1.5,confirmed
2025-10-24T17:56:42.075961,ethereum_tx,0x54e88874b625aa68af57ba42d2ca11b54dddc38d44181bab48cb4b6c918366eb,9481696,0xD22c6c02920dD8F149182c121c08e19C4a6750C5,0xc6255a594299F1776de376d0509aB5ab875A6E3E,0.0,1.5,confirmed
2025-10-24T17:56:42.075961,ethereum_tx,0x5de803cfc833cdedbeef561e53d244a70dde61151f0294300e103718ec72ed93,9481696,0xB78acAdC465E067C9189FF41Ff944AFbaCEb0584,0x57c5dC670eB6f571bDD8Fc1CF178c46c9A917A74,0.0,1.5,confirmed
2025-10-24T17:56:42.075961,ethereum_tx,0xfbf9cbe5c16ac7b291ba1f57a8882efc63bfd409fbaceedb92662f3aff67ff13,9481696,0x647c9C5Ff6E61265A4f50c53764C17f3dFe87EC7,0xfcad0EE0654E6faF578B4D91006b69aBE7542C80,1e-05,1.5,confirmed
2025-10-24T17:56:42.075961,ethereum_tx,0x6605ecb9ad8ac926d264066bc12d768ffa748ba96a6f365373aea5eccd16f2d7,9481696,0x7e4b0aEc915A5514d01b15966A31c298423E0baE,0x2A4496bbC344414e3bDbE6a8E7c40EF007DAeEd1,0.0,1.5,confirmed
2025-10-24T17:56:42.075961,ethereum_tx,0xfca7a7bc74951b8ddeb6318cf6de07eb5d9277fe9e560debdb0c51c6108cff01,9481696,0x6adbFB2d5D377612c5D3Fd9373934FbdcEaC160F,0x08a60366B4E0B6180cD6A767A927BCBEa86A22aE,1.13e-05,1.5,confirmed
2025-10-24T17:56:42.075961,ethereum_tx,0x26ff07829d00335194431b210065987a20ff964d7ae09b48a53ca5bf789864d2,9481696,0x9b8b1d35Ad7a3b129785900114e6778fdff80089,0x2A4496bbC344414e3bDbE6a8E7c40EF007DAeEd1,0.0,1.5,confirmed
2025-10-24T17:56:42.075961,ethereum_tx,0x6ae4c3d85b36562f49354a85a52eb7403af186735435a8076367341b68b253d8,9481696,0xB1bEd2E4081d86F3199B08a2aa3CE2959e9272ab,0xc6255a594299F1776de376d0509aB5ab875A6E3E,0.0,1.5,confirmed
2025-10-24T17:56:42.075961,ethereum_tx,0xab54e5c37a3f19358fe299c99b8decd18957f2efa10e8f2a197c0f94bbd2f3f1,9481696,0xd53b2F43fFF96aBc04a3a368F3405aeaDb443CCc,0xc6255a594299F1776de376d0509aB5ab875A6E3E,0.0,1.5,confirmed
2025-10-24T17:56:42.075961,ethereum_tx,0x2893525280b3c5487743ab9c9de3dcf168d6676156fd486f1a66b1a071fae3d9,9481696,0x1342AB509342Ce666289e5030570eaA31ab50CC0,0xc6255a594299F1776de376d0509aB5ab875A6E3E,0.0,1.5,confirmed
2025-10-24T17:56:42.075961,ethereum_tx,0xbb82bda8f5feac6cf6029ab3740474e1ca68abad8676da24842c134096724b82,9481696,0x78a6304E9dED5A9cbBBa2D85CD1E3A20e0f68193,0xc6255a594299F1776de376d0509aB5ab875A6E3E,0.0,1.5,confirmed
2025-10-24T17:56:42.075961,ethereum_tx,0x19faa25e4fd3e2197b6dc6d76685085baca0648c6121e4b1e99faa149b3749c8,9481696,0x92368F34D8440CEC9648695Ba3A65114A3AC578A,0x61D12A84960cA147FB081231DDaa62D81f7b4CEF,0.0,1.000000009,confirmed
2025-10-24T17:56:42.075961,ethereum_tx,0x7cc983c72e5983e2239761444b1945903f9fc49f0dff640daaa874a439466da4,9481696,0xB70C8Ba967B7c4d26661D1cF29d520651A97Dd3f,0xf0Fa075C4Eb42a5ffC32C384fBdf6b01324F1cDa,0.0,1.000000009,confirmed
2025-10-24T17:56:42.075961,ethereum_tx,0x989d2cbafd18a5736da1e923678a6343da25c01694bd5ccf7a8f7228d9302096,9481696,0xaB697892ec5C0008589a8a64a557Eb68B53F72A3,0xe969c530D9bCb5Cc348aE1C1F19efa42EFb1CC1f,0.0,1.000000009,confirmed
2025-10-24T17:56:42.075961,ethereum_tx,0x0c308ddaf47b9b0996ca10b6cb4d6e6473786e114c33ee014858320b92e8ae28,9481696,0x87f2E1C57454B6fF349e90b4a4c095751acA729A,0xF1ED1a45fA8bBD25542AD86410A0EEAB09366499,0.0,1.000000009,confirmed
2025-10-24T17:56:42.075961,ethereum_tx,0x706b5258102f9a215632dd557c599ffbb7aedbd32619fa32cff850ecfe937b94,9481696,0xDCEd352a472aC0a2554099785ABFBA8B043ab46D,0x742A42Fa3F8dD252b3B60F21Fef04C213830b4Ca,0.0,1.000000009,confirmed
2025-10-24T17:56:42.075961,ethereum_tx,0x9840ff79050bdc7f177e9acfdfd00da501985a0ac9cbf8b33eaef427ee55523c,9481696,0xE53E1EdC0f1C8bAac0fd0CBc0B408fef33402ab4,0x32787CDa7eB44a561470afB3134465e4d386b301,0.0,1.000000009,confirmed
2025-10-24T17:56:42.075961,ethereum_tx,0x63848d848526212b5aa3872be06d35561850d4cc132019b99ebc7fb6ab14ee8f,9481696,0x760E339B5fA3280811F0488f18F4E133E12d27af,0xF308fE93792622165B8B3B6Ecc0D059668492e51,0.0,1.000000009,confirmed
2025-10-24T17:56:42.075961,ethereum_tx,0x9e4aaf09da37533085cff2f84dabd7fba971c205995764b24656665f6b265e8d,9481696,0x4D72B8fa89697c7480F4465697fb4b3d67cb1a52,0x008D555470D9560B7095993D89781550345D1Bf1,0.0,1.000000009,confirmed
2025-10-24T17:56:42.075961,ethereum_tx,0x39f51f492817f722187063f4cb1a82675669d08e78b5c2f882c0a79fdb93442c,9481696,0xF0FEd0C0192539a1076d8BDa1233f414704d98Be,0x00D22efF04CF7d0f5A355A6D9A06E43120398dA6,0.0,1.000000009,confirmed
2025-10-24T17:56:42.075961,ethereum_tx,0x6ede6ba4289ae92ca4b5b5c5243fdd1b1429fab4e324ba5c5a24ab8bb1a9b4ab,9481696,0xd62316C1F20B40FD1263E6Cd5bD71C3C19f282AD,0xff94B3795ACCE6d3691Fb4538646A91561E95e7D,0.0,1.000000009,confirmed
2025-10-24T17:56:42.075961,ethereum_tx,0xa04c731c544de87aead424f4faae624eae589fc5da669bcf50ad22cf7e637d15,9481696,0x520D64e7D20acF0ee5e911a5276FDBbd68463773,0x7f9dA388fb2943aE1Eb8BCDF945F4265A33097b0,0.0,1.000000009,confirmed
2025-10-24T17:56:42.075961,ethereum_tx,0x864ffd22fe5de9b6ca4181315c2d862ae519a935d644fc80fd80306d73a563e8,9481696,0xf74c4e7fb0A4988d3CA9ACF5AA750844d6a4fbB1,0xB7Cc7C31682D06473471D49160b1dD31AFC8A38f,0.0,1.000000009,confirmed
2025-10-24T17:56:42.075961,ethereum_tx,0xc4c388dfc635bc3821c3ace1f35724a655f249d892f6ed7831b41df8f6e73861,9481696,0x927C9ea873E461C164290f085933dBd15F28069f,0xFF00000000000000000000000000000000047777,0.0,1.000000009,confirmed
2025-10-24T17:56:42.075961,ethereum_tx,0xc44a707262f44ba183d7ec01c970308910f059b8e2f6d98d9aaa7fa5a3f20dcd,9481696,0x62187b388f0c4a45D8b475B7A9a029C8E4e98988,0xfFf0000000000000000000000000000000028882,0.0,1.000000009,confirmed
2025-10-24T17:56:42.075961,ethereum_tx,0xf62e65ca52f3e2cd144a76535814f5a6b572ad56eabb78c198a0103450f684f7,9481696,0x0632215e32658508fC985BB80f22eE71377F7aAE,0xFF00000000000000000000000000000000743111,0.0,1.000000009,confirmed
2025-10-24T17:56:42.075961,ethereum_tx,0x968e11c40d8c2129aa81111600a857461f40da82e3069797706c289b63d85738,9481696,0xDb1d518f67570c67059c95339B624960BBC47bD2,0xF40E9240464482db4B0e95bEAcb14C3dE04C5715,0.0,1.0,confirmed
2025-10-24T17:56:42.075961,ethereum_tx,0x92a22ac010bcf2f505618565830b7cdfbca60f5f73283d2a2582ed0a22661079,9481696,0x2567fF4BE9f21B1239c93aa3507DD2AC3d54B4f1,0xd9de332c023Dc4372fAE306C3779e0659f0f8F6B,0.0,0.05,confirmed
2025-10-24T17:56:42.075961,ethereum_tx,0x3f732ed7320ccbe25343722995f0a02e5920da9f3c893c897ff8e68a636c0f3c,9481696,0x32BDCaFDC704448Ff71D47fe252E3ae0D5651Be2,0xf993E10C83Fe26DddFc6cb5E82444C44201e8a9C,1e-06,0.020000009,confirmed
2025-10-24T17:56:42.075961,ethereum_tx,0xd84fe22cd0c2b390a2774b199ead1245eb8d74d8729c71438b5ae6eec810f501,9481696,0x041150f07C466F7A2184028E23836a8D21F90a55,0xf993E10C83Fe26DddFc6cb5E82444C44201e8a9C,1e-06,0.020000009,confirmed
2025-10-24T17:56:42.075961,ethereum_tx,0xf9c47845284432b1aaacd063f56fb46e31ebd14baa979d4df8140ce0c3cbc9b3,9481696,0xB4b4A10f04D9155dB3814a409511f355CB00C2F4,0xf993E10C83Fe26DddFc6cb5E82444C44201e8a9C,1e-06,0.020000009,confirmed
2025-10-24T17:56:42.075961,ethereum_tx,0xd141293718bef779987645019a1215efeace14d1b4b0f787dd2609dc9b484ca4,9481696,0xF7644b0543Fc6E091990577b3c38E55Fed2C418a,0xf993E10C83Fe26DddFc6cb5E82444C44201e8a9C,1e-06,0.020000009,confirmed
2025-10-24T17:56:42.075961,ethereum_tx,0xc1b975d9ec0fd207b8c9f7beda792f65e10cbff3f73f563f3cba37dca9e83bba,9481696,0x4BA56bDa2009816e260921970041d6Eb005D7272,0xC764A997C86dC22B50Eb637626e3f46bfd82534A,0.0,0.0015,confirmed
2025-10-24T17:56:42.075961,ethereum_tx,0x293ee3fa9da8af0bd150dfcefa362d00ef342a72ff0d77f4ae075c737c98afe9,9481696,0x7e62c5e7Eba41fC8c25e605749C476C0236e0604,0xBdCC405C59ED6075088E600f25DF922d76bCcB64,0.0,0.0013,confirmed
2025-10-24T17:56:42.075961,ethereum_tx,0x40b82c64b6bbc706acd34e241c6539ec117e8cc8b80124fa92731b88e5482ec1,9481696,0xd25DB2Ff2263A31b192EE117eB83E7792C01d58f,0x956962C34687A954e611A83619ABaA37Ce6bC78A,0.000212,0.0012,confirmed
2025-10-24T17:56:42.075961,ethereum_tx,0x6371093714d318da570e4e192774f93d74d791d997f47bc336d9f9ec69f540f0,9481696,0x0a8F15d128dBb7Df70A8960524df2f5917E507e3,0xb3926deF2e0989B0700a57034C9A211bfBcF858B,0.0,0.001100019,confirmed
2025-10-24T17:56:42.075961,ethereum_tx,0x2b8f6f0f6bc5391ea7b5b120104bbfcc28bf7ffe89261ca9ebbd560ead8615c9,9481696,0x7e922677B1824d6E65e1Be413eFcDa33718DB23c,0x86EFBD0b6736Bed994962f9797049422A3A8E8Ad,0.0,0.001100009,confirmed
2025-10-24T17:56:42.075961,ethereum_tx,0x83828d9d843b5b334ba0654dacfe33d10995f324f6e650d48ce5ab1158380baf,9481696,0xDB41c0cbFCEf2F0ff1f02Cc5E25A9C6673b4a958,,0.0,0.001100009,confirmed
2025-10-24T17:56:42.075961,ethereum_tx,0xae6da6afebe9583b5968202a534bac16611a0254d8614c321d37c5d0712eee91,9481696,0xB6D120C413039aD4CFA902b1F4b29b24e429B645,0x3057bf4f7b8C68e258Fa1eCda8b20c7a73cF4bFe,0.0,0.001100009,confirmed
2025-10-24T17:56:42.075961,ethereum_tx,0xb2c091da5138442bb2bd5448aeb81e606ac3ed3a967c571abba76e3bea135d57,9481696,0x3426803C91c2e7892eB345Ac4769966196CD100B,0xD35bfA22a8E9e4BE8fE4b684be86F76C47bcC874,0.0,0.001100009,confirmed
2025-10-24T17:56:42.075961,ethereum_tx,0x5c4bd40ce16def079141db3e68c30ad476cece799df4fa0543a2cd4e7183ae20,9481696,0x94eDC8E0D150Ca41Ab78F479dCd202458C9375bF,0xc6255a594299F1776de376d0509aB5ab875A6E3E,0.0,0.0011,confirmed
2025-10-24T17:56:42.075961,ethereum_tx,0x194ecc1067097210bf9be08e3ff4e1c2fbeb1e5199eefc2190cd5f75eac4049c,9481696,0xe7382ec81C0f7d44af3Ac05F2CEA47ee2edED258,0xB88Ca91Fef0874828e5ea830402e9089aaE0bB7F,0.0,0.001095803,confirmed
2025-10-24T17:56:42.075961,ethereum_tx,0xbab732f082fee80598cc4e58aef8cdae398f60fbfbd3a86dd613ff7ec9990cff,9481696,0x40c2ca8cE13af5a4EE11E5BA74A9c2A6AD7c2d77,0x459dD9f53E8ae9587B129395D0Ee241a5EF149a9,0.0,0.001093848,confirmed
2025-10-24T17:56:42.075961,ethereum_tx,0x496077cae4d6d337a4ded7bf91f060941afa120942e0b42c2296cc7dcfc699ef,9481696,0x6dB8952e4963541c9Cc8Be7e578E97Fcbd37A576,0x86EFBD0b6736Bed994962f9797049422A3A8E8Ad,0.0,0.001093848,confirmed
2025-10-24T17:56:42.075961,ethereum_tx,0x07d67966eb45f0f5527a2b46ece970e713764c0211429315de2277d763ff79b0,9481696,0xFA646594bF2241061314d53e850A466815B3600a,0x738e96D813a47552499fe1C82E8dD415f7afB7C3,0.0,0.001093848,confirmed
2025-10-24T17:56:42.075961,ethereum_tx,0xa4e933f2ff0683e9f8f71b80569dc725b15b405ca686568da7240b00c6e32c83,9481696,0x207D430716d4F12e7e6d9acB39BbC73fD4cB4E1C,0xA73aFb610aC79A729A393D679029fCf9618854AD,0.0,0.001093848,confirmed
2025-10-24T17:56:42.075961,ethereum_tx,0x10a6d0ced28ea0f30d136cdff8185a58a14da031db3d9e31f39a5b6c5aea3e6e,9481696,0xFF1218066b4b5Cd9dE2A73639862082bcC98bf0D,0xd0dbB2486e3Fbf371D1B2e35Fa330bef6529d2f4,0.0,0.001093848,confirmed
2025-10-24T17:56:42.075961,ethereum_tx,0x97721ddda474325323dafa0c8669bee5591ab28028f3da1c4c08e9c126596692,9481696,0x860235D5Db42eF568665900BBD6bA3DB2fA4f33f,0xd0dbB2486e3Fbf371D1B2e35Fa330bef6529d2f4,0.0,0.001093848,confirmed
2025-10-24T17:56:42.075961,ethereum_tx,0x52cc57ca4c8be89fefd885293e244b47429b0d89b59556ec1969edad3ae5564b,9481696,0xb3a1956Cff1ecc8054B81b0C83b9847CB71384b8,0xCf8EDB3333Fae73b23f689229F4De6Ac95d1f707,0.0,0.001085272,confirmed
2025-10-24T17:56:42.075961,ethereum_tx,0xd0e7f3fda8d07fc8a20aa38ca303f73e83e73b0c08fa902bfaeb06d11e76342b,9481696,0x61d8838f9A00250C9AF13D622DA7c08c372ee587,0xCf8EDB3333Fae73b23f689229F4De6Ac95d1f707,0.0,0.001085272,confirmed
2025-10-24T17:56:42.075961,ethereum_tx,0xc7ede21e5db55fd002f5420814151cd9a08d25409c161fefaf977e81b974c510,9481696,0xb3a1956Cff1ecc8054B81b0C83b9847CB71384b8,0xCf8EDB3333Fae73b23f689229F4De6Ac95d1f707,0.0,0.001085272,confirmed
2025-10-24T17:56:42.075961,ethereum_tx,0x1aab7c21592235388c7babd878b47a2aa32be542419ccc39393d504da5f69ffd,9481696,0x090854ca8f429D42bAfA45f365E09464351600cD,0x3eDF60dd017aCe33A0220F78741b5581C385A1BA,0.0,0.001052631,confirmed
2025-10-24T17:56:42.075961,ethereum_tx,0xbf2e5889c567860234aeaecd35c31c36ce9979eb234fc44b0114a8b0cd4ee9cc,9481696,0xb1F69D01a491Bb4d6bB2A3FCfDdb13e27C6f9cDC,0x7215691F60C4fA7Bb82c5Ac44c7d57dc32bB0493,0.0,0.001052631,confirmed
2025-10-24T17:56:42.075961,ethereum_tx,0x28ea008c988dc93abbe0a9d84655023981eb9938a0caca7430a2ac8ae29280b0,9481696,0xF4af6aaF37832B6322Eb0877490e0861f32E648F,0x3eDF60dd017aCe33A0220F78741b5581C385A1BA,0.0,0.001052631,confirmed
2025-10-24T17:56:42.075961,ethereum_tx,0x7580b5b9eb9d1ac30bb9a9f5f57917a84a10974304d13d88ea4e9afcb3971ee0,9481696,0x3Da763C42E438eB17880fB6A83040d6cf13eF03b,0xFf00000000000000000000000000000000042069,0.0,0.001000009,confirmed
2025-10-24T17:56:42.075961,ethereum_tx,0x6e22e6d39550ca5336a0aa6f28ddd213d52edf56058a41489fab5cd5b81ffc7a,9481696,0xe497c1882d2fC664a2ba93C774363eA14F211d90,0xc807aa9514993745Cf7C35dDeB3eAdE5Af1e7B2C,0.001,0.001000009,confirmed
2025-10-24T17:56:42.075961,ethereum_tx,0x8eff677bc3240ccd841a3744e9524c033c33aa8e2c738159d534cacd8e283476,9481696,0xAd9fDaD276AB1A430fD03177A07350CD7C61E897,0x101977e6542090c711367978803d7af539ab9847,0.0,0.001000009,confirmed
2025-10-24T17:56:42.075961,ethereum_tx,0xfcf358a408d8ae38c071b8120e0fbf3cebcbdc4a4a738e6a089386c63bb1943d,9481696,0x4495B02d62Bcb31D8a0c3ee8e551ADbf05473676,0x0000000000000000000000000000000000000000,1e-05,0.001000009,confirmed
2025-10-24T17:56:42.075961,ethereum_tx,0x3d924ac1251d81a2b1c7adecb20ef81c8e60b18ea3640261517211b34953b91e,9481696,0x3Da763C42E438eB17880fB6A83040d6cf13eF03b,0xFf00000000000000000000000000000000042069,0.0,0.001000009,confirmed
2025-10-24T17:56:42.075961,ethereum_tx,0x3fdf47a7cbb3dcdaea5f162e85b1db8bb3d5d0f0ff1370083d151b55898a217a,9481697,0xe2482e34A9C9F1c1bCf2E861006dcC89ca9a44FD,0xcA11bde05977b3631167028862bE2a173976CA11,0.0,3.000000009,confirmed
2025-10-24T17:56:42.075961,ethereum_tx,0xa1518a4e07f1a9c16aecac7d8d53b55970e8f645f2df55420b44f0218a3c774a,9481697,0x6Cc9397c3B38739daCbfaA68EaD5F5D77Ba5F455,0x4b5290C0274b3f3101fE9CFCBF4530e84Adc11F3,2.30582853,2.000000009,confirmed
2025-10-24T17:56:42.075961,ethereum_tx,0x957659e52ea438bb3d1d7e003625bbe501ad4df24b8ee5e7aca44e34e4f506d9,9481697,0x13B13E12e1f9CfFB979EeDd4d53a720Ff6B3037D,0xd110672E48c5B29ca911821539b7F202F3d6a9BD,0.0,1.500000009,confirmed
2025-10-24T17:56:42.075961,ethereum_tx,0xee3db72615807a46e643a8a4edc4f6bfe8694091e3a59d74da5a2381f62d955f,9481697,0x7c8344ffe792f250FCF71dE27605c96ffB791480,0x92a34adDd59CAF5CaAb9D05101b54a933be24e41,0.01015,1.500000009,confirmed
2025-10-24T17:56:42.075961,ethereum_tx,0x460487c4f4c4a3969d9ddbcde022566d0d634b6bb783047f2622b1526c9bd2f0,9481697,0xf3663B762f74994C12ab04E2F508285e1669ef6B,0xb5cE4628874eBD8ED027DfE6Fb4E91346E9C5b48,0.0,1.500000009,confirmed
2025-10-24T17:56:42.075961,ethereum_tx,0x03654ddeb2e464f8704fbdbda5c93f3f22478d8c8c2c7cbd0219453b00cbfa29,9481697,0x0907eEc7791b1497272fa9CEfCBab83f70F5194b,0xc6255a594299F1776de376d0509aB5ab875A6E3E,0.0,1.5,confirmed
2025-10-24T17:56:42.075961,ethereum_tx,0x383308156f411c2e4410bc5c8d139ad1639bd40757a9e8dbae76e3b1de6e988d,9481697,0xE02E99e4b249358D3Bc6bBD060160C4d4D258B6e,0xc6255a594299F1776de376d0509aB5ab875A6E3E,0.0,1.5,confirmed
2025-10-24T17:56:42.075961,ethereum_tx,0x40005aaa79b5529595339e6b055ac76aa8670827285f3844191072de506cbbb2,9481697,0xf5CdC48272D9C22625D455a4C9E9e60eB0cdde48,0xc6255a594299F1776de376d0509aB5ab875A6E3E,0.0,1.5,confirmed
2025-10-24T17:56:42.075961,ethereum_tx,0x8defa51eb4924bd0afe759a7c7da3f08ca81a50c7504666de91387f0c1a7fbb5,9481697,0x3b57d020281b5f014880977f57eE5b6991933101,0xc6255a594299F1776de376d0509aB5ab875A6E3E,0.0,1.5,confirmed
2025-10-24T17:56:42.075961,ethereum_tx,0x6b23f61c4b7d4fc18dd8b192858f1a868b466e414d0a5233158d21d5d481bce1,9481697,0x85AA16B0a6eA346138eAA7D0c041195E624Bf7d4,0x2A4496bbC344414e3bDbE6a8E7c40EF007DAeEd1,0.0,1.5,confirmed
2025-10-24T17:56:42.075961,ethereum_tx,0x372644d86661949810446fc2c4784510a1bdbbba14ce94733946bdbee205744e,9481697,0x688C3d73Cf028c2f71dd3620C3a530B3bbA21F96,0x2A4496bbC344414e3bDbE6a8E7c40EF007DAeEd1,0.0,1.5,confirmed
2025-10-24T17:56:42.075961,ethereum_tx,0xc8bed24628f479c228a960e8319b3685991747a130363f4c871dfb6d5606b024,9481697,0x5689c7d8448B93A67666d39326Fc78334FF53F3f,0xc6255a594299F1776de376d0509aB5ab875A6E3E,0.0,1.5,confirmed
2025-10-24T17:56:42.075961,ethereum_tx,0xdc603c00be11b9435c5337b8ef51d89ea8c1ac4af7c67b5acc31339a91bcdcb3,9481697,0xaC56BEED1FCa1878621091c540a3d811D1DE8Dc9,0xc6255a594299F1776de376d0509aB5ab875A6E3E,0.0,1.5,confirmed
2025-10-24T17:56:42.075961,ethereum_tx,0x3f08f928c40bd8654f235e5085ed0d9fd094d5a25276600dbe70940cfb3669fa,9481697,0x8b0f32432C71cD9a3e1054Da149524eAD9C50aa1,0xba1FCc7a596140e5feC52B3aB80a8F000C9Af104,0.0,1.5,confirmed
2025-10-24T17:56:42.075961,ethereum_tx,0xcf8b022b54d305ba2e44005a01a2c114ff7d9f0e375a7acf7e7d752971ebc170,9481697,0xd6fc7ED61E2f4800bD858956B7Bc3D987CCa75Eb,0x57c5dC670eB6f571bDD8Fc1CF178c46c9A917A74,0.0,1.5,confirmed
2025-10-24T17:56:42.075961,ethereum_tx,0xadaa05dd637e87dbbdd6d712c9652840183f3b720e2056a3b1632c6b15aa572f,9481697,0xB51F71d5Bc57d7625980bDcB969706934C96786E,0x2A4496bbC344414e3bDbE6a8E7c40EF007DAeEd1,0.0,1.5,confirmed
2025-10-24T17:56:42.075961,ethereum_tx,0x6adc14b9d0feeef001c2c13bcce9b757f53e2cd4be2120d70cb85eb8f4dc5ca7,9481697,0x383E61E6c059598d9394C4eE217Ba34C2be0f3FC,0xc6255a594299F1776de376d0509aB5ab875A6E3E,0.0,1.5,confirmed
2025-10-24T17:56:42.075961,ethereum_tx,0xaed48a34c86c96fac41ae1f2446b4b62986b8e6fabe769358b0ed40b104ea931,9481697,0xeDb597173ECA1a2C6091408826b397b075Ef0c27,0x57c5dC670eB6f571bDD8Fc1CF178c46c9A917A74,0.0,1.5,confirmed
2025-10-24T17:56:42.075961,ethereum_tx,0x0b2380f4f91e92b5e3ae3548b88e6be1ad31c22317444c94e5e19ec7d823e2f9,9481697,0xFb24BB2DF1cB9e3f0b7E80ba2aB744F4F77c75E2,0xc6255a594299F1776de376d0509aB5ab875A6E3E,0.0,1.5,confirmed
2025-10-24T17:56:42.075961,ethereum_tx,0x6b919a18692b7048a742e103a1a0de436fed6271d2d0eb80742abca18515acd7,9481697,0xB24d00E645454b0Bf190E96416937A428c8A9770,0x2A4496bbC344414e3bDbE6a8E7c40EF007DAeEd1,0.0,1.5,confirmed
2025-10-24T17:56:42.075961,ethereum_tx,0x50a6aaf01683717fbd52eac391af60ea9791c887cce49ad277be1b431ea55c4d,9481697,0x83eC0F849c33cF9D7d8650907f35043C270c7893,0x000C27D9F7e0f4C8Df959fC395B84A5a1359d570,0.0,1.000000009,confirmed
2025-10-24T17:56:42.075961,ethereum_tx,0x2a8ba25a654386486b8ce46cdece629bbb0eeb424c727468e47b0d426fdd5423,9481697,0xbC8Ea34087223510d151Da73128d592e1563BEa8,0xf31D649d1E683Cf39E64fD417FE31825f4Fe7daD,0.0,1.000000009,confirmed
2025-10-24T17:56:42.075961,ethereum_tx,0x2a4aa1b4c1fc53a836e44800c2c548daab1dffe9cd8d926e58b5237eb5e6e7bc,9481697,0xAD6B87B8729df7C3b833F0aEad8E60D5Adf9aE52,0x8aFd10B5D5865Cb15353d9aB9B4E0e556343e945,0.0,1.000000009,confirmed
2025-10-24T17:56:42.075961,ethereum_tx,0x39258dbf4e94e5b6db083494101cfef8eb43090a3a5eb9f4e4b7b1b11eb05316,9481697,0xf329D31191A5693C941341979871e6a7D65C7836,0xB78E029045a5320db1f61c27B722E01Aa25b362c,0.0,1.000000009,confirmed
2025-10-24T17:56:42.075961,ethereum_tx,0xbbe0b61f7551d8ee7929b13b17a1c8e73181890bae7fd8e969ac4177630ffa68,9481697,0xA47d60a46e1d67844cc92cD20fE6Cd844C2e8a28,0x498A2784635E9f81E260B7B844dEB15Cfbcd51f9,0.0,1.000000009,confirmed
2025-10-24T17:56:42.075961,ethereum_tx,0xce5f5e523c82092388978c26b5468e64117d2909ea02644b9f51022d9bd7f22f,9481697,0x2a1716C0731439656cC1E39a43FD1Efdf5e4491D,0x597Aa4ba4840074cC4024CD61788F2d0aF6C1978,0.0,1.000000009,confirmed
2025-10-24T17:56:42.075961,ethereum_tx,0x534ce796c2af42a53123f7e77a12ad54f02e3f63be956a17ec01cdabcfbc0387,9481697,0x238E8679931e20d95f6CC06544381fA335eF0C61,0xD4291066e3C4e512ca0819DD98836748f3B65Ed7,0.0,1.000000009,confirmed
2025-10-24T17:56:42.075961,ethereum_tx,0xfea71bcd64663f213e3151168527b83108eac6929744a6cc8c1b74bbbd1966e0,9481697,0xebFc2C4F56FC90864877eB4Fa6468397D2dEcF02,0xDbd9A72316eC93b4f29a70bD4dFbF58280CA6D38,0.0,1.000000009,confirmed
2025-10-24T17:56:42.075961,ethereum_tx,0xcb4eb128a2d4eb48536658f85d2de39711f850234482cae6dbd1f7ebc8a15b05,9481697,0xF0FEd0C0192539a1076d8BDa1233f414704d98Be,0x00D22efF04CF7d0f5A355A6D9A06E43120398dA6,0.0,1.000000009,confirmed
2025-10-24T17:56:42.075961,ethereum_tx,0xde333b6e3e8d33e1b9601190c271ac0e996e87011600ba568e381771d8e16f0e,9481697,0xc4B70799e45eBe99A350C6aB12c983b933853494,0xA150b0fA5316a32a5Fa941176581BB012Ae6BCd9,0.0,1.000000009,confirmed
2025-10-24T17:56:42.075961,ethereum_tx,0x756b7269df16f5ffb8d5bdcbead6962ab870d1d653f095753421c0888dc7d674,9481697,0x7fAB555c17a0A8989Cf30CD41314F3eBA4A9dDf4,0xebB6e00dDf6D776dD1F0BFb17546f9696D17Bc70,0.0,1.000000009,confirmed
2025-10-24T17:56:42.075961,ethereum_tx,0x7e643fcf8285c0e92c9fe29bd4c4bd9dd80f3adbe205622dd71eddf9bcd58fad,9481697,0x4469c203fFbf28f0CAC48cD86A91de25E8768727,0xdc2f15622c9C0321F81Ee5873aFe72edbF904F52,0.0,1.000000009,confirmed
2025-10-24T17:56:42.075961,ethereum_tx,0x5c947da38183527c9ad77a52b0be26baa4f94a0fcf3eff7e85df9c6a43f36bbf,9481697,0x8392ADB8D844ee54a1CB3355f94Fe6e66Eb339C5,0xEaB0A59f4e6bC3DC4E9Ba4113775AA5c310C8a5e,0.0,1.000000009,confirmed
2025-10-24T17:56:42.075961,ethereum_tx,0x6352647059f4aa2bd165bb12ef8ca88c64fa8c947312b608588e9d4ba91cb133,9481697,0xDb1d518f67570c67059c95339B624960BBC47bD2,0xB1F124a9d8c05560EdC077a2E829a3dD432fD83e,0.0,1.0,confirmed
2025-10-24T17:56:42.075961,ethereum_tx,0x474451ed2e03063036296e46dd5db28c4f79daad8e470cd62362228e7d123236,9481697,0xf07d1008B79EF4140AC2e2c410a3FCf1173e74ac,0xb2EaD588f14e69266d1b87936b75325181377076,0.0,0.102894657,confirmed
2025-10-24T17:56:42.075961,ethereum_tx,0x97a41e43833af270dba0a871aa1059cf4dfafe8717360397cc7b4b454682d8aa,9481697,0x7003db07130FDEDF0b1673D79576F2940520Be24,0xf993E10C83Fe26DddFc6cb5E82444C44201e8a9C,1e-06,0.020000009,confirmed
2025-10-24T17:56:42.075961,ethereum_tx,0xca099ee86a7da21578c30156de4bc70bc1316f750b1d7798553b8fb44a26507a,9481697,0x7deA30492f0Abd2BdEC0088DA9aEF640cD29B7E1,0xf993E10C83Fe26DddFc6cb5E82444C44201e8a9C,1e-06,0.020000009,confirmed
2025-10-24T17:56:42.075961,ethereum_tx,0x96aa265531e68e8addeaa18c4c3e77b30d889ff9a825b2614f1d669e5bd67d21,9481697,0xe376cEDa68ba13070b2040B394164D8BA7EDFF82,0xf993E10C83Fe26DddFc6cb5E82444C44201e8a9C,1e-06,0.020000009,confirmed
2025-10-24T17:56:42.075961,ethereum_tx,0x92c7acac652da88ffcb01ee03c6d485d3ea9a2a4e6f64db51c3f755c3f297e30,9481697,0x931435e4d1A988A4c3993e78E2923344D4744437,0xf993E10C83Fe26DddFc6cb5E82444C44201e8a9C,1e-06,0.020000009,confirmed
2025-10-24T17:56:42.075961,ethereum_tx,0xc81598dcdb2d6fc2e0ba4c69c1871f17fc154f0767a782853421a4621dcbfde4,9481697,0xcAbBc9470a1d87Ce5490986BcD70F8741C14f6a9,0x956962C34687A954e611A83619ABaA37Ce6bC78A,2.153256557096e-06,0.0015,confirmed
2025-10-24T17:56:42.075961,ethereum_tx,0x18b02e90e66e18ef69bbe5e22c30ff300aae8b200aaa5ee8aa6454d33be1e886,9481697,0x486ce174bDb96b6d0E8A258680a5CB9d4B7f8Ad0,0x956962C34687A954e611A83619ABaA37Ce6bC78A,2.1651995094883e-05,0.0015,confirmed
2025-10-24T17:56:42.075961,ethereum_tx,0xc31e04060c9da039bf311c30dcd5515ad6a49b2ca0762e7cec4b28cd1648a925,9481697,0xe1afC1092c40d32F72Ad065C93f6D27843458B95,0x299Ea355dBeDF225b3a88D67827a0a04dF943749,0.0,0.0015,confirmed
2025-10-24T17:56:42.075961,ethereum_tx,0x2a9a566ae05b4de4b02bc0c62007a324e728fa4297122662a2f9d6ada247a601,9481697,0x4BA56bDa2009816e260921970041d6Eb005D7272,0xC764A997C86dC22B50Eb637626e3f46bfd82534A,0.0,0.0015,confirmed
2025-10-24T17:56:42.075961,ethereum_tx,0x312ee58666952ac69b41ba97134573d9c2a589e3e308df7b5b031eb22a1e879b,9481697,0x6d7927C0D236388319864007681BC0C6b844Def8,0x12e1181a741b70BE6A9D81f85af3E92B6ba41897,0.0,0.0013,confirmed
2025-10-24T17:56:42.075961,ethereum_tx,0xe936b19094859199eac61f037a5ae4b3ed15882d2f77065dfe26c489f5453906,9481697,0x90306f2cC5DFACcaFD35F75DD552e19f92a6b168,0xb3926deF2e0989B0700a57034C9A211bfBcF858B,0.0,0.0012,confirmed
2025-10-24T17:56:42.075961,ethereum_tx,0x8c2a66dccaad20943ba9a064d8c2f7352dbf2b6027ef617188d443bb6cc1c488,9481697,0x22e30b21477C4aCf6e37743e7A347C273cD107A8,0xF8c614A483A0427A13512F52ac72A576678bE317,0.0,0.0012,confirmed
2025-10-24T17:56:42.075961,ethereum_tx,0xdd7d3b8a911846028f99b580bd2eda58311e8357288f9a2d24092a50f8aee6f7,9481697,0x22e30b21477C4aCf6e37743e7A347C273cD107A8,0xF8c614A483A0427A13512F52ac72A576678bE317,0.0,0.0012,confirmed
2025-10-24T17:56:42.075961,ethereum_tx,0x57a53cdc33b16ddfd025a88781f9c509facf144266d7b4565f7af1f8232940f1,9481697,0x65141CA3329DA9A83458017474b5Bc62097Cf24f,0x69C6b28Fdc74618817fa380De29a653060e14009,1e-18,0.001199998,confirmed
2025-10-24T17:56:42.075961,ethereum_tx,0x5194c729a440638905f0721fbb285c277f1d0636132c3cf5805710a6e63e894a,9481697,0xe7382ec81C0f7d44af3Ac05F2CEA47ee2edED258,0xc6255a594299F1776de376d0509aB5ab875A6E3E,0.0,0.001131478,confirmed
2025-10-24T17:56:42.075961,ethereum_tx,0x8b98c4d17750e1079bc0a57fc8715308fc569ce429421746ed4f1e82024417d6,9481697,0xb3a1956Cff1ecc8054B81b0C83b9847CB71384b8,0xCf8EDB3333Fae73b23f689229F4De6Ac95d1f707,0.0,0.001104656,confirmed
2025-10-24T17:56:42.075961,ethereum_tx,0xa1d3ff66a7f1515ee3ce98ee3c98022dae202a724a937a9455da16923d7b2449,9481697,0xb3a1956Cff1ecc8054B81b0C83b9847CB71384b8,0xCf8EDB3333Fae73b23f689229F4De6Ac95d1f707,0.0,0.001104656,confirmed
2025-10-24T17:56:42.075961,ethereum_tx,0xc18b2317cbc967e70293cc7d6159854da3c28ca092ad68a28d27f6565b5db626,9481697,0x6B6e5bDBE151A6AdAA0E13193673a2388F250F49,0xc6255a594299F1776de376d0509aB5ab875A6E3E,0.0,0.001100019,confirmed
2025-10-24T17:56:42.075961,ethereum_tx,0x13e168875129f59234cfbd30c7c701070b35c8f14ff36c5bfd9719d30c2105db,9481697,0xB5988d5d9ADd3d98CF45211bE37cf9b3372054C9,0xd0dbB2486e3Fbf371D1B2e35Fa330bef6529d2f4,0.0,0.00110001,confirmed
2025-10-24T17:56:42.075961,ethereum_tx,0xc78980ecf8d9b39b6fea184b54d065ce0cbe0091aad269e3ea59985b1cce4b09,9481697,0x1741EB7468A490b4A9BA6f4CC7A47B82EcD65c4c,0xd0dbB2486e3Fbf371D1B2e35Fa330bef6529d2f4,0.0,0.00110001,confirmed
2025-10-24T17:56:42.075961,ethereum_tx,0xf1de4674cee4bda4c7d5cf55bad9ed701d3674a6f29485c06b2010402e7a666b,9481697,0xB6D120C413039aD4CFA902b1F4b29b24e429B645,,0.0,0.001100009,confirmed
2025-10-24T17:56:42.075961,ethereum_tx,0x9744d21eb2a28af4df5913f6554239dff452b606f2ee51d7169132a3d9775479,9481697,0xDB41c0cbFCEf2F0ff1f02Cc5E25A9C6673b4a958,,0.0,0.001100009,confirmed
2025-10-24T17:56:42.075961,ethereum_tx,0x7ec30e921166e22e5486bd8da2d9b4514dfd5bd5e7af7ab715c3943f56665ef5,9481697,0x52f1984Cd3e46e1214dB222D3Ff63712E7aCEedD,0xCB0c6BdA178a28e34C1132c53dDeBA24A4DDD5df,0.05,0.0011,confirmed
2025-10-24T17:56:42.075961,ethereum_tx,0x9cd01708c697ecb1ea1190b50de7b9e94cfb2e6c8ebed71e44c1fde67ba47cea,9481697,0x4337003fcD2F56DE3977cCb806383E9161628D0E,0x5FF137D4b0FDCD49DcA30c7CF57E578a026d2789,0.0,0.001008634,confirmed
2025-10-24T17:56:42.075961,ethereum_tx,0xe404b2eafe3bfd91e10865065607473f8cd63db2dd1b44df625345fd288717d3,9481697,0xe497c1882d2fC664a2ba93C774363eA14F211d90,0xc807aa9514993745Cf7C35dDeB3eAdE5Af1e7B2C,0.001,0.001000009,confirmed
2025-10-24T17:56:42.075961,ethereum_tx,0x6c4e87b856216b67c6764b49d4112c9d2514488788af9571e72005213115f535,9481697,0xAd9fDaD276AB1A430fD03177A07350CD7C61E897,0x79911436D94077f0e60B907a1b165504c80AeCc0,0.0,0.001000009,confirmed
2025-10-24T17:56:42.075961,ethereum_tx,0x8fdb6d41ac2f30f02c27b2ff9d0745d3030a02ca8d7ad340d19cfb3845a215b8,9481697,0x4495B02d62Bcb31D8a0c3ee8e551ADbf05473676,0x0000000000000000000000000000000000000000,1e-05,0.001000009,confirmed
2025-10-24T17:56:42.075961,ethereum_tx,0x0f5158de17e7138f81a173c6cac158ca8d701037ca013142a484a9dcb86011eb,9481697,0xD3e1976475ce40150D20a87bAb5Aac8016633Cfc,0x0000000000000000000000000000000000000000,1.06e-05,0.001000009,confirmed
2025-10-24T17:56:42.075961,ethereum_tx,0x16c7be65b893e95dd4a41abc0a63efc76592c6ed450596d82339a7053dcaf909,9481697,0xBf389beCd498E1a07bd011489F6982DbC7E31897,0xFb13dE1C5aC28fc8335Ec5721b06eB4eA6e3897b,0.0,0.001000009,confirmed
2025-10-24T17:56:42.075961,ethereum_tx,0xf29a9eac2c112f56660d138fdcbcab1c38943cbf10ab40276366a4627c3cc5bc,9481697,0x3Da763C42E438eB17880fB6A83040d6cf13eF03b,0xFf00000000000000000000000000000000042069,0.0,0.001000009,confirmed
2025-10-24T17:56:42.075961,ethereum_tx,0x7ea8847a244cb34f42dea93a097beade82f3477b35235085fec38a85615435c6,9481697,0x5d72984B2e1170EAA0DA4BC22B25C87729C5EBB3,0xd4116f515A6958da851080B390DDE4B81f408978,0.0,0.001000001,confirmed
2025-10-24T17:56:42.075961,ethereum_tx,0xde8fd9aa06bd41018caa8a63d4ef49135200275aafa833b7dec8e375c9a44799,9481697,0x1c2ADe017a8AF7229EbAb076f5C3DB41A63fE422,0x41920EFEC334f2bfcb37590579204984bF4f1eA1,0.0,0.001,confirmed
2025-10-24T17:56:42.075961,ethereum_tx,0x16a40a4f19150152bbd0abac049cd6bb8d48f6a4c036062429273de772c246c9,9481697,0x3147f2B54f644d58360c70FCA54826d0dd36f0aD,0x956962C34687A954e611A83619ABaA37Ce6bC78A,0.0001,0.001,confirmed
2025-10-24T17:56:42.075961,ethereum_tx,0x34affdacf6f0fce920198ab1f06005afdaaddbea41ba0e6b40afb4bbb1d4fca3,9481697,0x2BD57431C987f505DDC0a50aC9B2F0E3c5CC01da,0x03C66CB1826BDB0395BF31E68Bf7E873e9564fFB,0.0,0.001,confirmed
2025-10-24T17:56:42.075961,ethereum_tx,0x6ab4145a5cfe3088d959050f66033a0fc5dc8af990ad933fccb412775b8b4b3f,9481697,0x2ad00354A9332E69E9e12A0d79D82709Dd66Ea50,0x956962C34687A954e611A83619ABaA37Ce6bC78A,1e-07,0.001,confirmed
2025-10-24T17:56:42.075961,ethereum_tx,0x9f8a7418441eeeabc033af532c230d70c6d01743a13b32b68d737f5cf14bb676,9481697,0x72D7Bd06736Fa10F03aeF860D8Aa4e4bE242Bc57,0x03C66CB1826BDB0395BF31E68Bf7E873e9564fFB,0.0,0.001,confirmed
2025-10-24T17:56:42.075961,ethereum_tx,0xef7a4161a5581254160eea580fae9f712cca4f0e5b9592b158620b71cca59939,9481697,0xbe9Ec9027F86090D96530c71980798a91ACdc832,0x87A3effB84CBE1E4caB6Ab430139eC41d156D55A,0.0,0.001,confirmed
2025-10-24T17:56:42.075961,ethereum_tx,0x6a799cce8647098cca53926965b0cd3daf3764f426f055c71960c59d7de852c7,9481697,0xbfB331f5383C9dE87Dba14E0229C9e46B2Aa33C3,0x853758425e953739F5438fd6fd0Efe04A477b039,0.0001,0.001,confirmed
2025-10-24T17:56:42.075961,ethereum_tx,0xfd3196c6903a8288f7df7f74cd9847ae9d02314991f5781744b58390a4364986,9481697,0x6F01b4dafA0a25EaC85314eA074C27d08EcF3A93,0x03C66CB1826BDB0395BF31E68Bf7E873e9564fFB,0.0,0.001,confirmed
2025-10-24T17:56:42.075961,ethereum_tx,0xbc882bcd110cbd4e2b071317b6a39c4e3efdf03a42ae2301a1267d271b5ec666,9481697,0x7fd674E2A3809BF36486622eab12ecd0E6DD194A,0x03C66CB1826BDB0395BF31E68Bf7E873e9564fFB,0.0,0.001,confirmed
2025-10-24T17:56:42.075961,ethereum_tx,0xb65df1f9efbf111449b24731aa2d81ad9cba22c9bad02c71c30b17cbbef1e06a,9481697,0xa20F74Bf625c6d64B353aA6d3B1f64c48099A26d,0x956962C34687A954e611A83619ABaA37Ce6bC78A,1e-06,0.001,confirmed
2025-10-24T17:56:42.075961,ethereum_tx,0x5d7e75a07d7eb9d7596706227aaec4cf1fba9e99bf68bbc9699c39367a332af8,9481697,0x247365225B96Cd8bc078F7263F6704f3EaD96494,0xF0111EdE031a4377C34A4AD900f1E633E41055Dc,0.5,0.001,confirmed
2025-10-24T17:56:42.075961,ethereum_tx,0x06be6215f0004300937b665417d97631904e6cd433ecae8d9bfcf20a71831753,9481697,0xeDC075310076D3ea8bd960Ece05fe5deb85E91BA,0x03C66CB1826BDB0395BF31E68Bf7E873e9564fFB,0.0,0.001,confirmed
2025-10-24T17:56:42.075961,ethereum_tx,0x302ebde4fc727472d45d9f89bfe250a7eba538beac343e7da3a463871c999303,9481697,0x427888CdA8F0E5968358C980Afa7DD02358D3037,0x06EE41735d78E32BA28600Bd781b2aD088c9A6c3,0.0,0.001,confirmed
2025-10-24T17:56:42.075961,ethereum_tx,0x9e563477fa42626f12bb409797f1acd286f6983d719111b7c86b1cc2b0872d4b,9481697,0xb6d25fa232e50EE2fCf3a40DAFCAfe5Fff1Fd9A9,0x87A3effB84CBE1E4caB6Ab430139eC41d156D55A,0.0,0.001,confirmed
2025-10-24T17:56:42.075961,ethereum_tx,0xb507e4e3fcc4d4d4d18f83b21eddc02590a60892c4a00dee6be4c289cece1a03,9481697,0xB0752cCA8b78aAB13eA9bE15f9C2b88Fd8B6F043,0x956962C34687A954e611A83619ABaA37Ce6bC78A,1e-07,0.001,confirmed
2025-10-24T17:56:42.075961,ethereum_tx,0xf93b16b83d91091a81432ac2e6d6086b2ae45d11b53bfef8b0e02f2e0068a3de,9481697,0x1e038d16bD93EC432B81f4024684675C521f92EE,0x03C66CB1826BDB0395BF31E68Bf7E873e9564fFB,0.0,0.001,confirmed
2025-10-24T17:56:42.075961,ethereum_tx,0x43944227adf7d2eed21b9421e4802ff446877c1d87145fb5c80cbb5ed1668281,9481697,0x6d6b5614Fc87D32C7fa1680205eBcc879600b4B4,0x956962C34687A954e611A83619ABaA37Ce6bC78A,0.0001,0.001,confirmed
2025-10-24T17:56:42.075961,ethereum_tx,0x830b1e9f48124e9491ec2941903b7275d91d0bdf090dd3a33b04b628337032fd,9481697,0x16BBbb5a0aB7b98EE0a58ECD32089e595D4510B3,0x03C66CB1826BDB0395BF31E68Bf7E873e9564fFB,0.0,0.001,confirmed
2025-10-24T17:56:42.075961,ethereum_tx,0xe4b075c03196a86a2dd7874a5fe443a30cbc082fea310568b4cdad85d8f26b24,9481697,0x7551607309Dd562f8b74489704A7Ff80D395B003,0x03C66CB1826BDB0395BF31E68Bf7E873e9564fFB,0.0,0.001,confirmed
2025-10-24T17:56:42.075961,ethereum_tx,0xb20e6049011fe31f5cd1bcfc60ab1560d5e3180a234ed49049ad48c4a0db7a19,9481697,0x94B794E59838De302CCf043d1c7C5E14fc6473A1,0x956962C34687A954e611A83619ABaA37Ce6bC78A,1e-07,0.001,confirmed
2025-10-24T17:56:42.075961,ethereum_tx,0x9197ad73870658dda04211774b5697d5a3cd6ad60de854e43df656487ae5e4a8,9481697,0x99CbF2D9e16F5692E2F7528057Eb9cfb5669C97e,0x956962C34687A954e611A83619ABaA37Ce6bC78A,0.0002,0.001,confirmed
2025-10-24T17:56:42.075961,ethereum_tx,0x96241de28a5e95abaedd59f1b47aeef6de97d891640757099adeac96e35609f8,9481697,0x491aE4A7bE91BB6b84232bAC79A9Cd5AB017E715,0x8f6E15d9A4d0abCe4814c7d86D5B741A91bDCC04,2.5642e-06,0.001,confirmed
2025-10-24T17:56:42.075961,ethereum_tx,0xccb6e8a057d1d75665b6b36cb895d899dcaa8756c5119fc6907975e279611818,9481697,0x0b9161786e250950bc94753179F65d1fF0453Ad3,0x03C66CB1826BDB0395BF31E68Bf7E873e9564fFB,0.0,0.001,confirmed
2025-10-24T17:56:42.075961,ethereum_tx,0xdf08e424bee8822b9df341d96a9846064cc353e4a61eebd26022c8e34ffeffd8,9481697,0x9C8FaA60ac71ad698FA1E9ba77C7F409eF4834cf,0x956962C34687A954e611A83619ABaA37Ce6bC78A,0.000132,0.001,confirmed
2025-10-24T17:56:42.075961,ethereum_tx,0x945d051e510fd4eb00350b5815d4edd625ca65e47e22718909be47f7b13e92c3,9481697,0x905c16e089Ccc473d5bd41DDC4960a68D0D0908E,0xb0a6b00101Dfe06F72aaD434389EaB16e266C97e,1.53e-06,0.001,confirmed
2025-10-24T17:56:42.075961,ethereum_tx,0xc15438799517e47e3cbc6bfa51a8035ca69678c6c14c5b1ea9994dece0e8394a,9481697,0xD076b60F5Bf6a225eEE88262697a7Cf07F9D558A,0x956962C34687A954e611A83619ABaA37Ce6bC78A,1e-06,0.001,confirmed
2025-10-24T17:56:42.075961,ethereum_tx,0x8a1880ff9380cfb0ea9f15eb19c669e44569446e32e269006c888948eab893a0,9481697,0x880b27A0405a2C93816975a6b50786F3D75C7E91,0x956962C34687A954e611A83619ABaA37Ce6bC78A,0.0001,0.001,confirmed
2025-10-24T17:56:42.075961,ethereum_tx,0x01c2ae853cfa28b7b07717aeb1b6eac1760b77d24f31b984f9b13175f733bf32,9481697,0xF13181b457992B4F9f7cE2c77Cdda2AbA55eE9BC,0x03C66CB1826BDB0395BF31E68Bf7E873e9564fFB,0.0,0.001,confirmed
2025-10-24T17:56:42.075961,ethereum_tx,0x27d8578da9215b22ac8ac1db7f51687bf89faf49dde738164207f1a11dafc866,9481697,0x5A92122FA168b5e5B80FDc9981a5e23E78514325,0x6C433CBeC4609d1f16EF701605C21EdD546Ff50C,7.31e-06,0.001,confirmed
2025-10-24T17:56:42.075961,ethereum_tx,0x03fdd9a5d1f35a18b30433708a08f020b7a0fc2efa0fb89bc615a7e3a73dffdc,9481697,0xf661D05Ebc09e5e0cC6Fc853ebEFDD9AE21AAB66,0x03C66CB1826BDB0395BF31E68Bf7E873e9564fFB,0.0,0.001,confirmed
2025-10-24T17:56:42.075961,ethereum_tx,0xbfe0b32c6791acff341bf832e933a38b68eef43914a3a6cd88abc8208237dcfd,9481697,0xcD12Ed9b63603bc9685Cda552c0156d9b297b41F,0x87A3effB84CBE1E4caB6Ab430139eC41d156D55A,1.7e-05,0.001,confirmed
2025-10-24T17:56:42.075961,ethereum_tx,0x050b6b5546b420c8b5a716156cc430eaa9a36c89a9240718f24b51785714a6ad,9481697,0x2BFaadCa3865BEf692e68B16A3A655bB3167e004,0x358e500d87F6d4630a8bF2fBDA09298C0873DA18,0.0,0.001,confirmed
2025-10-24T17:56:42.075961,ethereum_tx,0xf837b9080ecddd0accb25099d7762fdf67361c8b2ce5cb09352a00348cf2e3ef,9481697,0x46cE23F5DEae8197018a184D25D566B82d5C9396,0x956962C34687A954e611A83619ABaA37Ce6bC78A,3e-06,0.001,confirmed
2025-10-24T17:56:42.075961,ethereum_tx,0xa1537d79079152c977196303b9d352925abb908bbd75e560a2a0f3e828705d08,9481697,0x302151faF7948542078aDB602648F9e30D7b33B4,0x956962C34687A954e611A83619ABaA37Ce6bC78A,1e-07,0.001,confirmed
2025-10-24T17:56:42.075961,ethereum_tx,0x8b745af49cf0d73e2b64842ca5cffa6a7631b1a6648d83de9e9ecec6b3bcd1e0,9481697,0x2110a77dCcf68bb4B51afc758DAD31437CbdF39b,0x03C66CB1826BDB0395BF31E68Bf7E873e9564fFB,0.0,0.001,confirmed
2025-10-24T17:56:42.075961,ethereum_tx,0x3935610bc525f9fa07703247979f2462843e2cd03062dc6bbd99bdc63419b981,9481697,0xf52f862dfA40252CcEae7BfC9B2A185A4A6f1050,0x03C66CB1826BDB0395BF31E68Bf7E873e9564fFB,0.0,0.001,confirmed
2025-10-24T17:56:42.075961,ethereum_tx,0x037d922281cce279c5b7984020d222ef0be106c1dbe5b40e6b4837f458780bd4,9481697,0xDA4bc6D9f9E8676502538C7476901CB4c891bc04,0x956962C34687A954e611A83619ABaA37Ce6bC78A,1e-07,0.001,confirmed
2025-10-24T17:56:42.075961,ethereum_tx,0xa76be1e700ad53e03838bf204598e2dd55959867edf579a163202d02ec0129f5,9481697,0x2bE2B4dDb08aB10C645D7509665f7EDF437670FC,0x03C66CB1826BDB0395BF31E68Bf7E873e9564fFB,0.0,0.001,confirmed
2025-10-24T17:56:42.075961,ethereum_tx,0xafdef2fe165115c5148d638b1045ee9bb9eb83ddd1e92a45d5ff429d5f4c787b,9481697,0xe03F5Eea59b3e719653d522811A49E089FA0DE8e,0x956962C34687A954e611A83619ABaA37Ce6bC78A,0.001,0.001,confirmed
2025-10-24T17:56:42.075961,ethereum_tx,0xfefa687c8cd75c1af46fbd5a993bbd2376f44b76b073ff6ac64355b16d1847cf,9481697,0xC7AF91293dC7dF3DdF0bF0dDD14AaA96aE63BD4E,0x9FB3F146DA357D9C8CD85563dFE1541330278a09,0.0,0.001,confirmed
2025-10-24T17:56:42.075961,ethereum_tx,0x46daffab92c7d774dd42382ad0dd2b75c37d8066425bfa5ee0bbd58fc8dddd61,9481697,0x869ADf7EE8B4EcE13E088C05DbB80C510c7b854c,0x03C66CB1826BDB0395BF31E68Bf7E873e9564fFB,0.0,0.001,confirmed
2025-10-24T17:56:42.075961,ethereum_tx,0x126bca1d6859e27f99d2fbaf376bc2f413130edda095d0f953daae9293cc9dd1,9481697,0x68BC04Bf87baA515FaB5a2BF0E8A74cB925C971A,0x03C66CB1826BDB0395BF31E68Bf7E873e9564fFB,0.0,0.001,confirmed
2025-10-24T17:56:42.075961,ethereum_tx,0xd0f46c673e36df3eca51f2ce4b50b20671a87f2a9879502bf6ddef1b8f34b5a1,9481697,0x45cA74a9894B8bDaDE92CDB407A86ECC552dd495,0x956962C34687A954e611A83619ABaA37Ce6bC78A,0.01,0.001,confirmed
2025-10-24T17:56:42.075961,ethereum_tx,0x9a8a1e6b4bb1d352b8789b0dd65d373d148511bdc2e29bf304a5b9db72f91f3a,9481697,0x571D2ACC5F4E7C8351e210d8f3c5B4E0503Ca99F,0xa111d7b5Dd0Fc55f2e850603Bd78Fe7CA42202c1,1.98e-06,0.001,confirmed
2025-10-24T17:56:42.075961,ethereum_tx,0x800da9201e671b78f014a992ed7133bef8b72f0acbdc34c8ff7fbba3041058e7,9481697,0xC1B22B677237e5a17Ae3A373794AB5E10451Df08,0x956962C34687A954e611A83619ABaA37Ce6bC78A,1e-07,0.001,confirmed
2025-10-24T17:56:42.075961,ethereum_tx,0xa84a7eb092762b006339c8d686834de920aa611da512f6aa8e15022b96ae8a0f,9481697,0x6d50EDC485a5c5C8E57e45994de1C8f8A11A7cee,0x19d180bc50198A622C62AcDbeD7eC6B415DCF415,8.1e-05,0.001,confirmed
2025-10-24T17:56:42.075961,ethereum_tx,0xe1a215619c7937673a180c3496de16dc9783fdb4f7b6eaefb8db64f119f470a6,9481697,0x8356B1EE8Ab99dE3583F0A01e2d247959B665173,0x956962C34687A954e611A83619ABaA37Ce6bC78A,1e-07,0.001,confirmed
2025-10-24T17:56:42.075961,ethereum_tx,0x5d87c2ed855af82ae7e69bf20b99ec6638368bbdc5eeaf706ee61018a3fa211b,9481697,0x0B0e2673A1CE96a115c2c53e1304eD4640294856,0x08d2b0a37F869FF76BACB5Bab3278E26ab7067B7,4e-05,0.001,confirmed
2025-10-24T17:56:42.075961,ethereum_tx,0xf8b4d22036671a14231b65e80c3ca03b14ae8b95dfbfd13fa15845a532a21ee8,9481697,0x1051eae2Ae108EE7f8DA55eBe33b4ad83d17514C,0x03C66CB1826BDB0395BF31E68Bf7E873e9564fFB,0.0,0.001,confirmed
2025-10-24T17:56:42.075961,ethereum_tx,0xe6211a7400cf2bb8edfef0b163c1bb17f6d2311dad577378e5d05380f9041989,9481697,0x44F78c4006f8D85343F17624048E0C0DD753AEaA,0x956962C34687A954e611A83619ABaA37Ce6bC78A,1e-06,0.001,confirmed
2025-10-24T17:56:42.075961,ethereum_tx,0x526a1dda7372df1a7f10ce7f64caa6daf8196ba20200efe9c7d1826a5819e997,9481697,0x6419b4DEe913940FEbDB9Adf586C72ae1f298DF1,0x956962C34687A954e611A83619ABaA37Ce6bC78A,1e-07,0.001,confirmed
2025-10-24T17:56:42.075961,ethereum_tx,0x58a87387e2a66682b56e4c27c9a102af153c9e77d07e30952318e701fa16a58e,9481697,0xaD8Ba5FE8f216f6110ebE98f87E8220179af7209,0x03C66CB1826BDB0395BF31E68Bf7E873e9564fFB,0.0,0.001,confirmed
2025-10-24T17:56:42.075961,ethereum_tx,0x2bac55888fc49ade4db8d1fe601e6dfc089b75d372ff565fa5100023985f44b9,9481697,0x09261Ef42219350E8908d1D6E0173EC05978BE43,0x03C66CB1826BDB0395BF31E68Bf7E873e9564fFB,0.0,0.001,confirmed
2025-10-24T17:56:42.075961,ethereum_tx,0xfd3ec4615a29f6eee9379bfcd1bcc75a41088caa82588f5fdf1770d36d1dcdfe,9481697,0x61851ecB1cdFa72698d5724DFFCA5138B3304ef3,0x586D7f79732AaC65370655fb30f3BcB7104E016e,0.0,0.001,confirmed
2025-10-24T17:56:42.075961,ethereum_tx,0xa41e6a81fa4507730fa4522029b5c452ba489036e588bd1999afa4d13d6570ed,9481697,0x286A36A0453c43dA32Da607e1fbbD4771280D829,0x03C66CB1826BDB0395BF31E68Bf7E873e9564fFB,0.0,0.001,confirmed
2025-10-24T17:56:42.075961,ethereum_tx,0xd77ea340c48e874aa57ecceb88b39635289dbf5f74aafecff9603efe1ca44a27,9481697,0x7f132C78348c1e5a6b1E271bDf247092aFF9188f,0x956962C34687A954e611A83619ABaA37Ce6bC78A,1e-05,0.001,confirmed
2025-10-24T17:56:42.075961,ethereum_tx,0xdc640b9aee0e2aa00d5c0ec4276bc5e8d00133935cc8f7e09a72fe54a362b96d,9481697,0xcC05E956be7B2F3AdCD13cc6005C1C87bc3E5F78,0x956962C34687A954e611A83619ABaA37Ce6bC78A,0.0001,0.001,confirmed
2025-10-24T17:56:42.075961,ethereum_tx,0xa291d04758f236868f7c874174eff0ffb8abf23207ef55b5bebed6080852e3ac,9481697,0x9dc66AB5cDf7Fac6d01b994284950d8585ff7022,0x956962C34687A954e611A83619ABaA37Ce6bC78A,1e-07,0.001,confirmed
2025-10-24T17:56:42.075961,ethereum_tx,0xdb2d43bed6fdecad5767e468333ee6be520dbf064a2dd32d5b2b1b7873702227,9481697,0x07229Bcfa4da8f494F49Abc67b5287748f9a0Dbb,0x03C66CB1826BDB0395BF31E68Bf7E873e9564fFB,0.0,0.001,confirmed
2025-10-24T17:56:42.075961,ethereum_tx,0x3118e97cc998e2bd946a1ac78bc0134fbe83dc9ebc42f154cd8d5b599b0d261b,9481697,0x13e6009357AF52E7D564b5914aa97719C8304A28,0x956962C34687A954e611A83619ABaA37Ce6bC78A,1e-05,0.001,confirmed
2025-10-24T17:56:42.075961,ethereum_tx,0x35d14cf5e7bf5c42966d71f3c9f087ae54479d48ee926aaa79f634e5f6eb2763,9481697,0x3C352eA32DFBb757CCdf4b457E52daF6eCC21917,0x3424BA0aDF7Cfb770831dFdbA9F364d34E5f493E,0.1,0.001,confirmed
2025-10-24T17:56:42.075961,ethereum_tx,0x63e4c76bea1ec1a7f9b487643f357c0f6d2af6de060f91e7662fc0c43015c2d1,9481697,0x2c06b1d706Fa7fcfa882EB4ce7F2fe27d58E08F4,0x08d2b0a37F869FF76BACB5Bab3278E26ab7067B7,3e-05,0.001,confirmed
2025-10-24T17:56:42.075961,ethereum_tx,0xa3ee3a985cddd404a8bb877cf3e8f25a525a6e20abef350a5e466305adf15f22,9481697,0x71955d4098cD2C0737184Ec881016a538ed9A90D,0x1c7D4B196Cb0C7B01d743Fbc6116a902379C7238,0.0,0.001,confirmed
2025-10-24T17:56:42.075961,ethereum_tx,0xe6f0d240859879784beb709427227721ca810ddd4732a463dd4266cece5d58c4,9481697,0x41b9010cf5E134D432483BB08EA5a85bdbAf2FAD,0x956962C34687A954e611A83619ABaA37Ce6bC78A,1e-06,0.001,confirmed
2025-10-24T17:56:42.075961,ethereum_tx,0xbdc1af14568d73b351ec5a78d34324fe85855d805721e65a8cb411645884775e,9481697,0x2369F7E8E3d83cc0F8De7d90DDB2EE7Cdfd0b248,0x956962C34687A954e611A83619ABaA37Ce6bC78A,1e-06,0.001,confirmed
2025-10-24T17:56:42.075961,ethereum_tx,0x7133ef9fd2aacc7a2a9d08cdb0bcdfba505df76c008fa6a2a7b840586b98ef89,9481697,0xcB499cf9d71FBD345e9BF8A37434e5C92d290Efc,0xb3975b4294ed871013d2B47ADe5da9015Df5C54a,0.0,0.001,confirmed
2025-10-24T17:56:42.075961,ethereum_tx,0xf478cc3400f60d273f9237a826e61b61916e379e8417527d786bcdf930b82547,9481697,0xa4805028337F9D084CeF6dFB0fcf6F3D46b27041,0x956962C34687A954e611A83619ABaA37Ce6bC78A,1e-06,0.001,confirmed
2025-10-24T17:56:42.075961,ethereum_tx,0xb4bc81f6c55b0f1a713a3f22efbc7cf23b08b53548624584d3137c6425ec2b9a,9481697,0xeB23746F20CA8Bca63d99bf0c201c9f4892BfD01,0x956962C34687A954e611A83619ABaA37Ce6bC78A,1e-07,0.001,confirmed
2025-10-24T17:56:42.075961,ethereum_tx,0x08b29d8eaa7f496ab6efb32bc17c7fca1e4397bd7fc96a258ac22d2ae3b3df85,9481697,0x9dA7810c4b81C5241ddEd3486543B3F878f8484d,0x956962C34687A954e611A83619ABaA37Ce6bC78A,0.001,0.001,confirmed
2025-10-24T17:56:42.075961,ethereum_tx,0x88d9fad9c19caf58ff3aa500009ed7276e04cc7313f9bf333da4b046cbdcdf4a,9481697,0x3Dd144d02C1bFb9EEFef56B76FBDB81e7191ceCF,0x956962C34687A954e611A83619ABaA37Ce6bC78A,1e-07,0.001,confirmed
2025-10-24T17:56:42.075961,ethereum_tx,0x60e7500f61db4600d34caf620426e41640c239f78198b4898f5ed8eb442943d4,9481697,0x470267EEf99e9062794586E4e6eF9432ea388612,0x03C66CB1826BDB0395BF31E68Bf7E873e9564fFB,0.0,0.001,confirmed
2025-10-24T17:56:42.075961,ethereum_tx,0xd7207272d26a879549548bab5232e4f9866bf01e12bfc0384e5732c3e55e7983,9481697,0x572e2B3140ea2a46F48E3ffe72e418C0883cE2C3,0x956962C34687A954e611A83619ABaA37Ce6bC78A,1e-07,0.001,confirmed
2025-10-24T17:56:42.075961,ethereum_tx,0x344eef8a89725d83609f7096130b3fb5fd98dba59c07ccd30a7ae947d92718de,9481697,0x309506DcFb9A1fa93Ce66c958597e16f5400589a,0x03C66CB1826BDB0395BF31E68Bf7E873e9564fFB,0.0,0.001,confirmed
2025-10-24T17:56:42.075961,ethereum_tx,0x9e4099e6329f429478f8e7e3b4d2c7bf7ecb15d8556bfa5862a69c7560e9906c,9481697,0x969cB52721b6f30F78db7e9b9e1Fc97162b83D01,0x08d2b0a37F869FF76BACB5Bab3278E26ab7067B7,1e-05,0.001,confirmed
2025-10-24T17:56:42.075961,ethereum_tx,0xb65c55bc6e730d90323cf9e41895c5888892445fb6c40c24fd2365950ce63949,9481697,0xB66df7402831cdFb30B1D3027cd27d3D4Be5F752,0x08d2b0a37F869FF76BACB5Bab3278E26ab7067B7,4e-05,0.001,confirmed
2025-10-24T17:56:42.075961,ethereum_tx,0x464e5d9208406b3cea9c98b3c26530ad021e1be5e9ceeb003a9a0b0936ae2148,9481697,0x4bBd3D996a3AF827AF8C3fC0A1b30Bf9275977A8,0x03C66CB1826BDB0395BF31E68Bf7E873e9564fFB,0.0,0.001,confirmed
2025-10-24T17:56:42.075961,ethereum_tx,0xe38c7e4bc13d8d85364902cc429feafc2374d844387a1a74416b3f4f5e9450a5,9481697,0xED0434bBF21FFE0053f75a29a6FE7415D0fA5B4E,0x03C66CB1826BDB0395BF31E68Bf7E873e9564fFB,0.0,0.001,confirmed
2025-10-24T17:56:42.075961,ethereum_tx,0xc7b6e5a4f298ae2f208a04b5e2a3e0a2fe7a78a40c4e8491709080eb3332a6d3,9481697,0xf5Ab57e89Be383F39D9faEcDB894e6d50143F7E7,0x03C66CB1826BDB0395BF31E68Bf7E873e9564fFB,0.0,0.001,confirmed
2025-10-24T17:56:42.075961,ethereum_tx,0xecebd9c16137f55d86d3a8f672b3304ede675874a6bb9c60c945001df5553740,9481697,0x9c5eE7681561Bb8Fae47dc402Dd5486e7b1486b1,0x03C66CB1826BDB0395BF31E68Bf7E873e9564fFB,0.0,0.001,confirmed
2025-10-24T17:56:42.075961,ethereum_tx,0xf3212f3afeed7df6002f9df6af661a8cc29c0f9342218741d5d8ab8f90289b06,9481697,0x8F8308F6946ACB9416f7cd543c01EdE440B2A00A,0x03C66CB1826BDB0395BF31E68Bf7E873e9564fFB,0.0,0.001,confirmed
2025-10-24T17:56:42.075961,ethereum_tx,0x0e62846e2288093f74757eeefbff8011910e6472f7c432d838835c0f7fc4f507,9481697,0xD67d8569D5F24EB3C734528725E02DBe9fC18820,0x03C66CB1826BDB0395BF31E68Bf7E873e9564fFB,0.0,0.001,confirmed
2025-10-24T17:56:42.075961,ethereum_tx,0x12892b6457e4d8bbeaad6463c0777fafceebdcd22505c3d40fe5a4f248868bb4,9481697,0x1BE517bb7c6BA92eaBE27d01d7Fd3a3A6271F2C5,0x956962C34687A954e611A83619ABaA37Ce6bC78A,0.0002149695,0.001,confirmed
2025-10-24T17:56:42.075961,ethereum_tx,0xb7cfa321f65b4438d701da1b92e7999940850bdc17bdc4bb4bc4dcc5d97de41f,9481697,0x275825447F8D5C145F07ecE6Dfc08E3C0da5AbCe,0x956962C34687A954e611A83619ABaA37Ce6bC78A,1e-07,0.001,confirmed
2025-10-24T17:56:42.075961,ethereum_tx,0x7cbb106a1aca8a14976e7410a95af08b44660e00a80b9a6b91d21cbffe2cce44,9481697,0x33a7C77d74A3FF7D1644DBFbbe1d59b942ca4982,0x956962C34687A954e611A83619ABaA37Ce6bC78A,1e-07,0.001,confirmed
2025-10-24T17:56:42.075961,ethereum_tx,0xc8729d071d73892a1a6ec3b834a42061eb75ef56fae68c05ddad15c95d1b21b5,9481697,0xC7a0a399b846fd6c539A351f4e0Ff5bc2af14854,0x956962C34687A954e611A83619ABaA37Ce6bC78A,1e-07,0.001,confirmed
2025-10-24T17:56:42.075961,ethereum_tx,0x333c21d3412e3b06c8f2c5e84b5d2e2ebda1bcf5f7c2e862f18accdebdf1a8db,9481697,0x719Fc10dcf7984D652206E85624DbA65a04C48be,0x956962C34687A954e611A83619ABaA37Ce6bC78A,1e-06,0.001,confirmed
2025-10-24T17:56:42.075961,ethereum_tx,0x0f9cf13c3e75cb5243024c6034722d633d654430ef97bdbf6bfabb07a94e8d7f,9481697,0xb3Fb53Aec32a7B31e21d155364E7A7eE9c20A39f,0x87A3effB84CBE1E4caB6Ab430139eC41d156D55A,0.0,0.001,confirmed
2025-10-24T17:56:42.075961,ethereum_tx,0x48333ffc9f9ec55e5d14c0b7abe0a98700aa59df6838bdd0bddfa308cde997ca,9481697,0xF059847bF7c865F2Ef2d242e919Fbbd994E94F76,0x956962C34687A954e611A83619ABaA37Ce6bC78A,1e-07,0.001,confirmed
2025-10-24T17:56:42.075961,ethereum_tx,0xaab75028ff4caf6b9ae8d56135659db151967dda59c175ec54e7cc2942e9a36c,9481697,0x3B290E03716f3B5AD76477aE17694Af5411dDb63,0x956962C34687A954e611A83619ABaA37Ce6bC78A,0.001,0.001,confirmed
2025-10-24T17:56:42.075961,ethereum_tx,0x37b9a125e7378eba862a92b1a11c0ad8d160be75e6edcadb41bbd8b4a640555f,9481697,0xd0df7330563aA552E4c9146c0742DcE48C88c766,0x853758425e953739F5438fd6fd0Efe04A477b039,0.0001,0.001,confirmed
2025-10-24T17:56:42.075961,ethereum_tx,0xb313b00b4645149d1484e7f558c63988d415003c5102352378eb0457b150a9e4,9481697,0x7E503029C6410f7859759E9afC2c18bF7C5A4954,0x956962C34687A954e611A83619ABaA37Ce6bC78A,1e-07,0.001,confirmed
2025-10-24T17:56:42.075961,ethereum_tx,0x19c1fd5e933d33ff633e0d9be6005f974fcf1dfe21119152d0ea1fff2a5f37be,9481697,0xB3C259f1235A50Bd0B8aA2E588648c106F6F3816,0x0215f8e5e81B75799Ae38232420377339d811796,0.0,0.001,confirmed
2025-10-24T17:56:42.075961,ethereum_tx,0xc7a454f4de2c6ebe0f55f8c26511f8e2889d103d563d6d5ebf15748403c9df87,9481697,0xC7AF91293dC7dF3DdF0bF0dDD14AaA96aE63BD4E,0xF694E3E9Bd8a15A88e7839409434c85e55bbCA89,0.0,0.001,confirmed
2025-10-24T17:56:42.075961,ethereum_tx,0xa2cbb1d11f38407c1778e65af55810a5a65f0c5676b4d095ed4a0ef8494b3091,9481697,0x427888CdA8F0E5968358C980Afa7DD02358D3037,0x06EE41735d78E32BA28600Bd781b2aD088c9A6c3,0.0,0.001,confirmed
2025-10-24T17:56:42.075961,ethereum_tx,0x668c42fbc7739c903bcc1186e4d2f43b2a4fc896c5a2c69738e389fd7217d648,9481697,0x0B0e2673A1CE96a115c2c53e1304eD4640294856,0x08d2b0a37F869FF76BACB5Bab3278E26ab7067B7,3e-05,0.001,confirmed
2025-10-24T17:56:42.075961,ethereum_tx,0x1fdbfceef6d1f6290731587c657b270d3ffcf1d3a898c978af1c93866864e783,9481698,0x3C95c2633296B264d051498C4b2e982EbB526A53,0x3C95c2633296B264d051498C4b2e982EbB526A53,0.0,4.1,confirmed
2025-10-24T17:56:42.075961,ethereum_tx,0x77ae3ebf40a5db97d9e2d745ce3d1a561031c8b00df6e157f4aa574087cc594f,9481698,0x105dCd3C471415c1520769089620669826eE2Ac4,0x5aA8058C1E090d8299162b021e32a284Ec55f3D0,1.6035000144603e-05,3.000000009,confirmed
2025-10-24T17:56:42.075961,ethereum_tx,0x3730cf2c6b33a86dee2854dd1cc42b179c89b6a5301222c4e43b037b9b6785b5,9481698,0x6aEe7f45A01eAC440016F3AdCDfF3ffaCca85b1b,0xcA11bde05977b3631167028862bE2a173976CA11,0.0,3.000000009,confirmed
2025-10-24T17:56:42.075961,ethereum_tx,0x521b3585d1e90532da49f4d58b842663e4afb8a6e5db0a99867483e16f3b6165,9481698,0x55A07F9f7eD7F110c2Ddd8f2f5d8677Dc94aF4E2,0xeA30c4B8b44078Bbf8a6ef5b9f1eC1626C7848D9,0.0,2.200000009,confirmed
2025-10-24T17:56:42.075961,ethereum_tx,0x43435ea44373ae20f34c79be403f658515a4271321583a200826be46fcb95773,9481698,0x6Cc9397c3B38739daCbfaA68EaD5F5D77Ba5F455,0x420fdBB59166cfc36CA212a8aa990ca3ed574A31,0.07990177,2.000000009,confirmed
2025-10-24T17:56:42.075961,ethereum_tx,0xa6c594be7779d1d6db2b673cbc440e574a5fef5c1a44ef970e1368ffbd8dfafe,9481698,0x6Cc9397c3B38739daCbfaA68EaD5F5D77Ba5F455,0xf16F6f56b0E9490CaF44f25e58A68ED6a858F1f2,0.11863777,2.000000009,confirmed
2025-10-24T17:56:42.075961,ethereum_tx,0xc1eb6f299fa8bb216a6b85f9cdd72652067b106d9695abc954491eeb20ef40d7,9481698,0x6Cc9397c3B38739daCbfaA68EaD5F5D77Ba5F455,0x7c6fDCF2Ea8Fa9D7164aFC02D7C7e99204ba1757,0.71622409,2.000000009,confirmed
2025-10-24T17:56:42.075961,ethereum_tx,0x4cc03bfb80a3e5072ec4f6cf37dfe792c78cc1aa1f10108d6174805e806b90ae,9481698,0x0C4F4cBc1731bB21F8BEf7f416718E34d79792b6,0x00dcF7e7EFfe00aD577B457Fac07E7386B722758,0.0,2.000000009,confirmed
2025-10-24T17:56:42.075961,ethereum_tx,0xa7d5e111382ab62658871772851eed0915af267d588dc81fcedb8adcb7518060,9481698,0xa964B279d8C9D4250cB9BFB165CF6A5Ad331E450,0xBC04d69Ecd7890699b2BE7924eA86474e15098E6,0.599968499999874,1.500000009,confirmed
2025-10-24T17:56:42.075961,ethereum_tx,0x5df3c80139bf1997c6b09d9e1873d25e02c259b582db960e9255ff4739c54c8b,9481698,0x1342AB509342Ce666289e5030570eaA31ab50CC0,0xc6255a594299F1776de376d0509aB5ab875A6E3E,0.0,1.5,confirmed
2025-10-24T17:56:42.075961,ethereum_tx,0xc1e6a8b250e8bbb643efc929700adf68db47ddf5dd9a79cac03e2947eea976dc,9481698,0x0BB2b05aFb98ddf46126706B40dde1745662bA71,0x2A4496bbC344414e3bDbE6a8E7c40EF007DAeEd1,0.0,1.5,confirmed
2025-10-24T17:56:42.075961,ethereum_tx,0x7dd65b9d5ed065ef2a5f3d339cd120a608d5e22ab591eafeb86c6ed55111255f,9481698,0x4538a3D9328014cE32e569D874952aEC48b8CE5E,0x2A4496bbC344414e3bDbE6a8E7c40EF007DAeEd1,0.0,1.5,confirmed
2025-10-24T17:56:42.075961,ethereum_tx,0x7a4f173710bec51c9eadb455fd067b0a57334e9f9515faad9e186336681ebf58,9481698,0xD22c6c02920dD8F149182c121c08e19C4a6750C5,0xc6255a594299F1776de376d0509aB5ab875A6E3E,0.0,1.5,confirmed
2025-10-24T17:56:42.075961,ethereum_tx,0x105b0093f71d9f3e91ee7c23a6425f779e10b854464ecd0f9f96568ce1fecc84,9481698,0x4C1F29576B4d4B8972827049c7eCCA07e250f274,0xc6255a594299F1776de376d0509aB5ab875A6E3E,0.0,1.5,confirmed
2025-10-24T17:56:42.075961,ethereum_tx,0x4de40ced317ba374ae149130a6c9124e5b5664a7de7f86788812db5f620fbd87,9481698,0x78a6304E9dED5A9cbBBa2D85CD1E3A20e0f68193,0xc6255a594299F1776de376d0509aB5ab875A6E3E,0.0,1.5,confirmed
2025-10-24T17:56:42.075961,ethereum_tx,0xd0408e22fa69fac13abbabd5cc5b7d32ab70e8e27c26fa063b9e481546631d9c,9481698,0x3B464a7559d5eb00565f9918734dA859E285D1Bc,0xc6255a594299F1776de376d0509aB5ab875A6E3E,0.0,1.5,confirmed
2025-10-24T17:56:42.075961,ethereum_tx,0xb170c15456ae8b86438b98a35c73ff862dacd0578f4f2a5d628b266049952b6c,9481698,0xd53b2F43fFF96aBc04a3a368F3405aeaDb443CCc,0xc6255a594299F1776de376d0509aB5ab875A6E3E,0.0,1.5,confirmed
2025-10-24T17:56:42.075961,ethereum_tx,0x8e801de911e5fe6ed217feebc2435050cdb0adfff89fe5db267017dc3ac162ed,9481698,0x838F96368d719fD3765062A9761b1f94A65EBc6C,0xc6255a594299F1776de376d0509aB5ab875A6E3E,0.0,1.5,confirmed
2025-10-24T17:56:42.075961,ethereum_tx,0xba8810f7106e563f5bbf4831be7df9b65230dccaebb3676a140bc3e06944e9e1,9481698,0xDaeC823329018d0c52f06399Af85f618CE084A5E,0xc6255a594299F1776de376d0509aB5ab875A6E3E,0.0,1.5,confirmed
2025-10-24T17:56:42.075961,ethereum_tx,0x28727726192781293e582e6a59a9c097a8ca6ecbd02b93642c634c05204d88c6,9481698,0xB1bEd2E4081d86F3199B08a2aa3CE2959e9272ab,0xc6255a594299F1776de376d0509aB5ab875A6E3E,0.0,1.5,confirmed
2025-10-24T17:56:42.075961,ethereum_tx,0x3b1e92a70fe3ca1c9c7d409a341df89a5e20581b2281751cdc26b95317cf915b,9481698,0x3E002E590f9f5c6e6bc198d16D7733697218f801,0x2A4496bbC344414e3bDbE6a8E7c40EF007DAeEd1,0.0,1.5,confirmed
2025-10-24T17:56:42.075961,ethereum_tx,0xe5c048f1f3c20873afde695107b92a310e155e22b37587ab682c0f370cf09cad,9481698,0xE7B1e4Ecf2bB4fC9632d8B55f34A7B41963F09A6,0x2A4496bbC344414e3bDbE6a8E7c40EF007DAeEd1,0.0,1.5,confirmed
2025-10-24T17:56:42.075961,ethereum_tx,0x5d28c07917e21a043fa62aa06b949094d3c5671f5614e3bda2d70ef5eddb1555,9481698,0x8b0f32432C71cD9a3e1054Da149524eAD9C50aa1,0x2A4496bbC344414e3bDbE6a8E7c40EF007DAeEd1,0.0,1.5,confirmed
2025-10-24T17:56:42.075961,ethereum_tx,0xf6a8628a34e7f1836d5f80b0ca94e6f42984089a882871c5bd8dcf60590288a8,9481698,0x4ECcfbCD17a99bD48Dc490eECcc9b370DdF452C0,0xc6255a594299F1776de376d0509aB5ab875A6E3E,0.0,1.5,confirmed
2025-10-24T17:56:42.075961,ethereum_tx,0xfed051069b4976ad788c7a665eac8dcdcc81629be9ee221854fd87252f2da7e7,9481698,0xAC346feDd3214ff200CB8DE8f8cb0BB5b3928224,0xc6255a594299F1776de376d0509aB5ab875A6E3E,0.0,1.5,confirmed
2025-10-24T17:56:42.075961,ethereum_tx,0x22e363ddfffb97db660aa97a8b13f89a1e420adf68def9f1b34360e44422bd54,9481698,0xF6f1730924532779A21183AABA65A2099D06398b,0xc6255a594299F1776de376d0509aB5ab875A6E3E,0.0,1.5,confirmed
2025-10-24T17:56:42.075961,ethereum_tx,0xb5364209c10058b3bd30a9a8af24f4cd31a987e964bfe9798aca0ffc5c636f8a,9481698,0xaf317b2389deb089640FEA1880Cd650e0337945a,0x2A4496bbC344414e3bDbE6a8E7c40EF007DAeEd1,0.0,1.5,confirmed
2025-10-24T17:56:42.075961,ethereum_tx,0xac0e33004412c0fcd0a0d57d87addbc9fcba15f10d31fb7953dc5225baeea31a,9481698,0x8eC9Ba90774e1E3606f84411c17A27cDA4eBeB43,0x2A4496bbC344414e3bDbE6a8E7c40EF007DAeEd1,0.0,1.5,confirmed
2025-10-24T17:56:42.075961,ethereum_tx,0x4abab15e070c27bf81345fbc6592dc635feff650db9ddeb3247e676d25ffa46d,9481698,0x5689c7d8448B93A67666d39326Fc78334FF53F3f,0xc6255a594299F1776de376d0509aB5ab875A6E3E,0.0,1.5,confirmed
2025-10-24T17:56:42.075961,ethereum_tx,0xec56d3636f4d8142db250756a773d26690c3127cdbc3fc219470e14d887bc6bb,9481698,0x3b57d020281b5f014880977f57eE5b6991933101,0xc6255a594299F1776de376d0509aB5ab875A6E3E,0.0,1.5,confirmed
2025-10-24T17:56:42.075961,ethereum_tx,0xb326e65b4ac81b373688b7d4079650bf89f0c2589d4139cbf7428babbf4c0e6e,9481698,0xd45e864a523c68910962F2a06Ad886D436C8523A,0x57c5dC670eB6f571bDD8Fc1CF178c46c9A917A74,0.0,1.5,confirmed
2025-10-24T17:56:42.075961,ethereum_tx,0x0ba9421f98a1bb985c8854df2d5c40051d6d7f9b25205df3cc37d0e57e92c4a6,9481698,0x383E61E6c059598d9394C4eE217Ba34C2be0f3FC,0xc6255a594299F1776de376d0509aB5ab875A6E3E,0.0,1.5,confirmed
2025-10-24T17:56:42.075961,ethereum_tx,0xdc2d72bb4073569ccbbf2045fae8560e04774c8aa0daf6934055bf24f6abd1f8,9481698,0xf5CdC48272D9C22625D455a4C9E9e60eB0cdde48,0xc6255a594299F1776de376d0509aB5ab875A6E3E,0.0,1.5,confirmed
2025-10-24T17:56:42.075961,ethereum_tx,0x328b29e27d4c1d492749f87b887cd308ca40dc5ed0d35bf44dd4711fa23aeada,9481698,0xf07d1008B79EF4140AC2e2c410a3FCf1173e74ac,0x158379286D7083dDA05930CD3C6374954Fb511aA,0.0,1.250000003,confirmed
2025-10-24T17:56:42.075961,ethereum_tx,0xe2b9936ae7715ef8599706059579fefbbf7317b6801d7bf4a2581114faed7fb4,9481698,0xc5D26E7E5379d6948fe9269E1667ec3768467237,0x0090dCEBa2Dd72049Ce825E99a6e58839979761A,0.0,1.000000009,confirmed
2025-10-24T17:56:42.075961,ethereum_tx,0x79d3e99bed56782405f757f17f52831baa385948a28de531ab775927a47204a4,9481698,0x3599A7C50bDcC061E65F92556ae65d0656445906,0xCF8f8b34f10e8CBb2F42bA60205caED1a85d0d0D,0.0,1.000000009,confirmed
2025-10-24T17:56:42.075961,ethereum_tx,0xaf7730ee1d51f7a035a2199c6d8c4b9c74be497675d216289b91ab13ae2fb2b5,9481698,0x52136be58Fa3dc50A0D5A3dfe4Cb84aC610a79bc,0x9695cfaD83b058C6D38Df1F6b6752D7e11ad196C,0.0,1.000000009,confirmed
2025-10-24T17:56:42.075961,ethereum_tx,0x8ec252e133df60aa7cb750cfbe72b4f113a5013734a8344409d75c2e85e63c16,9481698,0xe89faa0c183D8F1bdC6379fe58a62A1aC6839CB1,0x29Bd67B23cAC0E6bbDe1373E3859Dd25510f3331,0.0,1.000000009,confirmed
2025-10-24T17:56:42.075961,ethereum_tx,0xbc14e7847fc28418bce10a49a8d915c725193333927d685cddea4d3e29779fa7,9481698,0xdF04e93724775FF4d4C8EeD7ECEAb3EFc6303a77,0x5d7D8845Dc95ecaa3Ab45E6Fd261971289604dEC,0.0,1.000000009,confirmed
2025-10-24T17:56:42.075961,ethereum_tx,0x883ad40e84a9592272b7bb132987e6e947c3cf011ce2fc7abd89274ee50cd272,9481698,0xF0FEd0C0192539a1076d8BDa1233f414704d98Be,0x00D22efF04CF7d0f5A355A6D9A06E43120398dA6,0.0,1.000000009,confirmed
2025-10-24T17:56:42.075961,ethereum_tx,0x63664a0d5d5bd3d003dc4a83c243193cbc00575c1af95aa8f17295fce0c750c1,9481698,0x8e0247E3CbE8c9e4ECE06a2eCd27E7CE2B16f4A9,0x13ad278af96bae57E7f8E17b026F392Ecefcdb4f,0.0,1.000000009,confirmed
2025-10-24T17:56:42.075961,ethereum_tx,0x81999d233e126c5092cef3a0526e1a1fd7b1971da3788372277f6cf6f2488b0c,9481698,0xb2248390842d3C4aCF1D8A893954Afc0EAc586e5,0x6c97864CE4bEf387dE0b3310A44230f7E3F1be0D,0.0,1.000000009,confirmed
2025-10-24T17:56:42.075961,ethereum_tx,0xe236875e7d1e5ca1b19ca86059c129a9b42ae310ab369e2c83224708989eb821,9481698,0x8EDf9B54e1c693b7B0caEa85E6a005C35e229124,0x006737CC6980a7786a477cE46B491845509b19dC,0.0,1.000000009,confirmed
2025-10-24T17:56:42.075961,ethereum_tx,0x09ad89b1f814afb07253351fc60d4150f8a89132b8bbc557c85523727b7a5602,9481698,0x22baAe8586683884e9e171A78edc190eC524827d,0xe3a6ABBef123483fc90678f0df4C39347599674D,0.0,1.000000009,confirmed
2025-10-24T17:56:42.075961,ethereum_tx,0x51f72a7e723f6ed86ebc839daaaea68fa265f8d0ec96be90fda5e0206af38bdd,9481698,0xf6720ecB6a647Ea30c6fce74A02127Ac0C5Ae652,0xB1F124a9d8c05560EdC077a2E829a3dD432fD83e,0.0,1.0,confirmed
2025-10-24T17:56:42.075961,ethereum_tx,0xd9e30c2b7e2d266d4063928c2e6c2418e9f9024c2fb114fbd5c69059da6086d8,9481698,0xEB878f8f0e7287A68AC5A4C44e592E9201EC2a21,0x7b79995e5f793A07Bc00c21412e50Ecae098E7f9,1e-07,1.0,confirmed
2025-10-24T17:56:42.075961,ethereum_tx,0x1d56ce2cae1bcd2188a51c1cae28041cdcd793a087f908b793c9a22614746c0c,9481698,0x5E5FCCb13D1f79A4b5E107fD1315be0e77608Db1,0xfFAEF09B3cd11D9b20d1a19bECca54EEC2884766,0.0,0.100000009,confirmed
2025-10-24T17:56:42.075961,ethereum_tx,0xc37282db75dd0f04a9cb180648f3f2708b3ccdddf2242ff40639a7db0474ce43,9481698,0x995c701Ad53D2cf9947234d2b4000A0066a66340,0xf993E10C83Fe26DddFc6cb5E82444C44201e8a9C,1e-06,0.020000009,confirmed
2025-10-24T17:56:42.075961,ethereum_tx,0x12b2980ac2955e024c2da67fd50080b8fb1f7d47b1363c4adb8d809dcd9d1669,9481698,0x074e7295C0d4D39d12499fF2A67c9550edf2594d,0xf993E10C83Fe26DddFc6cb5E82444C44201e8a9C,1e-06,0.020000009,confirmed
2025-10-24T17:56:42.075961,ethereum_tx,0xe20f4aa003f7aad57c56ba27d5521eb1d81ed3679a3b3436f9a26636699f34c8,9481698,0xB3Dd9b6E863B7b7Cd32633a62DDBd3cbcc9D1d40,0xf993E10C83Fe26DddFc6cb5E82444C44201e8a9C,1e-06,0.020000009,confirmed
2025-10-24T17:56:42.075961,ethereum_tx,0x7def05b46519763f3d22e5044e5fa88d1aa760ca9388d07e225a26207e4d37a4,9481698,0xc2f410420CcFEd50e59B9053FecE893212ea44F3,0xf993E10C83Fe26DddFc6cb5E82444C44201e8a9C,1e-06,0.020000009,confirmed
2025-10-24T17:56:42.075961,ethereum_tx,0x4e80a63bf49058e68718530232c3a06591bcdbf60520bbcf84874b6cc2241f9f,9481698,0xB893e512978eBA1b317A4A9b86AB3B75F025d33F,0x87A3effB84CBE1E4caB6Ab430139eC41d156D55A,0.0001,0.001500013,confirmed
2025-10-24T17:56:42.075961,ethereum_tx,0xf969d3a082afd9e6d97f13ead33e445fadad26cd6d7997bc37b404305238a220,9481698,0xB4fC80AEc34911C5d761259E74aE8a24c2C5D995,0x72de35dC43acfC49B6B21e559F8cA586e0E12011,0.0,0.001200011,confirmed
2025-10-24T17:56:42.075961,ethereum_tx,0x61e3e6033014307ef1074e1c6e273f2141e906904096077e96080e69c430619e,9481698,0x61d8838f9A00250C9AF13D622DA7c08c372ee587,0xCf8EDB3333Fae73b23f689229F4De6Ac95d1f707,0.0,0.001104656,confirmed
2025-10-24T17:56:42.075961,ethereum_tx,0x93dcf31a1ef0379587c2e97ff47584518daec83fa7c37fb99b8638b90c3e833e,9481698,0xDB41c0cbFCEf2F0ff1f02Cc5E25A9C6673b4a958,,0.0,0.001100009,confirmed
2025-10-24T17:56:42.075961,ethereum_tx,0xfbdf73383ca586a72cb724442be66566fc1d3f790c6081d0e15f502b0b0ccfb8,9481698,0xB6D120C413039aD4CFA902b1F4b29b24e429B645,0x3057bf4f7b8C68e258Fa1eCda8b20c7a73cF4bFe,0.0,0.001100009,confirmed
2025-10-24T17:56:42.075961,ethereum_tx,0x24a76fe9909a814fb4f0326cd45b91f8bed63f10695e9e3db30111549686a922,9481698,0xa8526Fc0be3de255e14291D37Ce5c2abBd6BABE0,0xc6255a594299F1776de376d0509aB5ab875A6E3E,0.0,0.0011,confirmed
2025-10-24T17:56:42.075961,ethereum_tx,0xf06c73daa861e6b37a0d912f036416d312a13b6e47fa4529eea9e4ea1af6b67c,9481698,0x94eDC8E0D150Ca41Ab78F479dCd202458C9375bF,0xc6255a594299F1776de376d0509aB5ab875A6E3E,0.0,0.0011,confirmed
2025-10-24T17:56:42.075961,ethereum_tx,0xf78c2360a27598e3cd8b4336bb14420adf01446ccbebaec49ac355ec754cb245,9481698,0xdA743Ce0Eb7cC541093F030A3126bF9e3d427E93,0x662738DC7DE4f7eC63d9f73Cdf9BeA5A58DdcC15,0.0,0.001060008,confirmed
2025-10-24T17:56:42.075961,ethereum_tx,0xa7199076657f7769b80d030688c30b3ec5bfc1aceb496edef078d00389983d1e,9481698,0xF4af6aaF37832B6322Eb0877490e0861f32E648F,0x7215691F60C4fA7Bb82c5Ac44c7d57dc32bB0493,0.0,0.001052631,confirmed
2025-10-24T17:56:42.075961,ethereum_tx,0xf49c3c86a8fdd5835cffb242476c0c45215db75781a352acb77dd6b2c9d4ce57,9481698,0x090854ca8f429D42bAfA45f365E09464351600cD,0x7215691F60C4fA7Bb82c5Ac44c7d57dc32bB0493,0.0,0.001052631,confirmed
2025-10-24T17:56:42.075961,ethereum_tx,0x54b1aa19c8670093e869b2db385323d78f48aa92dfcb6034ccb0cfabd47784ac,9481698,0x42e494F4138A24BE3936C45882f7c8CE28cDC98D,0x3eDF60dd017aCe33A0220F78741b5581C385A1BA,0.0,0.001052631,confirmed
2025-10-24T17:56:42.075961,ethereum_tx,0xdfa06e5c73a790c6b09316b619a5ff886b7122682b29308e2cf57b83fe52f9d1,9481698,0x4337007aB182EbE9cDB0BC4B96734c32176d44cc,0x0000000071727De22E5E9d8BAf0edAc6f37da032,0.0,0.001000917,confirmed
2025-10-24T17:56:42.075961,ethereum_tx,0x93de6f745dc75f7a8dacababd5942d558eb670231749886239d42ecfa2daf778,9481698,0x152e6F5A560A68266581A8147aBa8C29F1D9b655,0x69C6b28Fdc74618817fa380De29a653060e14009,0.0,0.001000009,confirmed
2025-10-24T17:56:42.075961,ethereum_tx,0xbd14a649131950923499e6910d55e1912ea84a5ab3eb29ddcb44f11ddd8f6839,9481698,0xAd9fDaD276AB1A430fD03177A07350CD7C61E897,0x79911436D94077f0e60B907a1b165504c80AeCc0,0.0,0.001000009,confirmed
2025-10-24T17:56:42.075961,ethereum_tx,0x01c3de0f9d8ca8304bf54a3fe90a8f0822cbfcd250cba132ada2c6bc1885e1f2,9481698,0x4495B02d62Bcb31D8a0c3ee8e551ADbf05473676,0x0000000000000000000000000000000000000000,1e-05,0.001000009,confirmed
2025-10-24T17:56:42.075961,ethereum_tx,0x90f6da2d8e708b190a96e801a471ad1088561087b46295ad57f9474202df34ad,9481698,0x427888CdA8F0E5968358C980Afa7DD02358D3037,0x330C5f4DBe72ac987015d3dD390ebA3b25968B1c,0.0,0.001000009,confirmed
2025-10-24T17:56:42.075961,ethereum_tx,0xe7e4d31fa23fc58211531d749f86076d8180720a6cde541100dec4d2f0879576,9481698,0x053DD4618aAc39bbDA482b44c9dA72580C1955b0,0xFb13dE1C5aC28fc8335Ec5721b06eB4eA6e3897b,0.0,0.001000009,confirmed
2025-10-24T17:56:42.075961,ethereum_tx,0xfd723a77fdbe5193a3293b96f0ca79210c9311a5192328eb96f0f8236ea5eaa7,9481698,0xe497c1882d2fC664a2ba93C774363eA14F211d90,0xc807aa9514993745Cf7C35dDeB3eAdE5Af1e7B2C,0.001,0.001000009,confirmed
2025-10-24T17:56:42.075961,ethereum_tx,0x8a2b71290b2fb4da324a8d47b2a7a85abb10efe513da8be98a4a5aaa3b58f5a2,9481699,0xeC98A6Ee979607E729aDEf581281C18DFEf5A3fa,0xe9928a4CBacC94368DDd8cDA3003e3213D477052,0.0,5.500000009,confirmed
2025-10-24T17:56:42.075961,ethereum_tx,0x5cede277ff7f2cc6473b7ca3f974fd149230b4f2fdcda2b4419d6be03cea9b96,9481699,0xd56806092358A0BCF563329C5E3d8997e3c0D696,0xe9928a4CBacC94368DDd8cDA3003e3213D477052,0.0,5.500000009,confirmed
2025-10-24T17:56:42.075961,ethereum_tx,0x82cf93c558280f8e655543b4e2b1abc37ea8691972a041b0a55802ba9cce4d15,9481699,0x3C95c2633296B264d051498C4b2e982EbB526A53,0x3C95c2633296B264d051498C4b2e982EbB526A53,0.0,4.1,confirmed
2025-10-24T17:56:42.075961,ethereum_tx,0x36b56a5f495d4c8e4e86a6978aa2a6889fb74ac78477633f2cb7131e8a178564,9481699,0x62ce95989D6792aC093378d01330E819CE0fA190,0xcA11bde05977b3631167028862bE2a173976CA11,0.0,3.000000009,confirmed
2025-10-24T17:56:42.075961,ethereum_tx,0x6d6e71c90c14ef3249c2a9e937a33093d873a640863f87622a9de5c9f3cd41ca,9481699,0x7FD9Bb2E835F1D27bc4181B522aa911E90417D5e,0x538770e1C937f8Bdf1bd7Aa0aDB3e064417CFA7F,0.0,2.500000009,confirmed
2025-10-24T17:56:42.075961,ethereum_tx,0x183bf86ccb8ca527441286d92195089867037f1e32defdcf38a7ad0efe6bf52a,9481699,0x94b6a29B8b4681b76E9F4D4B2e7482E464DF3B7A,0xa3e7317E591D5A0F1c605be1b3aC4D2ae56104d6,0.0,2.500000009,confirmed
2025-10-24T17:56:42.075961,ethereum_tx,0x02ab7bbd00add7fbf828a70482d468bbf6425712cbec2e728be179dbcc308b4e,9481699,0x70E3Fb28e1794bb91D5bCEB7d66b731d0C61Af8e,0x1c7D4B196Cb0C7B01d743Fbc6116a902379C7238,0.0,2.000000009,confirmed
2025-10-24T17:56:42.075961,ethereum_tx,0x222fed75c43ee0e576db3b224b3c9a37a6fd9e665620fbc7245e7549941a9f14,9481699,0x70E3Fb28e1794bb91D5bCEB7d66b731d0C61Af8e,0x1c7D4B196Cb0C7B01d743Fbc6116a902379C7238,0.0,2.000000009,confirmed
2025-10-24T17:56:42.075961,ethereum_tx,0xd1880b711217dc96ac2105e955ab357516c3b70a209e9f8eba440f0a4ee51c4e,9481699,0xD844ba11F64d23a7481E24474D2f184e350B9B3d,0x08210F9170F89Ab7658F0B5E3fF39b0E03C594D4,0.0,2.000000009,confirmed
2025-10-24T17:56:42.075961,ethereum_tx,0xfce31b2188adaca10130d81398a5239af87ba6ba45bb56583e3cb5b7bdadcc15,9481699,0x6Cc9397c3B38739daCbfaA68EaD5F5D77Ba5F455,0x5c05737A1b8D43eE9a2051e7A8105Fe87c4dA71C,2.5,2.000000009,confirmed
2025-10-24T17:56:42.075961,ethereum_tx,0xaf59c476e1c895f6016de339ad506bd419ae31825fb44a91b001384e803033eb,9481699,0x6Cc9397c3B38739daCbfaA68EaD5F5D77Ba5F455,0xE675E0AC491Ba5a48a5670d8ceAfF00Bf57583f5,0.34789674,2.000000009,confirmed
2025-10-24T17:56:42.075961,ethereum_tx,0x1a13245effd32c929ad99b8487c9d2d4766006da428b95153292082bf5727976,9481699,0x6Cc9397c3B38739daCbfaA68EaD5F5D77Ba5F455,0xfFD5d2F628f7CFbf07e7a6b59847548260304D04,2.5,2.000000009,confirmed
2025-10-24T17:56:42.075961,ethereum_tx,0x1ae8be2b0168fa2755c6ebd568e073c1882fb2351f37ba1fef6418deb35a68c1,9481699,0x13B13E12e1f9CfFB979EeDd4d53a720Ff6B3037D,0xd110672E48c5B29ca911821539b7F202F3d6a9BD,0.0,1.500000009,confirmed
2025-10-24T17:56:42.075961,ethereum_tx,0x39c910096d7d432d30865d2d666a77699a3edf439d162b24c0bff046ef97b2f9,9481699,0x477E2A94Ed8FB319bEDa010fd0Ce0182c27EE05A,0xAAA812e1F0e7C1234f91cA29720E9f96722e8CFf,0.0,1.500000009,confirmed
2025-10-24T17:56:42.075961,ethereum_tx,0x5727a107bded2cbefe94526446503219f2069dd40a8cbbc2848eed53f70dcc1c,9481699,0xe7DcbF47D55D6F1beF6c29BfAD737b4bB367CD0b,0x81f3843aF1FBaB046B771f0d440C04EBB2b7513F,0.1,1.500000009,confirmed
2025-10-24T17:56:42.075961,ethereum_tx,0x9157c472558087c1878b09b78d614ebb2f3681d5d0bf74bf29c0e96a4755203b,9481699,0x5971f40c08F70af5e13B91029042d841e11ca27B,0xE918A5a47b8e0AFAC2382bC5D1e981613e63fB07,0.0,1.500000009,confirmed
2025-10-24T17:56:42.075961,ethereum_tx,0xf319302a377c43a2c8721b14aea25a3c2c26a9fcc6683aaff264deaec90c6d4f,9481699,0xaC56BEED1FCa1878621091c540a3d811D1DE8Dc9,0xc6255a594299F1776de376d0509aB5ab875A6E3E,0.0,1.5,confirmed
2025-10-24T17:56:42.075961,ethereum_tx,0xa5e62bed039fbcf3b41e9f0b04248f194f1e18837975d0a500f4e71c7f949913,9481699,0xE02E99e4b249358D3Bc6bBD060160C4d4D258B6e,0xc6255a594299F1776de376d0509aB5ab875A6E3E,0.0,1.5,confirmed
2025-10-24T17:56:42.075961,ethereum_tx,0x03f3794916a09d7c4d30386e74ed4fad1d90fb04275a906c9bf0dae5d3d7a511,9481699,0x1f5c4D99Cc8CCCFd1d603757AB54dA8891227a2B,0x2A4496bbC344414e3bDbE6a8E7c40EF007DAeEd1,0.0,1.5,confirmed
2025-10-24T17:56:42.075961,ethereum_tx,0xc935ac1c8c239c3ab97dd29db0b8ff73393849de23d013504b29d1a8d8c22c26,9481699,0x7e4b0aEc915A5514d01b15966A31c298423E0baE,0x2A4496bbC344414e3bDbE6a8E7c40EF007DAeEd1,0.0,1.5,confirmed
2025-10-24T17:56:42.075961,ethereum_tx,0xc601f6743f14ff0a78282d0a5f8276e978ab4b61ca7eb49ccc9b49a244539602,9481699,0xFb24BB2DF1cB9e3f0b7E80ba2aB744F4F77c75E2,0xc6255a594299F1776de376d0509aB5ab875A6E3E,0.0,1.5,confirmed
2025-10-24T17:56:42.075961,ethereum_tx,0x2f3e5617c910eb23d1561a7c446dd216f57655f177ed8c6d6fd0c29b920a8f9b,9481699,0x15ddEA3143cf401eF39663dDA2A6FF7c5AB65c13,0x2A4496bbC344414e3bDbE6a8E7c40EF007DAeEd1,0.0,1.5,confirmed
2025-10-24T17:56:42.075961,ethereum_tx,0x45362377350e015d27a4ca07d93098eeddb585de6d27681b4766404d4e08485c,9481699,0x6adbFB2d5D377612c5D3Fd9373934FbdcEaC160F,0x681F576A3619bee58B70410Eacb230aD0D806872,1.2e-05,1.5,confirmed
2025-10-24T17:56:42.075961,ethereum_tx,0xcee38b43ffa27271d0c483fd73ce2e6826097efde7ba6c2a6967e9f40482eece,9481699,0x72dA17d3979AEAc041cB5eDe738eE73aA43Af774,0x57c5dC670eB6f571bDD8Fc1CF178c46c9A917A74,0.0,1.5,confirmed
2025-10-24T17:56:42.075961,ethereum_tx,0xe5974b66097f46af74caaa72c5dcaf1bca3e8bbdceab28ac93a4291d20d144b6,9481699,0x647c9C5Ff6E61265A4f50c53764C17f3dFe87EC7,0xd40C4A58055B69a1f3e03fC7E4bF40bb27FcC5b3,1e-05,1.5,confirmed
2025-10-24T17:56:42.075961,ethereum_tx,0xfe66cb20c6194b3828b853971b3479036a4831bc853aee1428c336a4ea30d727,9481699,0x0907eEc7791b1497272fa9CEfCBab83f70F5194b,0xc6255a594299F1776de376d0509aB5ab875A6E3E,0.0,1.5,confirmed
2025-10-24T17:56:42.075961,ethereum_tx,0x7251fd80a1ba94cabb91201d547282ec7e8b7c5ad0c6529b4618dd99844f12aa,9481699,0xd53b2F43fFF96aBc04a3a368F3405aeaDb443CCc,0xc6255a594299F1776de376d0509aB5ab875A6E3E,0.0,1.5,confirmed
2025-10-24T17:56:42.075961,ethereum_tx,0x70d2364da39831f216ad41eff5679215349a4daa588fc6a196e03f807ff4f0ed,9481699,0xD22c6c02920dD8F149182c121c08e19C4a6750C5,0xc6255a594299F1776de376d0509aB5ab875A6E3E,0.0,1.5,confirmed
2025-10-24T17:56:42.075961,ethereum_tx,0xaff35642831a5b337f0fafc55eb05d358aa63ae9a33d7def4ae2786551a219f5,9481699,0xF6f1730924532779A21183AABA65A2099D06398b,0xc6255a594299F1776de376d0509aB5ab875A6E3E,0.0,1.5,confirmed
2025-10-24T17:56:42.075961,ethereum_tx,0x93a061902a66f08a8e00cc6866d04d3b7e928911136e5e9b6a6800a0b279c44f,9481699,0x01243f3Eca77aA70a4beC9cb7F8cc3EFD7df6411,0x2A4496bbC344414e3bDbE6a8E7c40EF007DAeEd1,0.0,1.5,confirmed
2025-10-24T17:56:42.075961,ethereum_tx,0x35ca3827783f77cf50051db5fb875c19e6e689022df0163cdb620589f27c48bf,9481699,0xBfeb15D280fbFC16288C6AC7004EF873bE551eAa,,0.0,1.5,confirmed
2025-10-24T17:56:42.075961,ethereum_tx,0x119ec5e7c6ca2c6745ac9f80e16e73e25c15c6cc56c4dc46bd74df1ce5023281,9481699,0xf5CdC48272D9C22625D455a4C9E9e60eB0cdde48,0xc6255a594299F1776de376d0509aB5ab875A6E3E,0.0,1.5,confirmed
2025-10-24T17:56:42.075961,ethereum_tx,0xde7d89cef043fb3498d26995628197210513e16b902d4932e07f92416518d83d,9481699,0x3b57d020281b5f014880977f57eE5b6991933101,0xc6255a594299F1776de376d0509aB5ab875A6E3E,0.0,1.5,confirmed
2025-10-24T17:56:42.075961,ethereum_tx,0x7918bde8ec997112edbf655dc3a8f93683caec134ab4e5cf6a607aefbd26c75d,9481699,0x838F96368d719fD3765062A9761b1f94A65EBc6C,0xc6255a594299F1776de376d0509aB5ab875A6E3E,0.0,1.5,confirmed
2025-10-24T17:56:42.075961,ethereum_tx,0x4bcdb9c213104c194aedb6e563d97563edbd29d498748835c469ea935dc0a2a2,9481699,0x1342AB509342Ce666289e5030570eaA31ab50CC0,0xc6255a594299F1776de376d0509aB5ab875A6E3E,0.0,1.5,confirmed
2025-10-24T17:56:42.075961,ethereum_tx,0xa9b88a5b735b2ab7ae59f3527bf78099aab17d8c832111f1a3634c33092f8dc2,9481699,0xB78acAdC465E067C9189FF41Ff944AFbaCEb0584,0x2A4496bbC344414e3bDbE6a8E7c40EF007DAeEd1,0.0,1.5,confirmed
2025-10-24T17:56:42.075961,ethereum_tx,0xd9a307fcd8cce35e9df4b1c23a4cee258d53b9f0392704e3cf8ce2b827c9b2bc,9481699,0x4C1F29576B4d4B8972827049c7eCCA07e250f274,0xc6255a594299F1776de376d0509aB5ab875A6E3E,0.0,1.5,confirmed
2025-10-24T17:56:42.075961,ethereum_tx,0x43130ba582cc18b9408fd3d26fa39f4b3f73ece3056658b6813d40f30107b716,9481699,0x069AB8EbD0Ae4b2976661A9eacd378B0bf2d434E,0xc97e31842E07E9FDFe9af2E77F30B968b535d273,0.0,1.000000009,confirmed
2025-10-24T17:56:42.075961,ethereum_tx,0x51a0f8c4364da9e11ffc44443b1b99a77193d174e014d892c93832426cf3c0b3,9481699,0x87f2E1C57454B6fF349e90b4a4c095751acA729A,0xF1ED1a45fA8bBD25542AD86410A0EEAB09366499,0.0,1.000000009,confirmed
2025-10-24T17:56:42.075961,ethereum_tx,0x75bf58525d102cbc6a4e557bf6d8b52011ee78617b7769a082a37caaed1f5310,9481699,0x9F37C931347665e7dbD863faDb2602E69351F201,0x9E4EE87554c89Eb079873d3773E63Ca4cBD7817A,0.0,1.000000009,confirmed
2025-10-24T17:56:42.075961,ethereum_tx,0x53272ace645621c15185b8c2e113d9982d9ab3e158188235d56d63ceb292a2ed,9481699,0xe4a6bCd4231D6A7547e0dF60F4fA858c88969761,0x39444F6B31055b3Ac8F1B0cB9852ec40a6Dc9833,0.0,1.000000009,confirmed
2025-10-24T17:56:42.075961,ethereum_tx,0xfcf9b4b683ffe696c38b8bdefc19884b9431fe3a4d8f7de5a2bb8d5ec7d8d413,9481699,0xF0FEd0C0192539a1076d8BDa1233f414704d98Be,0x00D22efF04CF7d0f5A355A6D9A06E43120398dA6,0.0,1.000000009,confirmed
2025-10-24T17:56:42.075961,ethereum_tx,0xf7122e1619e9abe6bbcf579484d658c1323c4476fd146f52a2bec800bece3723,9481699,0x06Da314915a32792B5C2d0a9A8d0E06195aE1124,0xFA3B05F2A7B318b0A0c484c529cF4f707c6277ff,0.0,1.000000009,confirmed
2025-10-24T17:56:42.075961,ethereum_tx,0x762ef05518f22451e0ea140751aa22f0ca35b7853c1db46a99fd1c19d8b1f67e,9481699,0x0408C06e552408Ad0A30cbAd65F52d3876051c52,0x4F6b2E8DC0476d8e1fd88f6330B1f3909Dc9E914,0.0,1.000000009,confirmed
2025-10-24T17:56:42.075961,ethereum_tx,0x0c0528d69587dbfed8066b269f6311c5506d1adf7b056bcc1b1ac2404589da03,9481699,0xf90432b76A23bC7bB50b868dC4257C5F5B401742,0xe97E79BC56861f0B730B3C0f06329b882E4677E6,0.0,1.000000009,confirmed
2025-10-24T17:56:42.075961,ethereum_tx,0x5291d3a8f4ab8358fe918af47e1ab0dcac4736ec4ba7282fca32cfc504c919df,9481699,0x3A76FB973Efb6C200c1C971604d920F2A28b2D10,0xC084142720ad7fb2b43769cafcC2777fd86F2fe8,0.0,1.000000009,confirmed
2025-10-24T17:56:42.075961,ethereum_tx,0x0406d3765cb301cf71a4f95cac5bce083888ca9d8597551ff3897b981c68813c,9481699,0x92368F34D8440CEC9648695Ba3A65114A3AC578A,0x61D12A84960cA147FB081231DDaa62D81f7b4CEF,0.0,1.000000009,confirmed
2025-10-24T17:56:42.075961,ethereum_tx,0xa985826101db4defe58b5a450d5960dc32540e4e45593801280d9c7790c80e6a,9481699,0x93A844F64bc2C192f2d925A9caf51036d92eA7c8,0xFf0000000000000000000000000000000002b7C5,0.0,1.000000009,confirmed
2025-10-24T17:56:42.075961,ethereum_tx,0xd03c1494d3cbe0b6ef5c71e937d0cdbcef4e2e5b7c2db4fef4244283e89d439a,9481699,0xB0721e112845425A90CA8A88ce58E28169995D81,0x00b471B2e3f929f22cA9124599678B1a34E60DF8,0.0,1.000000009,confirmed
2025-10-24T17:56:42.075961,ethereum_tx,0xce960b97abed83fbd19533fddeaf2b4368f6513c5d6a123dd77bd6c6997c23c2,9481700,0x6Cc9397c3B38739daCbfaA68EaD5F5D77Ba5F455,0x60C8347197F3bE6826CfA0a83d5AdF636C1de064,2.5,2.000000009,confirmed
2025-10-24T17:56:42.075961,ethereum_tx,0x4e03dfe67ddb8cae87f57ee86f629dcbc7244c794dd976ffcc2fe9aa2c339b0d,9481700,0x6Cc9397c3B38739daCbfaA68EaD5F5D77Ba5F455,0x6E648E3476472A53aaf46d9a84890DcC64aa8617,2.5,2.000000009,confirmed
2025-10-24T17:56:42.075961,ethereum_tx,0x0a7ba3809343d392428e194f92588251a0fbf06c37de68c79b7d93766a5d553b,9481700,0x6Cc9397c3B38739daCbfaA68EaD5F5D77Ba5F455,0x6b7Baf456b43b8edDA695EE1E47BbDC0897528ee,2.5,2.000000009,confirmed
2025-10-24T17:56:42.075961,ethereum_tx,0x6c67c5dc8a4d77b026313fbf5555b2e2d956dc76591ccec2858d5e7d6246fbe1,9481700,0xc56784B8B6E95b7092D9765dc5C5F0EC04649b53,0x0056B22eC8E1fd83Fbf8458a8a517cc06614D0B1,0.0,2.000000009,confirmed
2025-10-24T17:56:42.075961,ethereum_tx,0x0de37856fdf4c666f13605b079f4bc728e4d5cbbfa31fb096c4d0e97d8a3ddbf,9481700,0x5a7439cD04f06Fc586B8Fea048bE4380550eb685,0xffD8e69183221c2363b0ae9166742f220fBFF844,0.0,1.799999998,confirmed
2025-10-24T17:56:42.075961,ethereum_tx,0xe46ad83da63b0bfa6a3c89735cca8dd9ca4eb4c45fbcebe46cfc17d8989072dd,9481700,0x635Eb00261608fDFf0970904fad02c3BB9ac95c8,0xBC04d69Ecd7890699b2BE7924eA86474e15098E6,0.599968499999895,1.500000009,confirmed
2025-10-24T17:56:42.075961,ethereum_tx,0xa7569e1e89715f3ad32441c82fc5b53b6ff7235c82ee5103c88e8dd745a2ee84,9481700,0x93d5b54566176dc5c35AF67f5B415eAB207AC6c4,0xD286ac7948649b1EEF8764f0e22779E7bBDc903d,0.0,1.500000009,confirmed
2025-10-24T17:56:42.075961,ethereum_tx,0x64dcd1465463febc3b5c895de70863ddb4eac45b9b3ab65c3905e6aa3db5af43,9481700,0x688C3d73Cf028c2f71dd3620C3a530B3bbA21F96,0x2A4496bbC344414e3bDbE6a8E7c40EF007DAeEd1,0.0,1.5,confirmed
2025-10-24T17:56:42.075961,ethereum_tx,0x53e9a4bda71e7a4f0d2ffbc1c16f8922966f378ffd0ff6e1369510aaeb065be0,9481700,0xDaeC823329018d0c52f06399Af85f618CE084A5E,0xc6255a594299F1776de376d0509aB5ab875A6E3E,0.0,1.5,confirmed
2025-10-24T17:56:42.075961,ethereum_tx,0x09429bcc9be2718a239a612db6884808768e03bbbc6b6f7c6f24bdcfff2770fc,9481700,0x3B464a7559d5eb00565f9918734dA859E285D1Bc,0xc6255a594299F1776de376d0509aB5ab875A6E3E,0.0,1.5,confirmed
2025-10-24T17:56:42.075961,ethereum_tx,0x85449bb86c03a04b4a5adf1c0a69df13fedb99e397e76b4f1edb8a15f1775b09,9481700,0xeDb597173ECA1a2C6091408826b397b075Ef0c27,0x2A4496bbC344414e3bDbE6a8E7c40EF007DAeEd1,0.0,1.5,confirmed
2025-10-24T17:56:42.075961,ethereum_tx,0xb991c83ac3622a10f831334c25fb01be7198f748873b94980cdb47c636555c57,9481700,0xAC346feDd3214ff200CB8DE8f8cb0BB5b3928224,0xc6255a594299F1776de376d0509aB5ab875A6E3E,0.0,1.5,confirmed
2025-10-24T17:56:42.075961,ethereum_tx,0xe13e0fc1515c974bfdbbb1ffb644333ed4521be41801cf2be79cd96bf72b2167,9481700,0x78a6304E9dED5A9cbBBa2D85CD1E3A20e0f68193,0xc6255a594299F1776de376d0509aB5ab875A6E3E,0.0,1.5,confirmed
2025-10-24T17:56:42.075961,ethereum_tx,0x7d4a7aa17d6a1ffafff88353430ab28cdcd2eb8778775c571be0164e6eb12804,9481700,0x4ECcfbCD17a99bD48Dc490eECcc9b370DdF452C0,0xc6255a594299F1776de376d0509aB5ab875A6E3E,0.0,1.5,confirmed
2025-10-24T17:56:42.075961,ethereum_tx,0x1fd070364797b08399f856df6694b36aee5f0d72cc6512eb5aa0f5d4dedde3de,9481700,0xF6f1730924532779A21183AABA65A2099D06398b,0xc6255a594299F1776de376d0509aB5ab875A6E3E,0.0,1.5,confirmed
2025-10-24T17:56:42.075961,ethereum_tx,0x526387b39c9eb24c3326f8b4d98deaade088ecd31a1fa351179fb30702961614,9481700,0xd6fc7ED61E2f4800bD858956B7Bc3D987CCa75Eb,0x2A4496bbC344414e3bDbE6a8E7c40EF007DAeEd1,0.0,1.5,confirmed
2025-10-24T17:56:42.075961,ethereum_tx,0x424e1bcf2729765654b94d7af2f2f4ff1b0d61bef1ddc5e0b6e02244355d0cf6,9481700,0xF38E5D49F751F3116BC22ab7CBF53B8B97FB29D9,0x57c5dC670eB6f571bDD8Fc1CF178c46c9A917A74,0.0,1.5,confirmed
2025-10-24T17:56:42.075961,ethereum_tx,0xdb7bcde5b3d7b67d975ad2c31a47c3e9bee32a25fa1d2f0f8317698de779e105,9481700,0x9510C0449dAC1BfE37171AF66eABF797B393b396,0x2A4496bbC344414e3bDbE6a8E7c40EF007DAeEd1,0.0,1.5,confirmed
2025-10-24T17:56:42.075961,ethereum_tx,0x675f5d3d7522731c43fdac2255d7ec40b3eee42200c42a902e0e5e11e448c801,9481700,0xE02E99e4b249358D3Bc6bBD060160C4d4D258B6e,0xc6255a594299F1776de376d0509aB5ab875A6E3E,0.0,1.5,confirmed
2025-10-24T17:56:42.075961,ethereum_tx,0x19ed8f4e0d3c9b8f222797eefca72f4d329acab5fc8fea235df09a7937b5f30d,9481700,0xd53b2F43fFF96aBc04a3a368F3405aeaDb443CCc,0xc6255a594299F1776de376d0509aB5ab875A6E3E,0.0,1.5,confirmed
2025-10-24T17:56:42.075961,ethereum_tx,0x7e4f33352327680d89587613d2582a91f2872e5a6b23a6be924f8a7a3b276c7f,9481700,0xD22c6c02920dD8F149182c121c08e19C4a6750C5,0xc6255a594299F1776de376d0509aB5ab875A6E3E,0.0,1.5,confirmed
2025-10-24T17:56:42.075961,ethereum_tx,0x9d3cb41f11731122fc7965c5d28cc6510212468f686e77bee11c1532a4f9f633,9481700,0x4C1F29576B4d4B8972827049c7eCCA07e250f274,0xc6255a594299F1776de376d0509aB5ab875A6E3E,0.0,1.5,confirmed
2025-10-24T17:56:42.075961,ethereum_tx,0x7fe50b7720cc2809b53923fa594871f50e384142f9e98bb6f5b31aaa8fcfa841,9481700,0xB1bEd2E4081d86F3199B08a2aa3CE2959e9272ab,0xc6255a594299F1776de376d0509aB5ab875A6E3E,0.0,1.5,confirmed
2025-10-24T17:56:42.075961,ethereum_tx,0x67fe83de8aaababa61452470b608adddcf0ac05ca5af665784e50d117c4a7d64,9481700,0xf5CdC48272D9C22625D455a4C9E9e60eB0cdde48,0xc6255a594299F1776de376d0509aB5ab875A6E3E,0.0,1.5,confirmed
2025-10-24T17:56:42.075961,ethereum_tx,0x7eeac90667ea9c317ad9e59f79d794b6f9a304f93294df7393c750afa7776d65,9481700,0x1342AB509342Ce666289e5030570eaA31ab50CC0,0xc6255a594299F1776de376d0509aB5ab875A6E3E,0.0,1.5,confirmed
2025-10-24T17:56:42.075961,ethereum_tx,0x754d5b359dc6b5c8231c4b0375dfa407455e7de6222a039d198c060092ab0ec3,9481700,0x6a2E1C4B0fb05314bBcaDbf8d2F3D7FAa7040374,0xAD2b3007be548062d9BCEd4bb698c06a3375e129,0.0,1.100000009,confirmed
2025-10-24T17:56:42.075961,ethereum_tx,0xc5218b13ffbdccfec734b30bd903f26279e162f4447fbc753fcf9993946eab63,9481700,0xf329D31191A5693C941341979871e6a7D65C7836,0xB78E029045a5320db1f61c27B722E01Aa25b362c,0.0,1.000000009,confirmed
2025-10-24T17:56:42.075961,ethereum_tx,0xbf17f3bc4c6e9488d347b4815893894084da6081d7471679ecb4f12059b2eb2d,9481700,0xf84DF026Ae2ADDE85d24149093493973238b652f,0x006284df251c84Cb0F667d360Edee62f2D155680,0.0,1.000000009,confirmed
2025-10-24T17:56:42.075961,ethereum_tx,0xdf1c3f3f75f93b1c7d6992a47476181a410da5c77b03d842b2a6e22a8d486472,9481700,0x640763cc5f3866fA400fb207ADe0DBa6160e0e1F,0x00278D34E5dF377eA2f20cF0854d8FCC02c77268,0.0,1.000000009,confirmed
2025-10-24T17:56:42.075961,ethereum_tx,0xe27235acaf14ba75f50ca9c019ff6873bfe7179b7797728630ce633f5607c211,9481700,0xF0FEd0C0192539a1076d8BDa1233f414704d98Be,0x00D22efF04CF7d0f5A355A6D9A06E43120398dA6,0.0,1.000000009,confirmed
2025-10-24T17:56:42.075961,ethereum_tx,0xdf0853f2251a5a93dbe5314186c7bc265c6a2b8b7dcc879f81ec696545708bcb,9481700,0x6179DFA1C6818bE8c69B65Ea9Da7B7b42f589544,0xaeC3DEeEE1583C444D56f9f0dc7DF49A56c3295A,0.0,1.000000009,confirmed
2025-10-24T17:56:42.075961,ethereum_tx,0x35eff33571cb6e2ec86b84821937a8530b8c7680c871414fd863b5fdc90f9c45,9481700,0x331F8071c58E6db2F286597A44EbcDAC75532f7c,0x42eBf272Ce569dc324E7f72a9E98A59CD3a06136,0.0,1.000000009,confirmed
2025-10-24T17:56:42.075961,ethereum_tx,0xc04b0a611c230b96d5407b6f8b113779d52dead312834c9c3b1e8968424620e7,9481700,0xc8E400FE8594e3AA7332802F9c51109BcBD488C5,0xFf00000000000000000000000000000000048898,0.0,1.000000009,confirmed
2025-10-24T17:56:42.075961,ethereum_tx,0xc4af9d2cb00e0bf25f88f11cdd070e6afc410ce64efc02d96352e785a9b778dc,9481700,0x503713B12E49cc35f634e235981a62b32bE5705b,0x45F4A38c161E6Fb912adc6b1B43B7C49Ce33150F,0.0,1.000000009,confirmed
2025-10-24T17:56:42.075961,ethereum_tx,0xfc248f881e1e6514aa6345e8a8e8c8ea07de1ea798920adfd9e2b930fc0bf2b1,9481700,0xDb1d518f67570c67059c95339B624960BBC47bD2,0x8a2d7B098488cB0fDf68A5Bf796743De6dE5F8c9,0.0,1.0,confirmed
2025-10-24T17:56:42.075961,ethereum_tx,0x6c7620f125ef73abf77b4fc3049bedb4bff60e658935d05d063318022e6c287f,9481700,0x786c85102Bc04De32FAECc1532692c02daf19953,0x5FF137D4b0FDCD49DcA30c7CF57E578a026d2789,0.0,0.110000009,confirmed
2025-10-24T17:56:42.075961,ethereum_tx,0x5ca490586a030cb58b6008ce90db0748bb7969365d146a72cc218bcb41726485,9481700,0x8Bd4AAa616BcCE890Ed0130f20fe40D259903F7E,0xf993E10C83Fe26DddFc6cb5E82444C44201e8a9C,1e-06,0.020000009,confirmed
2025-10-24T17:56:42.075961,ethereum_tx,0x4fce07d86cb5148624a4ac1218f0b09432be32d990c996e43d08201462dbc7fa,9481700,0x7c7397e568c81B7b6c10e50f04eb5b297e623580,0xf993E10C83Fe26DddFc6cb5E82444C44201e8a9C,1e-06,0.020000009,confirmed
2025-10-24T17:56:42.075961,ethereum_tx,0x61ab71ed998de9f393ff47094b5bdd310789ddf1e0f1750e9afa4f7faeab97ea,9481700,0xa3a429EE8B20d56753f72b0B376bc8A25C92Ee6c,0xf993E10C83Fe26DddFc6cb5E82444C44201e8a9C,1e-06,0.020000009,confirmed
2025-10-24T17:56:42.075961,ethereum_tx,0xc4d891e3519d6cbb17383d3c3e301135df54bdacc8e913c66fd1a4e361888dad,9481700,0x4339896E0b720078E0093Ae423747F4fc9366f93,0xf993E10C83Fe26DddFc6cb5E82444C44201e8a9C,1e-06,0.020000009,confirmed
2025-10-24T17:56:42.075961,ethereum_tx,0x9661d6c81d9fd15891956132739d39b069d0826c765ecf692ba6df1ab8c1d389,9481700,0x5B55E1f98800012AD42AafEE2585AA61BaBf1752,0x1348947e282138d8f377b467F7D9c2EB0F335d1f,0.0,0.00200002,confirmed
2025-10-24T17:56:42.075961,ethereum_tx,0x567ffd77b7b851b06dd8243567c9d226e84f79236aaedcb40113b630770660f9,9481700,0x4BA56bDa2009816e260921970041d6Eb005D7272,0xC764A997C86dC22B50Eb637626e3f46bfd82534A,0.0,0.001500014,confirmed
2025-10-24T17:56:42.075961,ethereum_tx,0x579a6a9c21bb6baa6e793b9e1fa116dc6cda98ee0c488ebda48f25ec6c633ea8,9481700,0xB6D120C413039aD4CFA902b1F4b29b24e429B645,0x6c0853c1eDf8579eab861ffa48361B2A6C64a77A,0.0,0.001500013,confirmed
2025-10-24T17:56:42.075961,ethereum_tx,0xcf57facd7629dc6c14336d61fdbfc9ca91014e18466e599ce62c312525fee1b1,9481700,0xDB41c0cbFCEf2F0ff1f02Cc5E25A9C6673b4a958,,0.0,0.001500013,confirmed
2025-10-24T17:56:42.075961,ethereum_tx,0xa003547256add4c50f8e8eb2d15e298d405ab9c8d3928d3274ebf8d7a7b60a85,9481700,0xcdB998910e891b704ac44ffd9b74ddd4BD33BA94,0x956962C34687A954e611A83619ABaA37Ce6bC78A,2.712721542188e-06,0.0015,confirmed
2025-10-24T17:56:42.075961,ethereum_tx,0x0f190b0f9436d8fc973086de2914273d4185610479e37a645e3fe794938295e8,9481700,0x340c3e0b9168b9B0594DbBD8883293dfF7ac64e2,0x956962C34687A954e611A83619ABaA37Ce6bC78A,2.3925296551192e-05,0.0015,confirmed
2025-10-24T17:56:42.075961,ethereum_tx,0xb504a71f4cc8b64d840dc4beef92efd6f5a973d804f5c12a44944589485803c7,9481700,0xFA646594bF2241061314d53e850A466815B3600a,0x719E22E3D4b690E5d96cCb40619180B5427F14AE,0.0,0.0015,confirmed
2025-10-24T17:56:42.075961,ethereum_tx,0x0d02d280d00a0483b10dae842f36fa587936c035e2a26d353208933e100b8781,9481700,0x207D430716d4F12e7e6d9acB39BbC73fD4cB4E1C,0xA73aFb610aC79A729A393D679029fCf9618854AD,0.0,0.0015,confirmed
2025-10-24T17:56:42.075961,ethereum_tx,0x23a1b7b1de33a6ba9048192e4430f38ea7dd8c7b37461163dcacadc3ccb5ca78,9481700,0x27A88B8846882507bab868974805339d4c438667,0xA73aFb610aC79A729A393D679029fCf9618854AD,0.0,0.0015,confirmed
2025-10-24T17:56:42.075961,ethereum_tx,0xa9f7db5193185190d3d2abdeb807bb9003315185f51dc01cd712fb3ad5ee5553,9481700,0x2D1A477e22F93b66F70a781D1f6aB73C3a62f09b,0xA73aFb610aC79A729A393D679029fCf9618854AD,0.0,0.0015,confirmed
2025-10-24T17:56:42.075961,ethereum_tx,0x2243963658fc2bf39eeae2756b7683f5e2a3320b505033a03852b08d1f7186ea,9481700,0x2D1A477e22F93b66F70a781D1f6aB73C3a62f09b,0xA73aFb610aC79A729A393D679029fCf9618854AD,0.0,0.0015,confirmed
2025-10-24T17:56:42.075961,ethereum_tx,0xe25a48c3feafa4ec65d0fd37179d3845302e356936d164c444ceb13e6fcee01f,9481700,0x6B6e5bDBE151A6AdAA0E13193673a2388F250F49,0xB88Ca91Fef0874828e5ea830402e9089aaE0bB7F,0.0,0.001400012,confirmed
2025-10-24T17:56:42.075961,ethereum_tx,0x2838adf7a806e8c67d9da1e07915517abea30b76e12c04f1511e3a84fbd67c93,9481700,0x6d7927C0D236388319864007681BC0C6b844Def8,0x12e1181a741b70BE6A9D81f85af3E92B6ba41897,0.0,0.001300011,confirmed
2025-10-24T17:56:42.075961,ethereum_tx,0x394456e6e91e0a63bb97103b00b1af46672db455748a0f4e7831329cf81edf20,9481700,0xe658826634eE68016B7966d7aE713F31cf8A6684,0xeD8A5D7ffcBaa185518e63B73EaddBd2313dE261,0.0,0.001299997,confirmed
2025-10-24T17:56:42.075961,ethereum_tx,0x47ec94bfe5d40324205cda6bc09abb553bb56e7cc743a125ebcc782b29b498e7,9481700,0x056A1275DD670205aba10D8fC9bB597777a65030,0xd0dbB2486e3Fbf371D1B2e35Fa330bef6529d2f4,0.0,0.001200011,confirmed
2025-10-24T17:56:42.075961,ethereum_tx,0xa9985cb707ab1f1fc4e2df2e99f2b8ea0063ebd349780bc7babe618e7a0116be,9481700,0xA2bfAc45e6878fbE04525C23dFbb11fFb224Ea60,0xd0dbB2486e3Fbf371D1B2e35Fa330bef6529d2f4,0.0,0.001200011,confirmed
2025-10-24T17:56:42.075961,ethereum_tx,0x56bc2a147770f17a34e0039a72a20e513ef21d57ea8310ffd89fb08160dd59b0,9481700,0x43370146366CfEa21302962AE3a558D72bbcC487,0x5FF137D4b0FDCD49DcA30c7CF57E578a026d2789,0.0,0.001200009,confirmed
2025-10-24T17:56:42.075961,ethereum_tx,0x1405032a065bb39981af52d9f546b555f09eeca2c7e03e816d56ae6e44e71df5,9481700,0x4337001Fff419768e088Ce247456c1B892888084,0x5FF137D4b0FDCD49DcA30c7CF57E578a026d2789,0.0,0.001200009,confirmed
2025-10-24T17:56:42.075961,ethereum_tx,0x0dccf7634b123c3c07e4c69b6e8f5aa19aba2ead295ee55e1b40582cbbb733de,9481700,0x433700890211c1C776C391D414Cffd38efdd1811,0x5FF137D4b0FDCD49DcA30c7CF57E578a026d2789,0.0,0.001200009,confirmed
2025-10-24T17:56:42.075961,ethereum_tx,0xb2c06088dce5b9dead846037c80d8296e8ff40cf06fd273dbb45a1c2464aa873,9481700,0x4337016838785634c63Fce393bfc6222564436C4,0x5FF137D4b0FDCD49DcA30c7CF57E578a026d2789,0.0,0.001200009,confirmed
2025-10-24T17:56:42.075961,ethereum_tx,0xce64fc965957b5c397ee78b1365002ff4b18e4f91acc4124dd19d2aaf35bb87b,9481700,0xd25DB2Ff2263A31b192EE117eB83E7792C01d58f,0x956962C34687A954e611A83619ABaA37Ce6bC78A,0.000213,0.0012,confirmed
2025-10-24T17:56:42.075961,ethereum_tx,0xece558a60dc9245ecd4f2066b43991b1da401fb7cc40ad387e5b062a8b9cfaee,9481700,0xE4765a5D7335DAd51b3058d0b8eDeE540D149a21,0x83458E8Bf8206131Fe5c05127007FA164c0948A2,1e-18,0.001199998,confirmed
2025-10-24T17:56:42.075961,ethereum_tx,0xf3c19f60badcae2d710ccae69e62273b82892e39bfcc8f90519d3aba4a7ea80d,9481700,0x61d8838f9A00250C9AF13D622DA7c08c372ee587,0xCf8EDB3333Fae73b23f689229F4De6Ac95d1f707,0.0,0.001119392,confirmed
2025-10-24T17:56:42.075961,ethereum_tx,0x936826251392d9643d111ac4a41af86dd4f81da5754397185f5b1f71e9b396c9,9481700,0xb3a1956Cff1ecc8054B81b0C83b9847CB71384b8,0xCf8EDB3333Fae73b23f689229F4De6Ac95d1f707,0.0,0.001119392,confirmed
2025-10-24T17:56:42.075961,ethereum_tx,0x15ff7cae6dafe40bbd440a58b88dbbcd92bfc44e962ef8446f666fc5f7c4340e,9481700,0x61d8838f9A00250C9AF13D622DA7c08c372ee587,0xCf8EDB3333Fae73b23f689229F4De6Ac95d1f707,0.0,0.001114656,confirmed
2025-10-24T17:56:42.075961,ethereum_tx,0xb3a24a12a5c4b10c7fb612f102602288e5b5024a48fde8354fea15596deeea09,9481700,0x61d8838f9A00250C9AF13D622DA7c08c372ee587,0xCf8EDB3333Fae73b23f689229F4De6Ac95d1f707,0.0,0.001119392,confirmed
2025-10-24T17:56:42.075961,ethereum_tx,0x2a4fcd246709924e32095c186a63b17b434988cbe7d684b16d97e150c0ff82a7,9481700,0x61d8838f9A00250C9AF13D622DA7c08c372ee587,0xCf8EDB3333Fae73b23f689229F4De6Ac95d1f707,0.0,0.001119392,confirmed
2025-10-24T17:56:42.075961,ethereum_tx,0xa3d1bf995addad2d778b7820c0d08d70312ea1c43295da04109cbf6758671f13,9481700,0x7E098B21412B42493676CE9B427CF70F146a941c,0xadDD620EA6D20f4f9c24fff3BC039E497ceBEDc2,0.0,0.001100019,confirmed
2025-10-24T17:56:42.075961,ethereum_tx,0x9a9609785a8354e2384c5619c5850f1f8bb008d1a774334a808dc8ef0ff014c4,9481700,0xCd8080b5A4e828232a6390Fb0D5dcA790AE90C85,0xa7155e6e596D9B92Ec05602e1Db3616322Fdc2d3,0.0,0.001100009,confirmed
2025-10-24T17:56:42.075961,ethereum_tx,0x9c9a7b2d1ff0ce93a49f64688e396d6475dedd90a20dfcdd3e994dd043b9c3b2,9481700,0xBd924Fd31b960C2a1fd261F952B304b13A6922F1,0x403dE630751e148bD71BFFcE762E5667C0825399,0.0,0.001100009,confirmed
2025-10-24T17:56:42.075961,ethereum_tx,0xb743cd67911d850cc4508808c3612df3a873d30cbaf1bd77f371b526b6a7765c,9481700,0xFF1218066b4b5Cd9dE2A73639862082bcC98bf0D,0xd0dbB2486e3Fbf371D1B2e35Fa330bef6529d2f4,0.0,0.001100009,confirmed
2025-10-24T17:56:42.075961,ethereum_tx,0xf1ffe2d8ff6068bdcdc05bdb3620d60786052e46fadc4d25762134deb9701f39,9481700,0x36a46774A3743641D4C274b385608Cb455B5B6b8,0xd0dbB2486e3Fbf371D1B2e35Fa330bef6529d2f4,0.0,0.001100009,confirmed
2025-10-24T17:56:42.075961,ethereum_tx,0x321fca5d52120b94c52d0552566d2b50eb84a51fb0ed09edfef4067bc2360901,9481700,0x762fcb5a7DA58481c0ac88C7579ef1fC5527C11D,0x1552573d9cEa305c82F998C120e19c2aF8BFfF56,0.0,0.0011,confirmed
2025-10-24T17:56:42.075961,ethereum_tx,0xfbe8a67c54de6bd484a4264a7a511a690ddb6d9025b4f8d695ea0db8bf3dd63f,9481700,0x3cfDc212769c890907bcE93D3d8C2c53dE6a7a89,0x0000000071727De22E5E9d8BAf0edAc6f37da032,0.0,0.0011,confirmed
2025-10-24T17:56:42.075961,ethereum_tx,0xeba8b3a889387c85cb0c8bec982b4ef5d488782f1c41d6c3b2c45e4176e186a2,9481700,0x94eDC8E0D150Ca41Ab78F479dCd202458C9375bF,0xc6255a594299F1776de376d0509aB5ab875A6E3E,0.0,0.0011,confirmed
2025-10-24T17:56:42.075961,ethereum_tx,0xff9b2ec9bd294da7b18eb4e156830e7b8f2d2b6d95354551583f93ddd1075e9e,9481700,0xa8526Fc0be3de255e14291D37Ce5c2abBd6BABE0,0xc6255a594299F1776de376d0509aB5ab875A6E3E,0.0,0.0011,confirmed
2025-10-24T17:56:42.075961,ethereum_tx,0x35ec25d8e760006177d702e22c25dd90525c19e45bd8ed997d1c3ee777811418,9481700,0x7FE8c60eaD4aB10be736f4De2B3090Db5a851f16,0xfFAEF09B3cd11D9b20d1a19bECca54EEC2884766,0.0,0.001099999,confirmed
2025-10-24T17:56:42.075961,ethereum_tx,0x5999a448da1dbac2a767a4fade89a3f6a83c3239bb77fae71a01ffd9a953fc74,9481700,0x16626CD24Fd1F228a031e48B77602Ae25f8930dB,0xfFAEF09B3cd11D9b20d1a19bECca54EEC2884766,0.0,0.001099999,confirmed
2025-10-24T17:56:42.075961,ethereum_tx,0xfd5afdd2bb6d90ec78035ed2a5b768e8a522d27869751cc0440528c9f35b1da8,9481700,0x4337009Be43c7ECc9bfbDe0F1780553Aa065187E,0x5FF137D4b0FDCD49DcA30c7CF57E578a026d2789,0.0,0.00108868,confirmed
2025-10-24T17:56:42.075961,ethereum_tx,0x62257a076a0582a6adfa6f0e0a54843497ff384d0d8e75fd32faa8019a6798f3,9481700,0x9A37Ab2eE598D00918db33F85fcf165cA55e7f1a,0xb5A49949C49dEDD852F9f0f419b17aD2785032db,0.0,0.001060008,confirmed
2025-10-24T17:56:42.075961,ethereum_tx,0xb784b818d68ff67fa2ac7f8c213b1698fda161771808bdc8b6e1bc6d2f69d5da,9481700,0x715d1084b1237Ba6a61447890F282E2505471EEC,0xb5A49949C49dEDD852F9f0f419b17aD2785032db,0.0,0.001057617,confirmed
2025-10-24T17:56:42.075961,ethereum_tx,0x83495c3ae0c0d39da8f8a45646d2a9795c1b8b6b8602b437e7754c2ea0d9e853,9481700,0x8D63bDE03198ed44354544833686ffC1cEf6B69d,0x0820f975ce90EE5c508657F0C58b71D1fcc85cE0,0.0,0.001057617,confirmed
2025-10-24T17:56:42.075961,ethereum_tx,0x378911074e28feca3f0571185b548967cbb24263fcf8b0d4b3ac4f5b89a29e0f,9481700,0x6DB6fA62876f52F0eCeDb4aa91b55A86B75086F8,0x3eDF60dd017aCe33A0220F78741b5581C385A1BA,0.0,0.001052631,confirmed
2025-10-24T17:56:42.075961,ethereum_tx,0xb1aa05d346af8931624a5c5133e403ed36211472bbbd4508c9363a7c5840cf85,9481700,0xe3DD288C2e08D4a3130e116eE91B0cAC117Bd669,0x15B0E3766B144fbB190AeA6F01d8676af20C5aef,0.0,0.001046928,confirmed
2025-10-24T17:56:42.075961,ethereum_tx,0xa11786b2f83a693e2b0b59ffb7d2c1b96478f101f5e06b3c21ac411ff4f3c293,9481700,0x3Da763C42E438eB17880fB6A83040d6cf13eF03b,0xFf00000000000000000000000000000000042069,0.0,0.001000009,confirmed
2025-10-24T17:56:42.075961,ethereum_tx,0x8f45311a99c61f01b9b62f4a42c2bc998f6014cbfdeca2f14788f4272fcb9ee2,9481700,0x661bA32eb5f86CaB358DDbB7F264b10c5825e2dd,0xcA11bde05977b3631167028862bE2a173976CA11,0.0,0.001000009,confirmed
2025-10-24T17:56:42.075961,ethereum_tx,0x0ca66412c3e730e352c95d46221d4a423b6b1f44c66b3b4a86c563d430315de6,9481700,0xe6C4142016937c4e0EbbB025Bf566bf40cFF8ac2,0x83458E8Bf8206131Fe5c05127007FA164c0948A2,0.0,0.001000009,confirmed
2025-10-24T17:56:42.075961,ethereum_tx,0xcbbb48fe2b30a1bb6859cbc40234ad544ac80c3b7d8bb2d0e78553e59b1cfc05,9481700,0xAd9fDaD276AB1A430fD03177A07350CD7C61E897,0x79911436D94077f0e60B907a1b165504c80AeCc0,0.0,0.001000009,confirmed
2025-10-24T17:56:42.075961,ethereum_tx,0x3a190c0780e50d6f99e6ce7460ccb33bdbc2c5c752babef4d8ac1d21310e4055,9481700,0x427888CdA8F0E5968358C980Afa7DD02358D3037,0x330C5f4DBe72ac987015d3dD390ebA3b25968B1c,0.0,0.001000009,confirmed
2025-10-24T17:56:42.075961,ethereum_tx,0x80278251d8a9dd5657eaace934c53bed9b51b3c417b8c5b60ff542b6841b2ff0,9481700,0xa98CAB7ee49E3d4c3c7231aEad803673AeB286D3,0x12608105aBA689887c954BE7cAf2c3700D9380E4,0.0,0.001000009,confirmed
2025-10-24T17:56:42.075961,ethereum_tx,0x020a40fe05caf3a1d1f97acf87f5f08a3bfb1f1c3d31cc2379e1c04ac3f6535e,9481700,0xaa0dff2fef2D021FF5aDE44Ff17704d59345dd1b,0x0000000000000000000000000000000000000000,1e-05,0.001000009,confirmed
2025-10-24T17:56:42.075961,ethereum_tx,0xe9dddbe0864d15049e574560a43b18b315a88ff36dd1718a123142df9765b7ba,9481700,0x3Da763C42E438eB17880fB6A83040d6cf13eF03b,0xFf00000000000000000000000000000000042069,0.0,0.001000009,confirmed
2025-10-24T17:56:42.075961,ethereum_tx,0x7b16f93296af9085466eccec66345e56147c9d8bd32d264ece9c8ed0ff1c63a9,9481700,0x3Da763C42E438eB17880fB6A83040d6cf13eF03b,0xFf00000000000000000000000000000000042069,0.0,0.001046928,confirmed
2025-10-24T17:56:42.075961,ethereum_tx,0xf056aae3424ed448cf62296288f486cc8eb0bf7699ab4ea44a9e6b8f29ff2d41,9481700,0xd756119012CcabBC59910dE0ecEbE406B5b952bE,0xADF5aadbe080819209BF641fDf03748bb495c6f3,0.0,0.001000009,confirmed
2025-10-24T17:56:42.075961,ethereum_tx,0xe1c16afa2d5045fb387947e290c94b9a7758c223c1e9d6c1416ad16e73665918,9481700,0xda6b40AD1b361Cb2229F9794Cc9Ba070b86Ec4Cd,0x485D32dA4a40881CfaDbA127E3F6315aC9d3aE25,0.0,0.001000009,confirmed
2025-10-24T17:56:42.075961,ethereum_tx,0xd3f78c0126dd664997c8d5cedbf1f929fcc64bf78630638c2e35995b3e677dca,9481700,0x5EA1005A3495635a620f0DE4ce7622366BfBD522,0x03C66CB1826BDB0395BF31E68Bf7E873e9564fFB,0.0,0.001000009,confirmed
2025-10-24T17:56:42.075961,ethereum_tx,0x98a4a194f13b25e5f1d0f49cedcae981d82ce084d04f477550ab0574e540050d,9481700,0xc288D5c6b9E80371453C5aa8A0f13642ff07f31A,0x03C66CB1826BDB0395BF31E68Bf7E873e9564fFB,0.0,0.001000009,confirmed
2025-10-24T17:56:42.075961,ethereum_tx,0xf54e30d34570568b79d845148a5e8e5b180df0d44b0c49f377fda151a2c672eb,9481700,0x40c4b38f70fe2d026863532a78845506183Ac40c,0x03C66CB1826BDB0395BF31E68Bf7E873e9564fFB,0.0,0.001000009,confirmed
2025-10-24T17:56:42.075961,ethereum_tx,0x66c2e9829ce17053dacfcde9949b01a84c3798b6db806cf99487879c2caa3963,9481700,0xb6d25fa232e50EE2fCf3a40DAFCAfe5Fff1Fd9A9,0x87A3effB84CBE1E4caB6Ab430139eC41d156D55A,0.001,0.001000009,confirmed
2025-10-24T17:56:42.075961,ethereum_tx,0x158481de48b1c6d0e053eac8821aa58c6ae3d38405d9af7bf4945b28147a4e8e,9481700,0x2c06b1d706Fa7fcfa882EB4ce7F2fe27d58E08F4,0x08d2b0a37F869FF76BACB5Bab3278E26ab7067B7,5e-05,0.001000009,confirmed
2025-10-24T17:56:42.075961,ethereum_tx,0x6d6695adc15340de73ce1af61a63e2d5dd3c0116fcfb8e99e29d404c13f1c899,9481700,0xB66df7402831cdFb30B1D3027cd27d3D4Be5F752,0x08d2b0a37F869FF76BACB5Bab3278E26ab7067B7,3e-05,0.001000009,confirmed
2025-10-24T17:56:42.075961,ethereum_tx,0x7f176677d534b1aea8b8c01af84abec54fcedf93785ec91b946de861a6ed3edf,9481700,0xB617f2BebAfcDE034d075da72c6D32e232016e3A,0x03C66CB1826BDB0395BF31E68Bf7E873e9564fFB,0.0,0.001000009,confirmed
2025-10-24T17:56:42.075961,ethereum_tx,0x581668cae9a06f7115c4cd5e4e497f2802675293730a32d00423be7f3d317615,9481700,0x8Bd5261Db417bd687647cbb2b5bf73A507394E8c,0x03C66CB1826BDB0395BF31E68Bf7E873e9564fFB,0.0,0.001000009,confirmed
2025-10-24T17:56:42.075961,ethereum_tx,0x98025bc154d8aadf2cb06f105e5f34f9a401a213bbf1ab2cb48aaadd8aec1030,9481700,0x6b6163E355Ff7C95A9c2Ac83c8074F811aC80b98,0x08d2b0a37F869FF76BACB5Bab3278E26ab7067B7,4.88e-05,0.001000009,confirmed
2025-10-24T17:56:42.075961,ethereum_tx,0x99204f439cfc47db5a53f5b5db3c9fe151f81ca023e6ffa2254a7cfbf6e930db,9481701,0x3C95c2633296B264d051498C4b2e982EbB526A53,0x3C95c2633296B264d051498C4b2e982EbB526A53,0.0,4.1,confirmed
2025-10-24T17:56:42.075961,ethereum_tx,0x92bd451a50249dbd8f466a5f789f41a4d344aaa56eedd14d5522131d088fef5f,9481701,0x5D8A2CD12D8A64cd0A3B2b5b03949D16475473DA,0xcA11bde05977b3631167028862bE2a173976CA11,0.0,3.000000009,confirmed
2025-10-24T17:56:42.075961,ethereum_tx,0x82e8073bd670e54c1ed1236d6895b21545c276d0120a10d1dc466a14cbc2485b,9481701,0x6Cc9397c3B38739daCbfaA68EaD5F5D77Ba5F455,0x1B6C8b728081255fAe6C15D1EAf6902158A4be60,2.5,2.000000009,confirmed
2025-10-24T17:56:42.075961,ethereum_tx,0x7ff6f4964e0e0d4f4ec0e2d72d137d252841bcc809de0562ed1fb714a4d07928,9481701,0x6Cc9397c3B38739daCbfaA68EaD5F5D77Ba5F455,0x8a61C94F110Ea35B0b3fC91e3859ac5DC9bd40a8,2.5,2.000000009,confirmed
2025-10-24T17:56:42.075961,ethereum_tx,0xe75fa231545cc245a963b5f653270ec3d83802b885b171e57aa8cef3c3b67de1,9481701,0xa0a3Fa72c6D6dc0682fA8d4480A09FC1c6ba0887,0x73B668d8374DDB42c9e2f46fd5B754Ac215495bc,0.0,2.000000009,confirmed
2025-10-24T17:56:42.075961,ethereum_tx,0x68647f7a21d926e3d41859cdc5f54c4774e8406c8e5c8b056c5c53da871b44b4,9481701,0x6Cc9397c3B38739daCbfaA68EaD5F5D77Ba5F455,0xCB7b2A38Fbb771027B8c1C294eb9610f51961fee,2.5,2.000000009,confirmed
2025-10-24T17:56:42.075961,ethereum_tx,0xd8cda847034126a9ab5c58fd67376a5265b2ec7b85b2d945adf80e1a2ec38ad7,9481701,0xe7F38E2D57a0eA80240B5E65A69AF66812CbCd0C,0x2eeb8f99B1D2f6F342Ac9A30e8F918741301f5Ad,0.01,2.0,confirmed
2025-10-24T17:56:42.075961,ethereum_tx,0xca0b74df6c4a16e9c3cd7482954b9aa2c1f327aae377673def432e4c5def09ce,9481701,0x13B13E12e1f9CfFB979EeDd4d53a720Ff6B3037D,0x5cFA7ffA14d6dd40551832b9D4c2eCff3db7d3fB,0.0,1.500000009,confirmed
2025-10-24T17:56:42.075961,ethereum_tx,0xeb7ca128a9c6aac1ac698ec927f89d5da275e655fed3efd5cefb7c3394b5678f,9481701,0x73287B8E96B9222ca77596eCf746b5284042ed6f,0x7E6e6Eaa5b20Bd0F89540311B6f36918CCa07Ca7,0.03,1.500000009,confirmed
2025-10-24T17:56:42.075961,ethereum_tx,0x44cf75214cc61e616dc7eea183dd9e8253f01cb5b3427e8f4932bc3a7807651b,9481701,0x3e3fe9D33AfbBca3D5514379b73c7D364c260635,0x844737f8977b57d2931caAF987307Ce9AD2f01eB,0.0,1.500000009,confirmed
2025-10-24T17:56:42.075961,ethereum_tx,0xe6f5f74e36ccf28b8c527c354db2d65fbc37e884408856ad4d97e3561ef2b0e9,9481701,0xaC56BEED1FCa1878621091c540a3d811D1DE8Dc9,0xc6255a594299F1776de376d0509aB5ab875A6E3E,0.0,1.5,confirmed
2025-10-24T17:56:42.075961,ethereum_tx,0x8492348e41e588e3cc55986a9b7777b44585103d1a565924cfc2285cd5234798,9481701,0xBfeb15D280fbFC16288C6AC7004EF873bE551eAa,0xF6103283BD0ef7e214D690CC67584F0C884843da,0.0,1.5,confirmed
2025-10-24T17:56:42.075961,ethereum_tx,0x0158288dcfd13cf0f6430e8ffaa9de485a3db1e81f085c3c0ae7a6856aa8033f,9481701,0x5689c7d8448B93A67666d39326Fc78334FF53F3f,0xc6255a594299F1776de376d0509aB5ab875A6E3E,0.0,1.5,confirmed
2025-10-24T17:56:42.075961,ethereum_tx,0xd8248ad26cec6cfd7283fa972850a77744bc9f144a9a57b882af6e220cb0f2ff,9481701,0x4538a3D9328014cE32e569D874952aEC48b8CE5E,0x2A4496bbC344414e3bDbE6a8E7c40EF007DAeEd1,0.0,1.5,confirmed
2025-10-24T17:56:42.075961,ethereum_tx,0x91853d75878be334b0c3147f8280c876a6690915447fda66a6bf08ad45e56941,9481701,0xE7B1e4Ecf2bB4fC9632d8B55f34A7B41963F09A6,0x2A4496bbC344414e3bDbE6a8E7c40EF007DAeEd1,0.0,1.5,confirmed
2025-10-24T17:56:42.075961,ethereum_tx,0x79cceb95fa65d67c5bc0fdaf7b67ebfcb79f435ff48232a81a67978565e97981,9481701,0x3E002E590f9f5c6e6bc198d16D7733697218f801,0x2A4496bbC344414e3bDbE6a8E7c40EF007DAeEd1,0.0,1.5,confirmed
2025-10-24T17:56:42.075961,ethereum_tx,0x804b846a4e646b6ea2a2e5b07fabe0cc10bf6b0b776ea56f335acf022cc3be68,9481701,0xaf317b2389deb089640FEA1880Cd650e0337945a,0x2A4496bbC344414e3bDbE6a8E7c40EF007DAeEd1,0.0,1.5,confirmed
2025-10-24T17:56:42.075961,ethereum_tx,0xc2e54c9242abd4a38cef7cb014dd7f0a1e82ddcd034ab861eea5cb81d87eafc6,9481701,0xFb24BB2DF1cB9e3f0b7E80ba2aB744F4F77c75E2,0xc6255a594299F1776de376d0509aB5ab875A6E3E,0.0,1.5,confirmed
2025-10-24T17:56:42.075961,ethereum_tx,0xe326fd3feae1abec543d1611552fbe94560699c46cffb78f8f40b3ecf519346e,9481701,0xd45e864a523c68910962F2a06Ad886D436C8523A,0x2A4496bbC344414e3bDbE6a8E7c40EF007DAeEd1,0.0,1.5,confirmed
2025-10-24T17:56:42.075961,ethereum_tx,0xab9d3407cd41520cb31edf56be45d542aa4dc839e114960445640ec88c0869f7,9481701,0xF6f1730924532779A21183AABA65A2099D06398b,0xc6255a594299F1776de376d0509aB5ab875A6E3E,0.0,1.5,confirmed
2025-10-24T17:56:42.075961,ethereum_tx,0x407a6a4734c2e596c5fc556e5dd7913c2e5c2978dc53408d74858b5862401019,9481701,0x4C1F29576B4d4B8972827049c7eCCA07e250f274,0xc6255a594299F1776de376d0509aB5ab875A6E3E,0.0,1.5,confirmed
2025-10-24T17:56:42.075961,ethereum_tx,0x10fc3f4fd5aee63a1a120aec524cce863ea756cf5a908655d3fbe302b00ad044,9481701,0xE02E99e4b249358D3Bc6bBD060160C4d4D258B6e,0xc6255a594299F1776de376d0509aB5ab875A6E3E,0.0,1.5,confirmed
2025-10-24T17:56:42.075961,ethereum_tx,0x31e91acff1f55d1de85ea3cd537f509c300220729f28bc87764a27cfa64c59d4,9481701,0xD22c6c02920dD8F149182c121c08e19C4a6750C5,0xc6255a594299F1776de376d0509aB5ab875A6E3E,0.0,1.5,confirmed
2025-10-24T17:56:42.075961,ethereum_tx,0xe373132cca9f48cb6d593ebc13e6eb75c472c587d41d47e608290067d8a4dfa2,9481701,0xB1bEd2E4081d86F3199B08a2aa3CE2959e9272ab,0xc6255a594299F1776de376d0509aB5ab875A6E3E,0.0,1.5,confirmed
2025-10-24T17:56:42.075961,ethereum_tx,0x1d7a604f46657701f405cce831001825573baaafce69b97d59ccc25881dcc843,9481701,0xB51F71d5Bc57d7625980bDcB969706934C96786E,0x2A4496bbC344414e3bDbE6a8E7c40EF007DAeEd1,0.0,1.5,confirmed
2025-10-24T17:56:42.075961,ethereum_tx,0x09b62b69e5c1841240fdb05531643fb67bd68d6901d663f910498bb82572b822,9481701,0xDaeC823329018d0c52f06399Af85f618CE084A5E,0xc6255a594299F1776de376d0509aB5ab875A6E3E,0.0,1.5,confirmed
2025-10-24T17:56:42.075961,ethereum_tx,0xa2dc5d41ba178e18d7eb18ac2b51a2b82092522b65553a701e7540be5028c9b0,9481701,0x4ECcfbCD17a99bD48Dc490eECcc9b370DdF452C0,0xc6255a594299F1776de376d0509aB5ab875A6E3E,0.0,1.5,confirmed
2025-10-24T17:56:42.075961,ethereum_tx,0xd6a0dee4c393ba4e759178390701f7ead43f1c77878013e8a597c841b918a2f6,9481701,0x78a6304E9dED5A9cbBBa2D85CD1E3A20e0f68193,0xc6255a594299F1776de376d0509aB5ab875A6E3E,0.0,1.5,confirmed
2025-10-24T17:56:42.075961,ethereum_tx,0x54c0dfe96541e95ab6e185c11e3f511dffeef916ead93224b7cd8bcfa4bcba77,9481701,0x2d99F20f83931E94ddf99E83B94631B05e4523E4,0x0886A6e29E9F958d671A281f6947bFe5Cdb560bf,0.0,1.000000009,confirmed
2025-10-24T17:56:42.075961,ethereum_tx,0x9864e72439a6aa61ea6fd1a67812864748eeb90b8e2bc648d4ff5d25b8c25c32,9481701,0x22d72dB063dd9cE6b96bDE48331E6984c1570F38,0x1E59A308BAFAd671F63BA5d440489f0a84bF0F7C,0.0,1.000000009,confirmed
2025-10-24T17:56:42.075961,ethereum_tx,0xcc0cce5255241a9eade69124e31b0537436e7cb67fbfde132e7f5a2c376f11ba,9481701,0xAD0654aB10B809f5b1e52cF6F0148Fb8e2A1aB45,0x50E8d81E7fa8EB9d7eBe3eAa78267A5E04705e63,0.0,1.000000009,confirmed
2025-10-24T17:56:42.075961,ethereum_tx,0xc832832bb1f8adaf41cbec4e2f6c3aaeb54368c57fa523ae002fd2b2784301de,9481701,0x49277EE36A024120Ee218127354c4a3591dc90A9,0x05F9613aDB30026FFd634f38e5C4dFd30a197Fa1,0.08,1.000000009,confirmed
2025-10-24T17:56:42.075961,ethereum_tx,0x03a894bad1fac9c23bbfc496458fb4e799c79ce57916b96e11767f1f89ef0931,9481701,0x24b12a18215ADd1816C1c6678100A9e7d5C774e7,0x002fcD62Fd2B7B9ec33aE08e0629956b91CE2b4A,0.0,1.000000009,confirmed
2025-10-24T17:56:42.075961,ethereum_tx,0xe43d640e092f0802b22748e12ee68bb2e6e757b726a4e23b8cee2650bfc4f73f,9481701,0xB5EFD9EFa5a1C552cf5688DB5C6780aaB81DfD66,0x8eFc33E8451c5721a89cF08bc8CE7dD49ee38B91,0.0,1.000000009,confirmed
2025-10-24T17:56:42.075961,ethereum_tx,0x4e7900279cba4ee5a17d7467bad228c3291f4b6120a4fb57b9aba36208f1c7c5,9481701,0x13a6596159E231Ed08D073856839Cb2ec05DdacD,0x0c626Ac18f647830308cb35Bc7F0B987d9DbEA2d,0.0,1.000000009,confirmed
2025-10-24T17:56:42.075961,ethereum_tx,0x41468231c57fb8a3cff2775f7bc1c2f1f94cea5eefc00c2367b4ffd1442f8647,9481701,0x53282f77694b120D4f83A6debFfAEbfd5C056D9b,0x008DdF509E718354F9d6E25440d1806D9839c3FF,0.0,1.000000009,confirmed
2025-10-24T17:56:42.075961,ethereum_tx,0x4ce315b9e61e389de56397a7edb43fe88bad4329574577a84879434b4bce185d,9481701,0xF0FEd0C0192539a1076d8BDa1233f414704d98Be,0x00D22efF04CF7d0f5A355A6D9A06E43120398dA6,0.0,1.000000009,confirmed
2025-10-24T17:56:42.075961,ethereum_tx,0xeff459c1570f78dc84772caab6202c3716fcb6a8c1417c6152f33b8d5ead4a91,9481701,0x2D1fEcD426061329b2e7ad8100dCB7f31618bD0b,0x0704913e5FdE83af1b401a4cE079883b05d0461F,0.0,1.000000009,confirmed
2025-10-24T17:56:42.075961,ethereum_tx,0x5ae5fd626b09ae5ed679680f650dbd7d7839490c9cc7e76f672297ef0ac001a4,9481701,0x51B0b2E3C41aAcecd38F445eCD08ddfd6350523b,0x5291943E2EFECc28987A0b0391a59e9D97211819,0.0,1.000000009,confirmed
2025-10-24T17:56:42.075961,ethereum_tx,0x0b4755ae1f9f86f0bf6c6dfdca9735aa831d306fabf7d75ab1d9f107466b22c9,9481701,0x2ae9617B3683341EcB78E4414E0979d86AE29Bd8,0x20C3eFaA3Cda4181A840fAAbd78E0C8CCa9C4ca9,0.0,1.000000009,confirmed
2025-10-24T17:56:42.075961,ethereum_tx,0x9b7fa9c778abe354d05f86731d2568c944225c301428ea0f00fb67853af6e8b9,9481701,0xDb1d518f67570c67059c95339B624960BBC47bD2,0x183De4cd07f2cE5b4f08d64f2bCFA533B50D0783,0.0,1.0,confirmed
2025-10-24T17:56:42.075961,ethereum_tx,0xfb0c20acd59965727578bbc9afc396567666b4c065202751c0e219cfa5bd6cc2,9481701,0x2FdCca4B638202525256e81D1Edc9ca0Faf7a6d2,0x5FF137D4b0FDCD49DcA30c7CF57E578a026d2789,0.0,0.100000009,confirmed
2025-10-24T17:56:42.075961,ethereum_tx,0xfbabf23f94838e755054f3b0e03d0b06c3e804c97c12706898c461af30ae4028,9481701,0xDc9d3015A4a391607A835B87a292BcF030AF24E2,0x9E841C03218E36A785C1c50f2f74fAc5D54656Da,0.0,0.020000009,confirmed
2025-10-24T17:56:42.075961,ethereum_tx,0xe3342adbe386e8208948c640b7acb7003f1ff0519583f275e61e1d4cd05a1b94,9481701,0x21E4B0E6b639Cbf62BDA6866A267CbC6Aceb02b5,0xf993E10C83Fe26DddFc6cb5E82444C44201e8a9C,1e-06,0.020000009,confirmed
2025-10-24T17:56:42.075961,ethereum_tx,0x0b5948d1bd70a481cb586d95aaf834ec668de6d73c8a17ffe57d4fc64ddbf861,9481701,0x3129B898C6bbFC2FbAC86045ba131A5c21C86615,0xf993E10C83Fe26DddFc6cb5E82444C44201e8a9C,1e-06,0.020000009,confirmed
2025-10-24T17:56:42.075961,ethereum_tx,0xc81511378abff5525f426a875ea073a4c27baf5f8084ac17bd29b94dfa702784,9481701,0xC98999542dE950752400f36422a9d12cAA21615f,0xf993E10C83Fe26DddFc6cb5E82444C44201e8a9C,1e-06,0.020000009,confirmed
2025-10-24T17:56:42.075961,ethereum_tx,0x3421a976e2e1748dc2f0b867c54ed27387345d9e526c5d5cae37f5383c52f8b8,9481701,0x9905E8C3A4f82037170a8c411CD8b11D4894066f,0xd0dbB2486e3Fbf371D1B2e35Fa330bef6529d2f4,0.0,0.020000009,confirmed
2025-10-24T17:56:42.075961,ethereum_tx,0x4d95f0e84ae7d626ceb7cb0afea052c3bcc20102c9dbf047c3ad3f1e4bcb6fa2,9481701,0x9905E8C3A4f82037170a8c411CD8b11D4894066f,0xd0dbB2486e3Fbf371D1B2e35Fa330bef6529d2f4,0.0,0.020000009,confirmed
2025-10-24T17:56:42.075961,ethereum_tx,0xeedb60e169d821f1e039a2b17db4ebc94c96b42a88714fab0534d22e3e8809d5,9481701,0xBa7382dcDDDe5dDF9F2D5b85A0E28461d20bA049,0xf993E10C83Fe26DddFc6cb5E82444C44201e8a9C,1e-06,0.020000009,confirmed
2025-10-24T17:56:42.075961,ethereum_tx,0x7e3d93f9a61cff6d73a6ae01eb4ed144c41d8a1e7ecbe21fe31cac5770e3e777,9481701,0x7253D55907A286bDa046D1c2a97Ebf1713101624,0x2D567EcE699Eabe5afCd141eDB7A4f2D0D6ce8a0,0.0,0.001999991,confirmed
2025-10-24T17:56:42.075961,ethereum_tx,0xceee8b0cb59843d1cdadb3c07da7f9d38b322466ac58321e43bc5f8c559fc48d,9481701,0xDB41c0cbFCEf2F0ff1f02Cc5E25A9C6673b4a958,0x3Aa672178Fcc9be783A0ED34DBcAD18c6EDB1903,0.0,0.001500013,confirmed
2025-10-24T17:56:42.075961,ethereum_tx,0xbedb173057668497dc19b4756e31f9b0a3c62cfd2501b679248beff4b9fb8656,9481701,0xE1D6FB36881977975E141A3A8F35719B9b3D8699,0x9f54e6A87429E7bB2fe7B9f0ACCA3A31560FF198,0.0,0.001400012,confirmed
2025-10-24T17:56:42.075961,ethereum_tx,0xdbc9486844be65fd09358b65df1ad66e675dea699c292746df908f8b6559f865,9481701,0xb3a1956Cff1ecc8054B81b0C83b9847CB71384b8,0xCf8EDB3333Fae73b23f689229F4De6Ac95d1f707,0.0,0.001121546,confirmed
2025-10-24T17:56:42.075961,ethereum_tx,0x06e7a4918735f978fd3ec2eb8cc8a6ec198975f1ede3ea69412b562a60040b6c,9481701,0x94eDC8E0D150Ca41Ab78F479dCd202458C9375bF,0xc6255a594299F1776de376d0509aB5ab875A6E3E,0.0,0.00110001,confirmed
2025-10-24T17:56:42.075961,ethereum_tx,0x53b0e31e08922137c5a6e3cd8719a44f09633796b13ad57f22ec235f1d257467,9481701,0x9a0C272bD8bb40edB2689bF48B395F8EcB561d55,0x64B8ae8E3FEccC5bFEB26C3df90c6a9Db094D7b3,0.05,0.001100009,confirmed
2025-10-24T17:56:42.075961,ethereum_tx,0xdd5590aab91b0fe8b38dd3446dd5884f969b1fa464c17e35ae6060d1049842ba,9481701,0x6EFB29CEe3b414272EB7A8F3Ebabf873D36bC033,0xC5CC3434434DAB2227076Bc423fA75A038d7b42B,0.05,0.001100009,confirmed
2025-10-24T17:56:42.075961,ethereum_tx,0x92b53b1aed36dfa1e8e8d5ba4968a4af1410ec2fe53cabfff83dffb1b778df63,9481701,0x201F539ed17aD6B338491371d29e9925FCBA272c,0x3eDF60dd017aCe33A0220F78741b5581C385A1BA,0.0,0.001052641,confirmed
2025-10-24T17:56:42.075961,ethereum_tx,0xe50e601fd2d114d774e328b48b1b4d41e37350f28cd5d1013cebd174c7da7757,9481701,0x6b858da47dB6650A5998AB280e84a57110F8b539,0x3eDF60dd017aCe33A0220F78741b5581C385A1BA,0.0,0.001052641,confirmed
2025-10-24T17:56:42.075961,ethereum_tx,0x11fb7cafdee3b4ca278d8bf846becb7366532d711cac150b750d04fed4984131,9481701,0x661bA32eb5f86CaB358DDbB7F264b10c5825e2dd,0xcA11bde05977b3631167028862bE2a173976CA11,0.0,0.001046928,confirmed
2025-10-24T17:56:42.075961,ethereum_tx,0xaf5508e09245669b5c4bba34bb387644cedfd6107fe1c3539405028f76c9fbf6,9481701,0xb9A1E6041b6aEb93F60345b4bE9fb933293B6482,0x15B0E3766B144fbB190AeA6F01d8676af20C5aef,0.0,0.001046928,confirmed
2025-10-24T17:56:42.075961,ethereum_tx,0xe175b0addeb8a1a70a1490b3eb0f14da1a7f78cc057ef100e8444c5409f7c63a,9481701,0x4b4D83d77b15c7DebEC16bfbaBeB20bb4a5dEFbA,0x329689c2926216b15973bDd2c00561E80E6418A1,0.0,0.001000009,confirmed
2025-10-24T17:56:42.075961,ethereum_tx,0x5548813f84e7983486438eb0815b1a531a058a4c655af87a785ccafe895114f6,9481701,0xAd9fDaD276AB1A430fD03177A07350CD7C61E897,0x614FE9079021688115A8Ec29b065344C033f9740,0.0,0.001000009,confirmed
2025-10-24T17:56:42.075961,ethereum_tx,0xa67c4de9d6e09fee04359b1fa65fd571c53f1865280751aabb4411b95dd4b660,9481701,0x6E58AF73607e343cd5b625A1844aBA9817CAed15,0x03C66CB1826BDB0395BF31E68Bf7E873e9564fFB,0.0,0.001000009,confirmed
2025-10-24T17:56:42.075961,ethereum_tx,0x563004c84ca26556b414088b80a81f2d9cfcb4a5864fbcfbd107347a58390c26,9481701,0xaa0dff2fef2D021FF5aDE44Ff17704d59345dd1b,0x0000000000000000000000000000000000000000,1e-05,0.001000009,confirmed
2025-10-24T17:56:42.075961,ethereum_tx,0xd040fe1357dbc15c674fb9975c06ed153051e0085cc510e659de61a2833059fc,9481701,0xd714797832fccF2E071aC79278A99E46172CFB54,0x0000000000000000000000000000000000000000,1.7e-05,0.001000009,confirmed
2025-10-24T17:56:42.075961,ethereum_tx,0x003fdb34427ea68c9c033f3376861acf5dba599399175c00cfad7a3267e34f36,9481701,0x9d84f24065e86E7144175d712B30Df7eE94D4a90,0xa33216da8A8A6d6aEA6f0DB67f2a33a976aAA538,0.0,0.001000009,confirmed
2025-10-24T17:56:42.075961,ethereum_tx,0x21065c0e268058e1f60e80d514e14d9f485d678dc105c2486a05dff8e34fea3b,9481701,0x7973d7bcc0636607c0f0d788E7ae4E6544Defc64,0x03C66CB1826BDB0395BF31E68Bf7E873e9564fFB,0.0,0.001000009,confirmed
2025-10-24T17:56:42.075961,ethereum_tx,0xfa5134b3f58acdf2b0be1cfa7f167f403784e853df00d36aa50b3a6df923bd26,9481701,0x3dF0eAD39c736208635A7D243B47fcb87e380059,0x03C66CB1826BDB0395BF31E68Bf7E873e9564fFB,0.0,0.001000009,confirmed
2025-10-24T17:56:42.075961,ethereum_tx,0x6e8cc86e843034865b24bbbe609933d0412ded4696c19a518cd0425038605d7b,9481701,0x333B12caB79e9657c5178a2A67ff2C75124639dc,0x853758425e953739F5438fd6fd0Efe04A477b039,0.0001,0.001000009,confirmed
2025-10-24T17:56:42.075961,ethereum_tx,0x9ed9d6ebc576856c1aa63d42628dbf1b86a23d47b71c378f2b877463d5c6f631,9481701,0x379eDeD50A4F1F2796895619207cC5D0B54D46da,0x853758425e953739F5438fd6fd0Efe04A477b039,0.0001,0.001000009,confirmed
2025-10-24T17:56:42.075961,ethereum_tx,0x9e39cdb3094ecffb94dda8a6f103d97e230eb1c339e1c20cf31398c386fd286a,9481701,0xde555142C979A8B13337BDa97Cb5d1e378EfEF89,0xc6255a594299F1776de376d0509aB5ab875A6E3E,0.0,0.001000009,confirmed
2025-10-24T17:56:42.075961,ethereum_tx,0xb51daeb17b0a98592f1839acd64d0b516c023590a73e2fb8b2d9c699b72ad5b5,9481701,0x192a242B0d356dc8A2b5a582b0eBC369a77573A5,0x81f3843aF1FBaB046B771f0d440C04EBB2b7513F,0.1,0.001000009,confirmed
2025-10-24T17:56:42.075961,ethereum_tx,0x0228bad5dba39e597757808cde6e911f8da0c66601c41b8f324b75787d382e4a,9481702,0xE7AC36ABd7D267b611b8abbcC2B8B2659a4187eE,0xcA11bde05977b3631167028862bE2a173976CA11,0.0,3.000000009,confirmed
2025-10-24T17:56:42.075961,ethereum_tx,0x65da54a93406a0d98457a9ea6af0e1fbc309e8e5de6a84d9cb74831cbf6d8865,9481702,0x19CC7073150D9f5888f09E0e9016d2a39667df14,0xFf00000000000000000000000000000011155421,0.0,2.000000009,confirmed
2025-10-24T17:56:42.075961,ethereum_tx,0x2da82eee058b4cc532561a390c6f24a29f4c5d831d457baa7d1d7c732d6a0738,9481702,0xb11d9C4C19f8D166E6682e61312b7908667da870,0x91DACC369076e3FE987585D8AE602Aa09A3c4B56,3.7e-11,10.030943068,confirmed
2025-10-24T17:56:42.075961,ethereum_tx,0xf64f150a84e3ac120814642b8f160cad01d2cd4a580bda852d90379c9f0580c9,9481702,0x6Cc9397c3B38739daCbfaA68EaD5F5D77Ba5F455,0xA4ba9bB9A7e45B5f35235b7D668Ac4d6B8C8e65b,2.5,2.000000009,confirmed
2025-10-24T17:56:42.075961,ethereum_tx,0x63c0bedde8f1822b8b4cf0d8d89df9d8603e2f1bd0949e1944629880bd8edbf8,9481702,0x26E8897215C4F4890590e532BF6e3eadfDe8b245,0x4ea1E410e2d3C1322565f503F10fF147f8491304,0.0,2.000000009,confirmed
2025-10-24T17:56:42.075961,ethereum_tx,0xdd9457706be06a39fd15b7df4c1f350ab79d921bc5afd955ca693a5b1e4a4837,9481702,0xe7DcbF47D55D6F1beF6c29BfAD737b4bB367CD0b,0x81f3843aF1FBaB046B771f0d440C04EBB2b7513F,1e-05,1.500000009,confirmed
2025-10-24T17:56:42.075961,ethereum_tx,0x1d2824c2fe57447b3b86e45721b92952b9dc49e47f091d5df9c2511a75e2f838,9481702,0xB701cDd7B6a76De20CCB772F007FAc4714db8D1b,0x19109695083354d763B2FCcde54d0665B54f1D44,0.01,1.500000009,confirmed
2025-10-24T17:56:42.075961,ethereum_tx,0xcfa2173aaa1f6b37543dc5c90c5b7630736c77eae3dcb6919359630573dc5550,9481702,0xDAf1d8e9dF9e6eC841801d9C1f8bd926Ab04f9A2,0x4Ec41f6ba22e048B31F87e4baD9E5E8D5A033f33,0.0001,1.500000009,confirmed
2025-10-24T17:56:42.075961,ethereum_tx,0xb5b63ba167fa2032b67388fc62d374a6a1c59a5157fbb3db7664c155004aae42,9481702,0x5971f40c08F70af5e13B91029042d841e11ca27B,0xb3926deF2e0989B0700a57034C9A211bfBcF858B,0.0,1.500000009,confirmed
2025-10-24T17:56:42.075961,ethereum_tx,0xd5cd6756db15002cf30b8570670f4312ff21bdfb4dcfce53fa00d4a25f155382,9481702,0x383E61E6c059598d9394C4eE217Ba34C2be0f3FC,0xc6255a594299F1776de376d0509aB5ab875A6E3E,0.0,1.5,confirmed
2025-10-24T17:56:42.075961,ethereum_tx,0x783bebeffca37c67553215699798c1d6b815f64bbfe2a8ac766c35447a687135,9481702,0xAC346feDd3214ff200CB8DE8f8cb0BB5b3928224,0xc6255a594299F1776de376d0509aB5ab875A6E3E,0.0,1.5,confirmed
2025-10-24T17:56:42.075961,ethereum_tx,0xb8976e33b76f580dc7485ee2ff04fdc02228ae71c8f21d436054848937895ed9,9481702,0x615569320Cd8abA3a70A2F2FFe4Cfc3E053d6339,0x57c5dC670eB6f571bDD8Fc1CF178c46c9A917A74,0.0,1.5,confirmed
2025-10-24T17:56:42.075961,ethereum_tx,0xf48b637f28dfc0e559e88c7d374a1196510f2f462ebcba17e17c3b23e127b18e,9481702,0x6adbFB2d5D377612c5D3Fd9373934FbdcEaC160F,0xEbc730244E1593798D0Da570d30800449151bBcB,1.13e-05,1.5,confirmed
2025-10-24T17:56:42.075961,ethereum_tx,0xaaf687f185035efe9e39ef8ca3a8a0b27feaea041bbb5451d50fc9aa753630a2,9481702,0x1342AB509342Ce666289e5030570eaA31ab50CC0,0xc6255a594299F1776de376d0509aB5ab875A6E3E,0.0,1.5,confirmed
2025-10-24T17:56:42.075961,ethereum_tx,0x2f67ad9f95c3e5b894505dedd4410e07a7d948e63e49bf5608c5f0dd81c398bf,9481702,0x8eC9Ba90774e1E3606f84411c17A27cDA4eBeB43,0x2A4496bbC344414e3bDbE6a8E7c40EF007DAeEd1,0.0,1.5,confirmed
2025-10-24T17:56:42.075961,ethereum_tx,0x29ebf6396818a905d08c3710c3de052c6522667dc6fed29166b833aebf492c93,9481702,0xf5CdC48272D9C22625D455a4C9E9e60eB0cdde48,0xc6255a594299F1776de376d0509aB5ab875A6E3E,0.0,1.5,confirmed
2025-10-24T17:56:42.075961,ethereum_tx,0x9937136cf2055aae0cbb39ba4201f444579fa135c99bfc6a3cefd12ce1d5d0ca,9481702,0x6038C5D29d96c3f8ee219E6553C38dE08aDFFC86,0x57c5dC670eB6f571bDD8Fc1CF178c46c9A917A74,0.0,1.5,confirmed
2025-10-24T17:56:42.075961,ethereum_tx,0xe251b0fd6052f99b8eb0cbf8589c65f1819be635ae5e4f78d1c1e2a1be542349,9481702,0x15ddEA3143cf401eF39663dDA2A6FF7c5AB65c13,0x2A4496bbC344414e3bDbE6a8E7c40EF007DAeEd1,0.0,1.5,confirmed
2025-10-24T17:56:42.075961,ethereum_tx,0x1da12d595c820ef2ce2f7650cecc15c5e82692107bb9102b72f041f98adb6f3d,9481702,0xd53b2F43fFF96aBc04a3a368F3405aeaDb443CCc,0xc6255a594299F1776de376d0509aB5ab875A6E3E,0.0,1.5,confirmed
2025-10-24T17:56:42.075961,ethereum_tx,0xfe9cc97cf0ded014ce2fb54c21b70ca7143ab440d0ef79d616c131376de4466a,9481702,0x1f5c4D99Cc8CCCFd1d603757AB54dA8891227a2B,0x2A4496bbC344414e3bDbE6a8E7c40EF007DAeEd1,0.0,1.5,confirmed
2025-10-24T17:56:42.075961,ethereum_tx,0x65c681870499a8d45fafe17f5953d13ceeb687a7a00bc05033376dd32b7446cd,9481702,0x838F96368d719fD3765062A9761b1f94A65EBc6C,0xc6255a594299F1776de376d0509aB5ab875A6E3E,0.0,1.5,confirmed
2025-10-24T17:56:42.075961,ethereum_tx,0x4dd8c5ab7f6e407b4fbadaea4a99dabf77a5bfe3d545c77a154728c8d723b1fe,9481702,0xF6f1730924532779A21183AABA65A2099D06398b,0xc6255a594299F1776de376d0509aB5ab875A6E3E,0.0,1.5,confirmed
2025-10-24T17:56:42.075961,ethereum_tx,0x1ed5c863c8295dbf038cfff43f6875578415786ea855934845d508e8b34559bf,9481702,0xaC56BEED1FCa1878621091c540a3d811D1DE8Dc9,0xc6255a594299F1776de376d0509aB5ab875A6E3E,0.0,1.5,confirmed
2025-10-24T17:56:42.075961,ethereum_tx,0x410f0fb1820e34ce045cbd0811270f19f6056ba9e5a4eeb20becde9c82ba6c3a,9481702,0xD22c6c02920dD8F149182c121c08e19C4a6750C5,0xc6255a594299F1776de376d0509aB5ab875A6E3E,0.0,1.5,confirmed
2025-10-24T17:56:42.075961,ethereum_tx,0x69e317b44d6c2f9ce3cad89ddfb76d0beb7af28b409aa2b4b6936911e42120a4,9481702,0xB1bEd2E4081d86F3199B08a2aa3CE2959e9272ab,0xc6255a594299F1776de376d0509aB5ab875A6E3E,0.0,1.5,confirmed
2025-10-24T17:56:42.075961,ethereum_tx,0x8240c18432061c3139b862819ad1bc9628b3ebcb5400f49010dc007b6e23293f,9481702,0x78a6304E9dED5A9cbBBa2D85CD1E3A20e0f68193,0xc6255a594299F1776de376d0509aB5ab875A6E3E,0.0,1.5,confirmed
2025-10-24T17:56:42.075961,ethereum_tx,0x5fb73a365ecc6174bb1f8ef529a12eb9ad07da2530cb10a3c6b9cb1fbfeacb1c,9481702,0x4ECcfbCD17a99bD48Dc490eECcc9b370DdF452C0,0xc6255a594299F1776de376d0509aB5ab875A6E3E,0.0,1.5,confirmed
2025-10-24T17:56:42.075961,ethereum_tx,0x64e5ff3368cd29bc1220e79e64c72074f79804e06075afcc5982e1f7e9a35a1c,9481702,0x0907eEc7791b1497272fa9CEfCBab83f70F5194b,0xc6255a594299F1776de376d0509aB5ab875A6E3E,0.0,1.5,confirmed
2025-10-24T17:56:42.075961,ethereum_tx,0x1e5af6d59b70da9c6108981d803bb21b301eb43a5321293117fef1220e672755,9481702,0xDaeC823329018d0c52f06399Af85f618CE084A5E,0xc6255a594299F1776de376d0509aB5ab875A6E3E,0.0,1.5,confirmed
2025-10-24T17:56:42.075961,ethereum_tx,0x28012ad127e80bd9d1398f0e44fc7a7bc724211be7924c68cbe451cab9dea5f7,9481702,0x9186A66C6EBF3fEf7C3D1FD7EaDF560f6a14Ca26,0x73840dC22e0AAdE9Dac7ad255b4bb4f00f6CaC36,0.0,1.000000009,confirmed
2025-10-24T17:56:42.075961,ethereum_tx,0x0b866195597e07525a7c01be5789a50722058994f78ff10f085d3a0ae0db4e82,9481702,0x8c4a2D8B1e3cc640F30b27514EFDc859A66C737A,0x81B0c3E6CE4b9FbE96c03694b9E3B2C0C51F5d0C,0.0,1.000000009,confirmed
2025-10-24T17:56:42.075961,ethereum_tx,0xfa1dd6489447d4f4a71ad7c1a729aff05ce24f380f7be2afa3deb9fb8bd42e5b,9481702,0x001C124488545022f32c963CAFA2CEf7fCb2796F,0x5627B89Ec33CEce4D22Cf99d6C775490de31d18D,0.0,1.000000009,confirmed
2025-10-24T17:56:42.075961,ethereum_tx,0x88cfb8264560138de416c89ec868a2f5a39d0203919c75afa34ca5321c01cea3,9481702,0x48BcB4065C0D9194aDa8EDd7FB3E6d8c8C5abBBc,0xBB478d897ffF53fC09a52Dade83032c612F48c93,0.0,1.000000009,confirmed
2025-10-24T17:56:42.075961,ethereum_tx,0xb2a627d4d58218e05808a3a6e66ccb0c3e4d193b6507a0b6633e59c63f7c635d,9481702,0xA3e4785E9D4bDF3EE641D4ae405DDceCAAec59e6,0x6C0059f7C7Ee93dF05bCFDe4acbE4df8cEAe2B51,0.0,1.000000009,confirmed
2025-10-24T17:56:42.075961,ethereum_tx,0x574bc32264cbf907bade2822359b2da0c890bf4b43282453189582a86000f7ac,9481702,0xa7A272a1FF0122e4Be4Bf0Ad644f2F5343181cc8,0x80ee8D6C1C7e19ce197047C8F17c7F6c303E4850,0.0,1.000000009,confirmed
2025-10-24T17:56:42.075961,ethereum_tx,0xef0c1e92b459649c0e331f82912b43ce843e6cf3ef812dbe3eed4c90bb85d010,9481702,0xAA397907a6a1DBF181715a282C95E522B84c9375,0x38528f56a7Cd7c3688830bAe68373360b0489033,0.0,1.000000009,confirmed
2025-10-24T17:56:42.075961,ethereum_tx,0xe95edb61cefeb99301b95226fa322c818909e516b9fd6f9535ed00c2d0496787,9481702,0xa419ed8958bCf443B19b9E3a0246C5345806Fa9E,0xffFf000000000000000000000000000000002331,0.0,1.000000009,confirmed
2025-10-24T17:56:42.075961,ethereum_tx,0x6d20c18e0e2d7d70f1684627bf691f48064a92ce7a924222b1be8933a3a92f74,9481702,0xA24E06AF98029DA5120c1A93AdF260bcdB491E7b,0xC0885eEc313e31a917DFd5d6Bf33565826B93A3F,0.0,1.000000009,confirmed
2025-10-24T17:56:42.075961,ethereum_tx,0x56071c80df7aec2160e5a035a2ea2d61358697dbd00848e220215ca955056e08,9481702,0x6a2E1C4B0fb05314bBcaDbf8d2F3D7FAa7040374,0x7950Bf5f12fc6eb8f54c8b9f8685Da8236B17d05,0.0,1.000000009,confirmed
2025-10-24T17:56:42.075961,ethereum_tx,0xf8f027e49bc1fa76d9b0d893c08605728c3c38d0ffb79d3bf3981f12e9cb03c0,9481702,0xF0FEd0C0192539a1076d8BDa1233f414704d98Be,0x00D22efF04CF7d0f5A355A6D9A06E43120398dA6,0.0,1.000000009,confirmed
2025-10-24T17:56:42.075961,ethereum_tx,0xb4f8a6f74b5f6974d05a7bca6febd5df7fa8d6dcd82b4aab3fd18bcd49f92796,9481702,0x67722a1091E87D084c196cFf9B273Fa64da67E9a,0xf60F522d5613B5956563EAf06F81A88d00FBd0eC,0.0,1.000000009,confirmed
2025-10-24T17:56:42.075961,ethereum_tx,0x0224a50676b91f7b11b9bc1b1db28a50d4064decf9c7648d7b3602a1cfe9c7e5,9481702,0x5433Edc9F6490408a2D01DA6292c18Ead2AaeA6f,0x7976dFd7fB1293F61aD32c4396B89fCB65D07246,0.0,1.000000009,confirmed
2025-10-24T17:56:42.075961,ethereum_tx,0xd2c8e768a6e89e2f81b5dffc0251dfd2959c37141e5be9868b65300252271e9e,9481702,0xD1a823bF5c7DB22A2dA0cB9Cef9330930805a472,0x582D8c8675f58430581F2aEd0BE486Bf2576D8DA,0.0,1.000000009,confirmed
2025-10-24T17:56:42.075961,ethereum_tx,0x990923e4783a4c27e005ed5de8ef3199a76d0a0f3da1504e149503e6cf16525a,9481702,0xDB41c0cbFCEf2F0ff1f02Cc5E25A9C6673b4a958,0x638a7d091DeDdD8e4400324177b626167C7bEc9d,0.0,1.000000009,confirmed
2025-10-24T17:56:42.075961,ethereum_tx,0xcb03f639b2d2976b5ba980d644825c846d7a85bd62dbd19274a9877fae7f275a,9481702,0x53646D2A54dF1dcA4Ea2Ac66A6279f91C976dF56,,0.0,1.000000009,confirmed
2025-10-24T17:56:42.075961,ethereum_tx,0x1f3223d980b839b5975f6d593da9018f0a215df8f6095d30ef0c195b4a345fe3,9481702,0x0f193b940E0E1779f09c3ce34E7f01bc8E80aC6E,0xc6255a594299F1776de376d0509aB5ab875A6E3E,0.0,0.100000009,confirmed
2025-10-24T17:56:42.075961,ethereum_tx,0x33af47216201645775bfb0815255de75810d1e77a8cbce896c127231fb1a4570,9481702,0x3AdAb1aE25c2a64eD48C70F8a80a60eC63B3cb50,0xf993E10C83Fe26DddFc6cb5E82444C44201e8a9C,1e-06,0.020000009,confirmed
2025-10-24T17:56:42.075961,ethereum_tx,0x132b4516fdd62abfb7c5970e074a8212c98818cad45245b154382bb69c8343ab,9481702,0xAaf9705853caED31B6e66cB208D573fF793D2051,0xf993E10C83Fe26DddFc6cb5E82444C44201e8a9C,1e-06,0.020000009,confirmed
2025-10-24T17:56:42.075961,ethereum_tx,0x68a452ca2d17e2afa33e8a57037fe6dfa7e045c8d469478dfd2bbe20eaabcb3f,9481702,0x84194bee29d9537dd381C0DDa4d060f87fdDf9cC,0xf993E10C83Fe26DddFc6cb5E82444C44201e8a9C,1e-06,0.020000009,confirmed
2025-10-24T17:56:42.075961,ethereum_tx,0x1a64a2dbec03f696695b5d9a97d72c65b9b214ddf1fa51bdfe2dbdce7820d717,9481702,0x16283Cb128DAc2231ab91E1e73cf29750e76CbbD,0xf993E10C83Fe26DddFc6cb5E82444C44201e8a9C,1e-06,0.020000009,confirmed
2025-10-24T17:56:42.075961,ethereum_tx,0x204a7dd520b2b4ad36aa3b17d74f44f389feef528fbbf46e31b366fe98937a1c,9481702,0x4BA56bDa2009816e260921970041d6Eb005D7272,0xC764A997C86dC22B50Eb637626e3f46bfd82534A,0.0,0.001500014,confirmed
2025-10-24T17:56:42.075961,ethereum_tx,0xaf2c819224e800c8b27cb88c4ee277292350d5a84d53ba170c12a1695ac5a233,9481702,0x9532A8CBF53619BF5E4df9620663E24ADC8a8eF3,0x87A3effB84CBE1E4caB6Ab430139eC41d156D55A,0.0,0.001500013,confirmed
2025-10-24T17:56:42.075961,ethereum_tx,0x696fbe16c238914c5f6abd5594d28ae8e251caa7e1ed5273e439f035dd6a08b2,9481702,0xf4142145891C74FD7411a2240185f9f4112e8465,0x956962C34687A954e611A83619ABaA37Ce6bC78A,2.753067336636e-06,0.001500013,confirmed
2025-10-24T17:56:42.075961,ethereum_tx,0xd6368321caefcf09fecfc936db2dadcfa99893ae096cf48e5c95a846620f670c,9481702,0x049eB87f86292c00B2929d55f73b062Bf591C77F,0x956962C34687A954e611A83619ABaA37Ce6bC78A,2.8779307391981e-05,0.001500013,confirmed
2025-10-24T17:56:42.075961,ethereum_tx,0x845606ec4ddadc354591fcb4e034174bc4436e3bb46dffcc5c99c92a623233d8,9481702,0x056A1275DD670205aba10D8fC9bB597777a65030,0xd0dbB2486e3Fbf371D1B2e35Fa330bef6529d2f4,0.0,0.0015,confirmed
2025-10-24T17:56:42.075961,ethereum_tx,0xc1c862bbd06eb86dee0d71c8c2e351ddaee5c6c4e0d5288d4b4e22c5e70a7d9b,9481702,0x860235D5Db42eF568665900BBD6bA3DB2fA4f33f,0xd0dbB2486e3Fbf371D1B2e35Fa330bef6529d2f4,0.0,0.0015,confirmed
2025-10-24T17:56:42.075961,ethereum_tx,0x045517bbac0bd54769cbf20b9ff50396c906cd65a3ad5d480e6ada57564acc57,9481702,0x6426f052F73276D1F39dA0F81722cc63bC2C9bf3,0x7015517B413984185E8c0793B8756Ad5128aEF4C,0.0,0.0015,confirmed
2025-10-24T17:56:42.075961,ethereum_tx,0x8e6de7cb93d2dd0252d3bdad2b02bbb4ea003d8c0768544ca718096f4a08d390,9481702,0x27A88B8846882507bab868974805339d4c438667,0xA73aFb610aC79A729A393D679029fCf9618854AD,0.0,0.0015,confirmed
2025-10-24T17:56:42.075961,ethereum_tx,0x4a8e2d76ad663da0435d108a8f4a7181bc22d44282cacde9bc9f4e26e427285c,9481702,0xCD987Ef97390A4f5436f82196054A0E95d5A0a68,0x9f54e6A87429E7bB2fe7B9f0ACCA3A31560FF198,0.0,0.001400012,confirmed
2025-10-24T17:56:42.075961,ethereum_tx,0x49913a8581e3e271e8f64ed11f8bb53c315348ba7feaf0cb2aea01df29633414,9481702,0x6d7927C0D236388319864007681BC0C6b844Def8,0x12e1181a741b70BE6A9D81f85af3E92B6ba41897,0.0,0.001300011,confirmed
2025-10-24T17:56:42.075961,ethereum_tx,0xcf0a1ad0e660816c4cecd86e4a7ede28dda5f1a5e856d0ed599c7e3f75ea8215,9481702,0x1407a423FFaBcBC6ceEb0bbDf4cd093c860a3F62,0xFf731AB7b3653dc66878DC77E851D174f472d137,0.0,0.001250011,confirmed
2025-10-24T17:56:42.075961,ethereum_tx,0xfc641c05de18864a1d3be01c77e85c8173c4396765314aa2fdd6c622686fd25d,9481702,0xd25DB2Ff2263A31b192EE117eB83E7792C01d58f,0x956962C34687A954e611A83619ABaA37Ce6bC78A,0.000214,0.001200011,confirmed
2025-10-24T17:56:42.075961,ethereum_tx,0xc8b21a766d4706bb21c7acbfc6201169161db4ea7fbcee41e8e5c85aa69abbfa,9481702,0x65141CA3329DA9A83458017474b5Bc62097Cf24f,0x69C6b28Fdc74618817fa380De29a653060e14009,1e-18,0.001200009,confirmed
2025-10-24T17:56:42.075961,ethereum_tx,0x912861b1b7b1b271e60b9843ac83e8dceb780c3e501c77b3c79d97b019791915,9481702,0xb3a1956Cff1ecc8054B81b0C83b9847CB71384b8,0xCf8EDB3333Fae73b23f689229F4De6Ac95d1f707,0.0,0.001154879,confirmed
2025-10-24T17:56:42.075961,ethereum_tx,0x09687f542a022f3929eaf7b0d03312c9c372a0443ab0c8b2f77efac408cba139,9481702,0x42e494F4138A24BE3936C45882f7c8CE28cDC98D,0x7215691F60C4fA7Bb82c5Ac44c7d57dc32bB0493,0.0,0.001052641,confirmed
2025-10-24T17:56:42.075961,ethereum_tx,0x01874731114a39c93b183b2da12495e4bbaa6c1f4e230e0b46db439dfec9c832,9481702,0x3Da763C42E438eB17880fB6A83040d6cf13eF03b,0xFf00000000000000000000000000000000042069,0.0,0.001046928,confirmed
2025-10-24T17:56:42.075961,ethereum_tx,0x66888b4e2e56fffdfeba88c9b5e5e9a2e812d172c1f0b91affe2c9a5351bbd32,9481702,0x3Da763C42E438eB17880fB6A83040d6cf13eF03b,0xFf00000000000000000000000000000000042069,0.0,0.001096928,confirmed
2025-10-24T17:56:42.075961,ethereum_tx,0x12dd2b56236035811de36c07f340834a25091e0cb2efa93ef6a8e5bd8534624f,9481702,0x631E9B031b16b18172a2B9D66C3668A68a668d20,0xC4d1950c4BAEd4844175c0aec650D0702dF8d3cd,0.1,0.001000009,confirmed
2025-10-24T17:56:42.075961,ethereum_tx,0x33dc8d8deeb95db87d63c30070615856e9e98a5d12243fc6fdd3fba7519f1382,9481702,0xaa0dff2fef2D021FF5aDE44Ff17704d59345dd1b,0x0000000000000000000000000000000000000000,1e-05,0.001000009,confirmed
2025-10-24T17:56:42.075961,ethereum_tx,0x216c7d9ed3f944ae36fe3f218fd8f76268be7dcba0aeb007eecb236ed534ef39,9481702,0x49E8d6086D2029C4334188571bf5b22597d596c4,0x49E8d6086D2029C4334188571bf5b22597d596c4,0.0001,0.001000009,confirmed
2025-10-24T17:56:42.075961,ethereum_tx,0x2a0276caba75ae5af7e025f9ffff5deebcafa3c90b8fd5b4cdf337dc34aff915,9481702,0xAd9fDaD276AB1A430fD03177A07350CD7C61E897,0x7Ef7dF0F64A2591fd5bE9c1E88728e59CB5D362B,0.0,0.001000009,confirmed
2025-10-24T17:56:42.075961,ethereum_tx,0x07f2d96a634e71299c0f38337149b25dfb42cbcd90d06c6bd1e25e1c25e02fc0,9481702,0x9F76FD72398BEe0f2d30cBF95b2c096b941469DD,0x03C66CB1826BDB0395BF31E68Bf7E873e9564fFB,0.0,0.001000009,confirmed
2025-10-24T17:56:42.075961,ethereum_tx,0x96cff4751125fef2317fe29e5afbf578b63534eb94834b94c45845ae8f62dc12,9481702,0x07e38d3440B2c13839DbEffF93D4E0B6287f2af5,0x03C66CB1826BDB0395BF31E68Bf7E873e9564fFB,0.0,0.001000009,confirmed
2025-10-24T17:56:42.075961,ethereum_tx,0x079829c91da20a7de248746e57fb2032e563a3e71130ef5a7884fc084d1f81ef,9481702,0x42EbC080BC3FCC96e85485b11581D9949070A7a1,0x03C66CB1826BDB0395BF31E68Bf7E873e9564fFB,0.0,0.001000009,confirmed
2025-10-24T17:56:42.075961,ethereum_tx,0x407e98ae6ac9e50b84b0ab8b572438d4a27ed3df98a96ef481f4485ce6559d14,9481702,0x1E8056Cf6086BC774266b451Cf94A6d9baFC41c7,0x03C66CB1826BDB0395BF31E68Bf7E873e9564fFB,0.0,0.001000009,confirmed
2025-10-24T17:56:42.075961,ethereum_tx,0x67a3b33c5ab9565a508b172e9dece42886f5ac4b2447514a8cf233481e9597f4,9481702,0x6aA695867B020627741063561058Ce24180080d8,0x03C66CB1826BDB0395BF31E68Bf7E873e9564fFB,0.0,0.001000009,confirmed
2025-10-24T17:56:42.075961,ethereum_tx,0xe61f7fa4e3ba04a8b1aab58b745c7e84b4e58f6479384a9cd8c3f6705ea90ad8,9481702,0x1fFD7C562335D06D5439E40Ca3d5c04a708B63A5,0xEA0A0f1EfB1088F4ff0Def03741Cb2C64F89361E,0.0,0.001000009,confirmed
2025-10-24T17:56:42.075961,ethereum_tx,0x9d24a5f675074114cf1aa8408ea194f54280f91e52372f3e2bd8a154b5e19169,9481702,0x39670d7b2dE6a9dE9cBBD564E585319aE13c98D2,0x03C66CB1826BDB0395BF31E68Bf7E873e9564fFB,0.0,0.001000009,confirmed
2025-10-24T17:56:42.075961,ethereum_tx,0x41ab4d0109aa8a8cacfaa1460153a3c6e09adcc4e61ac9df504ecb3d864c11fc,9481702,0xb6d25fa232e50EE2fCf3a40DAFCAfe5Fff1Fd9A9,0x87A3effB84CBE1E4caB6Ab430139eC41d156D55A,0.0,0.001000009,confirmed
2025-10-24T17:56:42.075961,ethereum_tx,0xe983d93ff8556bd0fa3554ec2abab882e009ed87982546c55e8b6c272a07bc4b,9481702,0x2DD1FAcb6C876C6F04e5aE54B6f2C242CaCB4cC9,0xc6255a594299F1776de376d0509aB5ab875A6E3E,0.0,0.001000009,confirmed
2025-10-24T17:56:42.075961,ethereum_tx,0xc5d086976aa94048699d05c90adc8de2b082697d1b0e237d90c27940ca344296,9481702,0x4c35ABD9e3A3E7f757b0305780F3DFFB08c615F4,0x853758425e953739F5438fd6fd0Efe04A477b039,0.0001,0.001000009,confirmed
2025-10-24T17:56:42.075961,ethereum_tx,0x666001163bacb5c1a0ccc47869e4bd0e7c81d3178e58b8f3eb8d49e0bc708ee7,9481702,0x3467d588C14B269847bFBf7fDb8643BBd85626e1,0x853758425e953739F5438fd6fd0Efe04A477b039,0.0001,0.001000009,confirmed
2025-10-24T17:56:42.075961,ethereum_tx,0x592a783c6e781d82b9906296bf48dd9ed1e2947fd625c95123044c329c52dad4,9481702,0x1C9F725bCa5665C9D0C676e88Ec23f47C83DacD1,0x853758425e953739F5438fd6fd0Efe04A477b039,0.0001,0.001000009,confirmed
2025-10-24T17:56:42.075961,ethereum_tx,0x388f4ab28a47649a133580c3d531c9c67d0affd9befac0071178184f33e26b2a,9481702,0x5d72984B2e1170EAA0DA4BC22B25C87729C5EBB3,0xd4116f515A6958da851080B390DDE4B81f408978,0.0,0.001000001,confirmed
2025-10-24T17:56:42.075961,ethereum_tx,0x4bc3c9116173311a63b6d101d00c2493c29a1c68ea62040f2270e843c48c8cc9,9481702,0x6d95AbF89c16Bb1682DEa4b31C85e311D569567e,0xEa1499503adDDC74Fc284a5707D29bCAc8cd48ca,0.0,0.001,confirmed
2025-10-24T17:56:42.075961,ethereum_tx,0xf9b5347898b54e6272d4341222cb63af7974d05597ad764d5fe1d02af2adedce,9481702,0xfd0b05a032c8a1905De98316d2A7334AE8c37479,0x03C66CB1826BDB0395BF31E68Bf7E873e9564fFB,0.0,0.001,confirmed
2025-10-24T17:56:42.075961,ethereum_tx,0xa0a1aae2b00e45d80cc0aee3cfd5ca1ec39a0cc3c001ac7b66909ab69361cc14,9481702,0x2A13856c1d95902b00a455B882455a15f3A974BA,0x03C66CB1826BDB0395BF31E68Bf7E873e9564fFB,0.0,0.001,confirmed
2025-10-24T17:56:42.075961,ethereum_tx,0x758dba30c0450da85acd788bc857e849c0a7d1e32915f16469b87c1b305b1069,9481702,0x230931F29Fb25eF0A19B2F1CcC42D03c1F561AEA,0x03C66CB1826BDB0395BF31E68Bf7E873e9564fFB,0.0,0.001,confirmed
2025-10-24T17:56:42.075961,ethereum_tx,0xcd3b9b7c69cce6dce20c7929e38e3329ecdc26a28953e537c5016e35e9be56ed,9481702,0x008a4db48E4f2B18FB0E98Bf237D514A815aB9bd,0x03C66CB1826BDB0395BF31E68Bf7E873e9564fFB,0.0,0.001,confirmed
2025-10-24T17:56:42.075961,ethereum_tx,0x5f427b0550c5860705dff57cf8a1f2f9363a11d06142c83269185a038d104f54,9481702,0xbFB449f6A5280856E5206E038e009D2330aF47Dd,0x03C66CB1826BDB0395BF31E68Bf7E873e9564fFB,0.0,0.001,confirmed
2025-10-24T17:56:42.075961,ethereum_tx,0xb6bbe0af06000fd7252fa7b77f034a766984add3572eacb10574f5204c370743,9481702,0xf7A702Dd5aDe7b904ae5b2940f7E67b22C55e365,0x03C66CB1826BDB0395BF31E68Bf7E873e9564fFB,0.0,0.001,confirmed
2025-10-24T17:56:42.075961,ethereum_tx,0xbc43f281bfa1378a4cbfd162a759621b2d2efc57049356734b88540fb3920107,9481702,0x66DEc019Ea6310594CEc81c1EcbB11dbb720A320,0x03C66CB1826BDB0395BF31E68Bf7E873e9564fFB,0.0,0.001,confirmed
2025-10-24T17:56:42.075961,ethereum_tx,0xdd32b0f099fc5d2c74f2b41290456ca0b77289f251c76a9073a0ad5e1e91c701,9481702,0xF7D83B59F6A88E7eaae94C55eaF363AE52c53089,0x03C66CB1826BDB0395BF31E68Bf7E873e9564fFB,0.0,0.001,confirmed
2025-10-24T17:56:42.075961,ethereum_tx,0xa6527dc76e8f873933748c432400cc3ba10f11555372b7ae8bafade5790bcc27,9481702,0xCE2b9D9c95028D40c57aa7F2421E93BaB1f7c9c6,0x03C66CB1826BDB0395BF31E68Bf7E873e9564fFB,0.0,0.001,confirmed
2025-10-24T17:56:42.075961,ethereum_tx,0xfeb655b23853ab975aebed277e3ba868293dd70065c62e5205feba12b7d859b9,9481702,0x905c16e089Ccc473d5bd41DDC4960a68D0D0908E,0x5db59B2B117c69849F9F5d438ED13a8D620dc656,1.35e-06,0.001,confirmed
2025-10-24T17:56:42.075961,ethereum_tx,0x893aa7c0728d41d594df1194db4f32c9ac19ab19d890b3ba0f141485172da442,9481702,0xc53214359Bfc691803BE034fBD4c4eB8e4b8A401,0x03C66CB1826BDB0395BF31E68Bf7E873e9564fFB,0.0,0.001,confirmed
2025-10-24T17:56:42.075961,ethereum_tx,0x53cbf976ef9545268be6709b9aad3acda10aba9a11385dbf9e24a50b12bda87d,9481702,0x923a4219d673abd191b2b44E62b19a44434C73eb,0x03C66CB1826BDB0395BF31E68Bf7E873e9564fFB,0.0,0.001,confirmed
2025-10-24T17:56:42.075961,ethereum_tx,0x3b55fca1b4d4c1521aac3702a2ab3b119d645f28b388f2c466bbbe14b1edee5d,9481702,0x0a160A688D57a7B12ed2Fc1594FbA908943FCDce,0x03C66CB1826BDB0395BF31E68Bf7E873e9564fFB,0.0,0.001,confirmed
2025-10-24T17:56:42.075961,ethereum_tx,0x640600e30ab33e25c2611bd37ae507f37b307c4d832037c9e5ea3579592b2cb5,9481702,0x29EE34B5ecfD460061fab4eD8615759b18258E84,0x03C66CB1826BDB0395BF31E68Bf7E873e9564fFB,0.0,0.001,confirmed
2025-10-24T17:56:42.075961,ethereum_tx,0x3b52ba0021b6cf963f8fb719ab2a10cf54a180774c29654c71abfa43fca1d73d,9481702,0x65a336A5D71ABa45907bEff9911497449FcdAe4b,0x03C66CB1826BDB0395BF31E68Bf7E873e9564fFB,0.0,0.001,confirmed
2025-10-24T17:56:42.075961,ethereum_tx,0x387a7ee425e7913f2f7295dfb5ef38a0d3b6ff1b88e97ed5e6e09abda39f7355,9481702,0xA301A597273dC065E08bd3bA3AF3969D61BE844C,0x03C66CB1826BDB0395BF31E68Bf7E873e9564fFB,0.0,0.001,confirmed
2025-10-24T17:56:42.075961,ethereum_tx,0xb18609a93abc1776105b8fbd6d51c6b59a9b56724e99eb567f67c8938ad15c15,9481702,0xFa25B179abb6dd999F724359554CB1a553b8d9Bc,0x03C66CB1826BDB0395BF31E68Bf7E873e9564fFB,0.0,0.001,confirmed
2025-10-24T17:56:42.075961,ethereum_tx,0x6b307efa950cdad4a205e26df323ff358abf96e2a1f61f031db748ee611f04d2,9481702,0x3BfB93D0Da55AF5dB4274f5AD10c561Ce81ceD22,0xF34DD5933E17629351D68A72cf4761a43eb2a254,1.09e-06,0.001,confirmed
2025-10-24T17:56:42.075961,ethereum_tx,0x33adeec1e3cc119a26bf37f69986288c226ee9d718915d292f642ac67e279dc2,9481702,0xeA677E3Bb84a3FF1294f353a32B4d4Ef5393a2B5,0xfFAEF09B3cd11D9b20d1a19bECca54EEC2884766,0.0,0.001,confirmed
2025-10-24T17:56:42.075961,ethereum_tx,0x3436f4122aedcc0996787c881ed16602b24fe08a77b04ef6671c68802acea609,9481702,0x9ca7466C3ECB2F9464ecE192FB11dED0264A5990,0x03C66CB1826BDB0395BF31E68Bf7E873e9564fFB,0.0,0.001,confirmed
2025-10-24T17:56:42.075961,ethereum_tx,0xa616d4f401942a336200a9ec91a80ba38a441f877c8c1107d95b0777cb67d513,9481702,0xE330fBbCC6bFbCCb4c664896ec14b2A6eC14C773,0x03C66CB1826BDB0395BF31E68Bf7E873e9564fFB,0.0,0.001,confirmed
2025-10-24T17:56:42.075961,ethereum_tx,0x1d8fb2b6232bb996b9f65b8de349fa2f44b508d2bb5ce813ac34cdcbe04fcd8a,9481702,0xcD12Ed9b63603bc9685Cda552c0156d9b297b41F,0x87A3effB84CBE1E4caB6Ab430139eC41d156D55A,0.0,0.001,confirmed
2025-10-24T17:56:42.075961,ethereum_tx,0xad2b0bf33973114c145c01a7bcdd158f300d3d740ae86b5fd74e251866925d6f,9481702,0x7F3D8a894070b283364483FA1cc20783A4275494,0x03C66CB1826BDB0395BF31E68Bf7E873e9564fFB,0.0,0.001,confirmed
2025-10-24T17:56:42.075961,ethereum_tx,0x0331bce2bcaf1c4855ed379d282f789f789b110a518820bd3bc2582de0eb43b9,9481702,0x5Fb5139834DF283b6A4BD7267952f3Ea21A573f4,0xFFEEDDCcBbAA0000000000000000000000000000,0.0,0.001,confirmed
2025-10-24T17:56:42.075961,ethereum_tx,0xbeb0c84a835350a08d862638fe5210f2e5fde49ce5d539ce64862c4b483423a1,9481702,0x229a7aaDAbD4c0585955f1aD56E05C598749c590,0x03C66CB1826BDB0395BF31E68Bf7E873e9564fFB,0.0,0.001,confirmed
2025-10-24T17:56:42.075961,ethereum_tx,0x85c587ecea39e0de0f64fc75e7aa9c66111dfefbfbde6722a22b3c2c3f1301dc,9481702,0xeC077EEedFd12371000a978B8E8aFb4913a54903,0x03C66CB1826BDB0395BF31E68Bf7E873e9564fFB,0.0,0.001,confirmed
2025-10-24T17:56:42.075961,ethereum_tx,0x57d9be9475d7483da7d1f3fab779203e445f2ef3724de565312dc65a0e56f076,9481702,0x77fB0454C033a6320f09351c62b7b5a8b753f945,0x03C66CB1826BDB0395BF31E68Bf7E873e9564fFB,0.0,0.001,confirmed
2025-10-24T17:56:42.075961,ethereum_tx,0xf9745cc381b06afbb942551b3b5f7f457454f3d306a74336f53db438b91f6d18,9481702,0xFADED7EAB0c1FF60CbFD5bE8255557d52A89CaE2,0xF0111EdE031a4377C34A4AD900f1E633E41055Dc,0.0,0.001,confirmed
2025-10-24T17:56:42.075961,ethereum_tx,0xa3875237666fe66b1d0eafe6545ae780b99890126bd5f022d79620b162872473,9481702,0xe497c1882d2fC664a2ba93C774363eA14F211d90,0xc807aa9514993745Cf7C35dDeB3eAdE5Af1e7B2C,0.001,0.001,confirmed
2025-10-24T17:56:42.075961,ethereum_tx,0xbeec2122e1f3431dfcac11b5d73a3c5c55e3279ff5cb905e34d1272d5217d388,9481702,0xe497c1882d2fC664a2ba93C774363eA14F211d90,0xc807aa9514993745Cf7C35dDeB3eAdE5Af1e7B2C,0.001,0.001,confirmed
2025-10-24T17:56:42.075961,ethereum_tx,0x25d0a4e0db421fc46eeba8461d57b50517c151ed3f25dfad506e7ded98f4c277,9481702,0xF4781425165Ad555F3869A71ED0Aa975873B0Df0,0x08d2b0a37F869FF76BACB5Bab3278E26ab7067B7,2e-05,0.001,confirmed
2025-10-24T17:56:42.075961,ethereum_tx,0xef9c110e92bbd4ffbc434a27d947bb5c4874de5831a87a6b292d116cc30b2161,9481702,0x969cB52721b6f30F78db7e9b9e1Fc97162b83D01,0x08d2b0a37F869FF76BACB5Bab3278E26ab7067B7,2e-05,0.001,confirmed
2025-10-24T17:56:42.075961,ethereum_tx,0xa3bfcd5fe9fee0e3ebd10456ca83d30be6a749ff08d7f5f4af6e7564c5f90e0e,9481702,0x0B0e2673A1CE96a115c2c53e1304eD4640294856,0x08d2b0a37F869FF76BACB5Bab3278E26ab7067B7,4e-05,0.001,confirmed
2025-10-24T17:56:42.075961,ethereum_tx,0xd5b28b2b0f7546c200b425f9d654f960559d52563520119caed838ac5206943d,9481702,0x169cbEd25f1eA09079A320E3e86270B8FDAB612A,0x08d2b0a37F869FF76BACB5Bab3278E26ab7067B7,4.82e-05,0.001,confirmed
2025-10-24T17:56:42.075961,ethereum_tx,0x88e4bbab71a48b25ef8a683d11456bb4a0456603569ead4351ad8d8161ef01a7,9481702,0x169cbEd25f1eA09079A320E3e86270B8FDAB612A,0x08d2b0a37F869FF76BACB5Bab3278E26ab7067B7,2.22e-05,0.001000009,confirmed
2025-10-24T17:56:42.075961,ethereum_tx,0x387cfb0f3720e1af0bd134fdd41cd67d028f7a8eebb5f7eb74ff21a977c2b3b1,9481702,0x969cB52721b6f30F78db7e9b9e1Fc97162b83D01,0x08d2b0a37F869FF76BACB5Bab3278E26ab7067B7,3e-05,0.001,confirmed
2025-10-24T17:56:42.075961,ethereum_tx,0x69b1e62604329b3fff857bcd37776ce801e7f9b7cba9f8cefdb4182d306acbc7,9481702,0x969cB52721b6f30F78db7e9b9e1Fc97162b83D01,0x08d2b0a37F869FF76BACB5Bab3278E26ab7067B7,4e-05,0.001000009,confirmed
2025-10-24T17:56:42.075961,ethereum_tx,0x3f6beb14617ce4f8ba3f2187b8a969dba3bfe1e23039ab9f7134d8eb63d23f96,9481702,0x969cB52721b6f30F78db7e9b9e1Fc97162b83D01,0x08d2b0a37F869FF76BACB5Bab3278E26ab7067B7,5e-05,0.001000009,confirmed
2025-10-24T17:56:42.075961,ethereum_tx,0x2415fd68c331f6751b0e74561b399cb1449e94258cc84c9eb742ce6e0fa38d63,9481702,0x969cB52721b6f30F78db7e9b9e1Fc97162b83D01,0x08d2b0a37F869FF76BACB5Bab3278E26ab7067B7,6e-05,0.001000009,confirmed
2025-10-24T17:56:42.075961,ethereum_tx,0x71794e4b1e144685d2570278ee8279bb4b4d987b38bb4d4432745e86d4a072b3,9481702,0x311Fd929c00DBF325a30879cffF5167cf20e626a,0x956962C34687A954e611A83619ABaA37Ce6bC78A,0.0001,0.001,confirmed
2025-10-24T17:56:42.075961,ethereum_tx,0xae6bad927059f57302a4b26440ced55df55abc27615fe5d74150698af0f1e8a4,9481702,0x369fbf121668CE13D47A6B1B7c80decdDE711dE5,0x956962C34687A954e611A83619ABaA37Ce6bC78A,1e-07,0.001,confirmed
2025-10-24T17:56:42.075961,ethereum_tx,0x8b540437277f2b637fabe038e079000fb786538e6e7a2b6b17eb20ebe186ad47,9481702,0xd57BF2C627cE7a928319E1e89c400c5A076326D5,0x956962C34687A954e611A83619ABaA37Ce6bC78A,0.0001,0.001,confirmed
2025-10-24T17:56:42.075961,ethereum_tx,0x468d5e70f09ae0ae2925d0ffab5e3979bdf885a2cb3caa00d82d98c56df93805,9481702,0xC1164c5783FB4Ad193AA0292A98A2217b687ece6,0x956962C34687A954e611A83619ABaA37Ce6bC78A,1e-05,0.001,confirmed
2025-10-24T17:56:42.075961,ethereum_tx,0x5d31f4d9274498850b336e0b75b8a52895cd639c05c7211e06c9fa7d6bb79b6b,9481702,0xceaC05CE0068B7aC96968839eBA306501272Bb92,0x956962C34687A954e611A83619ABaA37Ce6bC78A,1e-05,0.001,confirmed
2025-10-24T17:56:42.075961,ethereum_tx,0x8499bbd4ee3d2e0864cf9fc90368a5b898806bee34e03a1526f4b09028c87291,9481702,0x7f132C78348c1e5a6b1E271bDf247092aFF9188f,0x956962C34687A954e611A83619ABaA37Ce6bC78A,1e-05,0.001,confirmed
2025-10-24T17:56:42.075961,ethereum_tx,0x4e505d1f6566e3287eaed0c57702ce65cefc92e8188ff931a8110826bd1385b1,9481702,0xA8f960655D046BF4a248Ef81632A2e3930547717,0x853758425e953739F5438fd6fd0Efe04A477b039,0.0001,0.001,confirmed
2025-10-24T17:56:42.075961,ethereum_tx,0x605518c63bce3bb611f5b3400dd06b3692a34ec6726ed2e5acd516755ce6704e,9481702,0x13e6009357AF52E7D564b5914aa97719C8304A28,0x956962C34687A954e611A83619ABaA37Ce6bC78A,1e-05,0.001,confirmed
2025-10-24T17:56:42.075961,ethereum_tx,0x35cbf556b66646b4e48172615dace419e799269e61a907dff93852f9faeee548,9481702,0xE6B56B6568DA6fCE6da13825F2b2E3a3C2BC3fD0,0x853758425e953739F5438fd6fd0Efe04A477b039,0.0001,0.001,confirmed
2025-10-24T17:56:42.075961,ethereum_tx,0x3205cb5af7af1fbf8826bc1437e2ac8d37c6e003cdd9b68eb86f9f9c95576296,9481702,0x9C8FaA60ac71ad698FA1E9ba77C7F409eF4834cf,0x956962C34687A954e611A83619ABaA37Ce6bC78A,0.000132,0.001,confirmed
2025-10-24T17:56:42.075961,ethereum_tx,0xe9efa13f81450b78b24c0f5a267a365b5d50dbcc1ffe635e625bd431ee82e89a,9481702,0x243723B1dd3d346AC1760E84FC3c8a55BBF4845d,0x956962C34687A954e611A83619ABaA37Ce6bC78A,1e-06,0.001,confirmed
2025-10-24T17:56:42.075961,ethereum_tx,0x0bd918245c4ba62e223bb1655bbfdca8a21988f12ef0b1eb967f0a69bd8f7f54,9481702,0x1F8A262E5A472191842c8B7dd1c312D85f7E6bA3,0x956962C34687A954e611A83619ABaA37Ce6bC78A,1e-07,0.001,confirmed
2025-10-24T17:56:42.075961,ethereum_tx,0xb2e36598c87ae1f91bd5502172fc5aacbde3fa5954cff177f1f346af86ddf5b7,9481702,0xc520ac866fEAf93e0Efb5d50978dB6A9C28286cc,0x956962C34687A954e611A83619ABaA37Ce6bC78A,1e-06,0.001,confirmed
2025-10-24T17:56:42.075961,ethereum_tx,0xd6be1becf97d40f00bc61343535dcc20fb55b8f3043dd4fe6a7e81040d196c46,9481702,0xF8AB8193475Ee88eAA793F9974F913339a07b6c2,0x956962C34687A954e611A83619ABaA37Ce6bC78A,1e-07,0.001,confirmed
2025-10-24T17:56:42.075961,ethereum_tx,0x6e7bbd17eaa5dfdf7528236127fa4c10194d68e340485432e4b68f90d9e48170,9481702,0x310Ea47654aBd6c530635fA69741ca030Cd473A5,0xcF289Aa3e5e881E9ED8B9A260019f17BE2415d2a,2.01e-06,0.001,confirmed
2025-10-24T17:56:42.075961,ethereum_tx,0xe9a3ed655b91e30a17bd41c9a128796e54decf3ac3fec4b7bf29da3c7a0c8249,9481702,0x4762AF5868dCb9c59B3F8cA8d701C603c1E6BA3F,0x956962C34687A954e611A83619ABaA37Ce6bC78A,1e-07,0.001,confirmed
2025-10-24T17:56:42.075961,ethereum_tx,0x041b7768d78093f7631e470d15db64e75b7023ff7c374ee6adb1fe0ee1db3b69,9481702,0x99CbF2D9e16F5692E2F7528057Eb9cfb5669C97e,0x956962C34687A954e611A83619ABaA37Ce6bC78A,0.0002,0.001,confirmed
2025-10-24T17:56:42.075961,ethereum_tx,0xea9988f833cbaddbba8b79a1d102e28a152b395675eeab0a8493eff43a11a3a7,9481702,0x993B323684463C683dd11ffCA3063B7f9439be8d,0x956962C34687A954e611A83619ABaA37Ce6bC78A,3e-06,0.001,confirmed
2025-10-24T17:56:42.075961,ethereum_tx,0xf56b45361831ce42f293b78e6045943794376ad9c207fea2c14f18a36f4fd7a0,9481702,0x8c30d0B179Ef27F4fC438004E3ffe99C56A279C5,0x956962C34687A954e611A83619ABaA37Ce6bC78A,0.0001,0.001,confirmed
2025-10-24T17:56:42.075961,ethereum_tx,0x42259d996e6e46927998a46b56245c4dd92922d16277fe35c989becd90e229a3,9481702,0x41b9010cf5E134D432483BB08EA5a85bdbAf2FAD,0x956962C34687A954e611A83619ABaA37Ce6bC78A,1e-06,0.001,confirmed
2025-10-24T17:56:42.075961,ethereum_tx,0x0fe3bb943e7c584b35aee2bc37175e0155ceae0e067dbaf62aea51ba804476a7,9481702,0x3147f2B54f644d58360c70FCA54826d0dd36f0aD,0x956962C34687A954e611A83619ABaA37Ce6bC78A,0.0001,0.001,confirmed
2025-10-24T17:56:42.075961,ethereum_tx,0xb88810f2e7a91127e7bf6c31f3ec82c39b5c5e0dd67675876c3123554225bfd5,9481702,0x2369F7E8E3d83cc0F8De7d90DDB2EE7Cdfd0b248,0x956962C34687A954e611A83619ABaA37Ce6bC78A,1e-06,0.001,confirmed
2025-10-24T17:56:42.075961,ethereum_tx,0x7a9cd00fa338444c28c3b4669c0706e9e8e0e9ca097c8caf7fb8b2bf7737b868,9481702,0xae1e2D6e677893daFFcC7aC140694Ee91CB4Aab1,0x956962C34687A954e611A83619ABaA37Ce6bC78A,1e-06,0.001,confirmed
2025-10-24T17:56:42.075961,ethereum_tx,0x487f82fea0b1250233aab7fc22da94fbd784f8176703b1c3afe4c1ded8def82a,9481702,0x2CDB7fD9e5904a366d19B6A6945c833261780BD5,0x87A3effB84CBE1E4caB6Ab430139eC41d156D55A,0.0,0.001,confirmed
2025-10-24T17:56:42.075961,ethereum_tx,0xcd1a74269eb4274846cdfedaabc62c63f6dba73acbc60e6acdd599edd283f32b,9481702,0x6d50EDC485a5c5C8E57e45994de1C8f8A11A7cee,0x19d180bc50198A622C62AcDbeD7eC6B415DCF415,1.2e-05,0.001,confirmed
2025-10-24T17:56:42.075961,ethereum_tx,0x78923e0de071173dbc6db9254b58fe7fbf928c6a95035eaa20e10090a71af94c,9481702,0x898cEd29651DE1B61c7E1e0B008A15755999BA07,0x329689c2926216b15973bDd2c00561E80E6418A1,0.001,0.001,confirmed
2025-10-24T17:56:42.075961,ethereum_tx,0x4139d7324d4a8eb062f6008a18642767302aaa662c784e272385a337339ec4fd,9481702,0x8E1707233D91Ad65CC7059F4ca021866aF6986C4,0x853758425e953739F5438fd6fd0Efe04A477b039,0.0001,0.001,confirmed
2025-10-24T17:56:42.075961,ethereum_tx,0x687e2a180a152713250da300399671faef9a0063af9362c42c451843571faacb,9481702,0xaf1F4C454d2571758C08bE5C336c3eFf998aC754,0x956962C34687A954e611A83619ABaA37Ce6bC78A,0.0001,0.001,confirmed
2025-10-24T17:56:42.075961,ethereum_tx,0x00633a6331b29e042e53651824a506b1895008237a5e369576dbb4a355ec5ee7,9481702,0x8356B1EE8Ab99dE3583F0A01e2d247959B665173,0x956962C34687A954e611A83619ABaA37Ce6bC78A,1e-07,0.001,confirmed
2025-10-24T17:56:42.075961,ethereum_tx,0x9b4ad54f135fae0ff342f4529cd16a82a666b77c6c91a6c150436e0f60784626,9481702,0xB0752cCA8b78aAB13eA9bE15f9C2b88Fd8B6F043,0x956962C34687A954e611A83619ABaA37Ce6bC78A,1e-07,0.001,confirmed
2025-10-24T17:56:42.075961,ethereum_tx,0x3f25c8839c80eb2aada89513a4b34a4e77eaf63964740624fb42a756187a4d65,9481702,0xe50159568fb20b6bdf8DE7654Cf797eCed843583,0x956962C34687A954e611A83619ABaA37Ce6bC78A,1e-07,0.001,confirmed
2025-10-24T17:56:42.075961,ethereum_tx,0xeda8a28a1ae50092d1d100565d0bcd6b7b9cd6792636e91631120419153caee7,9481702,0xd3D5592BF9e6bf8e515150c0B851A886be348ef6,0x956962C34687A954e611A83619ABaA37Ce6bC78A,1e-06,0.001,confirmed
2025-10-24T17:56:42.075961,ethereum_tx,0xb6b34a1a2e110e97a359f9a80ab13c2bb9449cf0dfdc18a93610666ff8979b80,9481702,0xb26ebe179C2d2df61e60C616B6E8f00EB1E4510F,0x956962C34687A954e611A83619ABaA37Ce6bC78A,1e-07,0.001,confirmed
2025-10-24T17:56:42.075961,ethereum_tx,0xfdaf410b808685cfbb573e937250917c8dce1da5129f4dad93d9a39e7cef6f08,9481702,0x01c4fB4c699e0c572fea04292E0A8d7e92366Cf3,0x956962C34687A954e611A83619ABaA37Ce6bC78A,1e-06,0.001,confirmed
2025-10-24T17:56:42.075961,ethereum_tx,0x3817ac4ecf1fe45b258feeed10a6f6d0bebeb4958edefef669176b5b4984a91c,9481702,0x24e1Ed33723BEE8f700E00c06B86c815c75071Ba,0x956962C34687A954e611A83619ABaA37Ce6bC78A,1e-06,0.001,confirmed
2025-10-24T17:56:42.075961,ethereum_tx,0x235af3f36c48f71e93e300335db96711a37eb74e0fc229d8a0306dc15d0bbb8c,9481702,0x1419a80e39eDAECDc1D95f1d75efcD1deeBd5187,0x42f8959213E2d4756031B6979033510761145BbF,0.0,0.001,confirmed
2025-10-24T17:56:42.075961,ethereum_tx,0x943021caa4313acb405116ceb6de7e5919abd902c894226bbe04f232095bce73,9481702,0xe03F5Eea59b3e719653d522811A49E089FA0DE8e,0x956962C34687A954e611A83619ABaA37Ce6bC78A,0.001,0.001,confirmed
2025-10-24T17:56:42.075961,ethereum_tx,0xd7f9fb9db2a1b177fbd168c3a750ecd225e04efafb82e52b8a467cde70a620d4,9481702,0x9aeCf44E36f20DC407d1A580630c9a2419912dcB,0x89BA0Ed947a88fe43c22Ae305C0713eC8a7Eb361,0.0,0.001,confirmed
2025-10-24T17:56:42.075961,ethereum_tx,0x7ab4760ae9526109a0535a9bccd9416333a94749e54bf84ea687e863143cc076,9481702,0x490B938878000883093019F1F1E1aEeC9F2faE05,0x956962C34687A954e611A83619ABaA37Ce6bC78A,1e-06,0.001,confirmed
2025-10-24T17:56:42.075961,ethereum_tx,0xa46816a604a3d1d2e96d616c106c00a75e629236acaa997953dd2c9a108cb421,9481702,0x9dA7810c4b81C5241ddEd3486543B3F878f8484d,0x956962C34687A954e611A83619ABaA37Ce6bC78A,0.001,0.001,confirmed
2025-10-24T17:56:42.075961,ethereum_tx,0xb4639ece2f2e4b4738e055f808ae05e20cd8c71c71e4ead8c4f3bbfcc19cb4a5,9481702,0xDE3f5aa919f3310500D433fdf5F739Ba443ECAce,0x956962C34687A954e611A83619ABaA37Ce6bC78A,1e-06,0.001,confirmed
2025-10-24T17:56:42.075961,ethereum_tx,0xde1ce6146faac9422223654bdbd9acd8cf055317b9526f7d48ef75a79f16f99a,9481702,0xa5532857A55Eabc8E567ADBF900bEaFA279E0204,0x956962C34687A954e611A83619ABaA37Ce6bC78A,0.0001,0.001,confirmed
2025-10-24T17:56:42.075961,ethereum_tx,0x74141bd0fb56575994a3fdb7aba6f16ee62107889366562f926a4dc6a8bf5edf,9481702,0xdcC8dB3296eA8bAF6a7Ae681f4a47CDfEB1A61bD,0x329630163D90404ae55D11BE8Cc76B0479555282,0.0,0.001,confirmed
2025-10-24T17:56:42.075961,ethereum_tx,0x9908d026988a987d00b2ebe0fac8df5eba1f24daf6fc50fb5d14fea5204494e5,9481702,0x56e12027eCD8856faFCd16B8eBCeF236A4484653,0x956962C34687A954e611A83619ABaA37Ce6bC78A,1e-07,0.001,confirmed
2025-10-24T17:56:42.075961,ethereum_tx,0x9aa495b7d3ca8b83ce9ca00de2f0d2ef45a6af3e3ffdf6a479d96dc677f7b9f3,9481702,0x7E503029C6410f7859759E9afC2c18bF7C5A4954,0x956962C34687A954e611A83619ABaA37Ce6bC78A,1e-07,0.001,confirmed
2025-10-24T17:56:42.075961,ethereum_tx,0xaa6f439e89df4de822996529b625adc32db166befa2a250b173835f0553ed6bc,9481702,0xDA4bc6D9f9E8676502538C7476901CB4c891bc04,0x956962C34687A954e611A83619ABaA37Ce6bC78A,1e-07,0.001,confirmed
2025-10-24T17:56:42.075961,ethereum_tx,0x6a6eb53e48655cd0ff4825cfc42189a5f2152621030306e89a18cfa1b7b4d8e7,9481702,0x2ad00354A9332E69E9e12A0d79D82709Dd66Ea50,0x956962C34687A954e611A83619ABaA37Ce6bC78A,1e-07,0.001,confirmed
2025-10-24T17:56:42.075961,ethereum_tx,0x60fa3b92a4ff96fbcf27e0ee51fdaa720271d16b19a33d4c57224ffbeec3fb83,9481702,0xcC05E956be7B2F3AdCD13cc6005C1C87bc3E5F78,0x956962C34687A954e611A83619ABaA37Ce6bC78A,0.0001,0.001,confirmed
2025-10-24T17:56:42.075961,ethereum_tx,0xa1bb8f62e6e2d845a668c4c0441740c33c2813e691f3cfff17d4810218bd6252,9481702,0xC1B22B677237e5a17Ae3A373794AB5E10451Df08,0x956962C34687A954e611A83619ABaA37Ce6bC78A,1e-07,0.001,confirmed
2025-10-24T17:56:42.075961,ethereum_tx,0x5754dc8c2f784fbc5bdb3c45c1b074c4a6eb81c42f9fb72113ad11e65c02f3c8,9481702,0x7c81307C2d31E49CcA45Fa465E4cA233171Dd61A,0x956962C34687A954e611A83619ABaA37Ce6bC78A,1e-07,0.001,confirmed
2025-10-24T17:56:42.075961,ethereum_tx,0xe8b82bbf6d0d807d241c176bf643f260cb8d9599f4da88a471ed9d2bc3fd695c,9481702,0x0B61fd795242cAED2FEd5DB1c83E8F46D390aFD5,0x956962C34687A954e611A83619ABaA37Ce6bC78A,0.0001,0.001,confirmed
2025-10-24T17:56:42.075961,ethereum_tx,0x7617aabbfe5ef87778420cb029d976c859b51315a388dc69a9cee9b0ef05cd4c,9481702,0x94b6cEfE36Ef5FB68F3e6a04DB85219404b74126,0x0dBe699e2DA0c5eB5F232f10CE736022C6c85E53,0.0,0.001,confirmed
2025-10-24T17:56:42.075961,ethereum_tx,0x0ce52f777a34661f340d4e8910166965b89086739652f4b8fc816c61abcc5a90,9481702,0xF059847bF7c865F2Ef2d242e919Fbbd994E94F76,0x956962C34687A954e611A83619ABaA37Ce6bC78A,1e-07,0.001,confirmed
2025-10-24T17:56:42.075961,ethereum_tx,0x3a9191cb2b2afb42d1006d7b2b7bb3475744325d8e6e694488f1e497f471fbf3,9481702,0xa4805028337F9D084CeF6dFB0fcf6F3D46b27041,0x956962C34687A954e611A83619ABaA37Ce6bC78A,1e-06,0.001,confirmed
2025-10-24T17:56:42.075961,ethereum_tx,0x9201d1eecdb2e0d6b29d5835a3a552ba439d26ea71d9c4dc06241907e5398d9a,9481702,0x9dc66AB5cDf7Fac6d01b994284950d8585ff7022,0x956962C34687A954e611A83619ABaA37Ce6bC78A,1e-07,0.001,confirmed
2025-10-24T17:56:42.075961,ethereum_tx,0xbf69b282e09c6897c42e98a4d8c82cdb44c3bea7fcde3de050814ff8d565a4f9,9481702,0x275825447F8D5C145F07ecE6Dfc08E3C0da5AbCe,0x956962C34687A954e611A83619ABaA37Ce6bC78A,1e-07,0.001,confirmed
2025-10-24T17:56:42.075961,ethereum_tx,0xed7e108edf93083e53d0e52aa741c8e592f0d2ee68c14c9a5481295918fe5a86,9481702,0xC7a0a399b846fd6c539A351f4e0Ff5bc2af14854,0x956962C34687A954e611A83619ABaA37Ce6bC78A,1e-07,0.001,confirmed
2025-10-24T17:56:42.075961,ethereum_tx,0x87a5e219844ec8036d8df1c8212d90088df9527eba6d29d60ac0ae89984529f4,9481702,0xafdcCe1Cad7a083860D73f2d62C2090292DBA171,0x956962C34687A954e611A83619ABaA37Ce6bC78A,1e-05,0.001,confirmed
2025-10-24T17:56:42.075961,ethereum_tx,0x48afde0e5705a6a8d4d751411d2cdd2f54c0f2e0104e15e24500cf3782a00088,9481702,0x55FE1ab3390E3d66064D4f4F11B92c2ED0F03C20,0x956962C34687A954e611A83619ABaA37Ce6bC78A,1e-06,0.001,confirmed
2025-10-24T17:56:42.075961,ethereum_tx,0xebc449e31b042ce17fcf6fabb11099c1566937f3e75f7afe0ebc1c9e531c888c,9481702,0x1BE517bb7c6BA92eaBE27d01d7Fd3a3A6271F2C5,0x956962C34687A954e611A83619ABaA37Ce6bC78A,0.00011837,0.001,confirmed
2025-10-24T17:56:42.075961,ethereum_tx,0xa0913117e8a7b8ba0c4914590719d8df4c1adc70b5740f19d97f698ebc0b549f,9481702,0x3B290E03716f3B5AD76477aE17694Af5411dDb63,0x956962C34687A954e611A83619ABaA37Ce6bC78A,0.001,0.001,confirmed
2025-10-24T17:56:42.075961,ethereum_tx,0x633f33ce8ea6486e586db4bd7ba7a3a73a50da7c179dfb985a3bb013b4c26641,9481703,0x3C95c2633296B264d051498C4b2e982EbB526A53,0x3C95c2633296B264d051498C4b2e982EbB526A53,0.0,4.1,confirmed
2025-10-24T17:56:42.075961,ethereum_tx,0xce5a44d21aea099d16a296f2a801319af4b2d32f83078ef2f4ccbd47235558f7,9481703,0x9269F2780348D47Aa67Ce290F1a6d19b42fEEe48,0xcA11bde05977b3631167028862bE2a173976CA11,0.0,3.000000009,confirmed
2025-10-24T17:56:42.075961,ethereum_tx,0xf36475033cfa1d9ac5eb243e0a1ddbb01b3ff114b289010f719cd78e600dec1f,9481703,0x55A07F9f7eD7F110c2Ddd8f2f5d8677Dc94aF4E2,0xeA30c4B8b44078Bbf8a6ef5b9f1eC1626C7848D9,0.0,2.200000009,confirmed
2025-10-24T17:56:42.075961,ethereum_tx,0x92344700ab890837ce26b2da8b30b1676d2c696f88a89b88d3eec0e1a66fb0d8,9481703,0x55A07F9f7eD7F110c2Ddd8f2f5d8677Dc94aF4E2,0xeA30c4B8b44078Bbf8a6ef5b9f1eC1626C7848D9,0.0,2.200000009,confirmed
2025-10-24T17:56:42.075961,ethereum_tx,0x4b05ea3d00dc23ddf7830a4ea35271471db30f4851d398beed5fc6b74d9a175b,9481703,0x6Cc9397c3B38739daCbfaA68EaD5F5D77Ba5F455,0xCCca76a2Cd8B5d5AC6264Dd76D6D90F9965132e6,0.68149493,2.000000009,confirmed
2025-10-24T17:56:42.075961,ethereum_tx,0xf4a2ab90c16eeb09a3503e593e78a8a9a7b533f6fabf83230996ddd92403c376,9481703,0xa0a3Fa72c6D6dc0682fA8d4480A09FC1c6ba0887,0x73B668d8374DDB42c9e2f46fd5B754Ac215495bc,0.0,2.000000009,confirmed
2025-10-24T17:56:42.075961,ethereum_tx,0x15fc8d903309d6f3da9fc6df50c25c88acc770be2b871e625e07b1051755a067,9481703,0x6Cc9397c3B38739daCbfaA68EaD5F5D77Ba5F455,0x93684BB341C9C3e93a4E6E47CC08f4B27F037553,0.15176641,2.000000009,confirmed
2025-10-24T17:56:42.075961,ethereum_tx,0x326e02333945e15258404e3ca02b96162569ab083067fa755badbb887f64be33,9481703,0x6Cc9397c3B38739daCbfaA68EaD5F5D77Ba5F455,0xe529f35e9EB465383305d95310fA1Aeb520D1C53,1.14395248,2.000000009,confirmed
2025-10-24T17:56:42.075961,ethereum_tx,0x5e9296c80b7ba94715e0a93bc083c95132f384de1bba1a08c73157eb255723b6,9481703,0x6Cc9397c3B38739daCbfaA68EaD5F5D77Ba5F455,0xD6Df175cF7d14B1695aAeebf7Be2F471E4590F32,1.48818913,2.000000009,confirmed
2025-10-24T17:56:42.075961,ethereum_tx,0xa183af1e1175cf26caa44b48cc92f418618c8c20ec6fe2dcdb433e668dd91679,9481703,0x6Cc9397c3B38739daCbfaA68EaD5F5D77Ba5F455,0xC610013Ec571064fd7f720118D0a7C489bB223EB,1.67814067,2.000000009,confirmed
2025-10-24T17:56:42.075961,ethereum_tx,0x98df2212fe93655983965ec283466bbb2600c335a98cb7f885c1dd05a04cca00,9481703,0x6Cc9397c3B38739daCbfaA68EaD5F5D77Ba5F455,0x65Cc6C18b6D2785939e4C075FdD751067e35Cf8A,0.58019591,2.000000009,confirmed
2025-10-24T17:56:42.075961,ethereum_tx,0xe0c4e88e03395ce152ec053f12d80d002929793d0dec62aaef746e4f3790453b,9481703,0x6Cc9397c3B38739daCbfaA68EaD5F5D77Ba5F455,0x2C663f01e30cCf2e0DdDF4def78FF53a229D919E,0.300282,2.000000009,confirmed
2025-10-24T17:56:42.075961,ethereum_tx,0x6ce09b98f06ef78bb43eaedaedff8b2daa38ce79767d76fa390920bbb046c205,9481703,0xD253623fBD2BBB21d034d095C4607659B9f7de52,0xBC04d69Ecd7890699b2BE7924eA86474e15098E6,0.599968499999811,1.500000009,confirmed
2025-10-24T17:56:42.075961,ethereum_tx,0xf3a6a12a32896191a60ad31143905e1ac68054e4726fddf99e31566bd9bd7b7c,9481703,0xf3663B762f74994C12ab04E2F508285e1669ef6B,0xb5cE4628874eBD8ED027DfE6Fb4E91346E9C5b48,0.0,1.500000009,confirmed
2025-10-24T17:56:42.075961,ethereum_tx,0x222eac46ee5dd1d37d1837814886b6ba6cdd1cf0b64555b888cdc04326b1129a,9481703,0x5689c7d8448B93A67666d39326Fc78334FF53F3f,0xc6255a594299F1776de376d0509aB5ab875A6E3E,0.0,1.5,confirmed
2025-10-24T17:56:42.075961,ethereum_tx,0xbb93fe5b5f996c624106ddc1aead330fee8f298b5b19e4b3408c78b4d867cd33,9481703,0xB78acAdC465E067C9189FF41Ff944AFbaCEb0584,0x2A4496bbC344414e3bDbE6a8E7c40EF007DAeEd1,0.0,1.5,confirmed
2025-10-24T17:56:42.075961,ethereum_tx,0xa4e395e3d7a0faf6aedd680a746b86350eb5a94593689ff422023817a0d3d56c,9481703,0xB18CC846a310Df5F5D949Dc0d48d5aEa95009bfe,0x57c5dC670eB6f571bDD8Fc1CF178c46c9A917A74,0.0,1.5,confirmed
2025-10-24T17:56:42.075961,ethereum_tx,0x061e87cf5b14eebe80a6e3433b8093bf9ff9f067a4504c99927fe01483893cb8,9481703,0xF38E5D49F751F3116BC22ab7CBF53B8B97FB29D9,0x2A4496bbC344414e3bDbE6a8E7c40EF007DAeEd1,0.0,1.5,confirmed
2025-10-24T17:56:42.075961,ethereum_tx,0xff3d281359baad971443a507f6cc21c527ccc49fff8ddfb11c6f8596e2d640f6,9481703,0xE02E99e4b249358D3Bc6bBD060160C4d4D258B6e,0xc6255a594299F1776de376d0509aB5ab875A6E3E,0.0,1.5,confirmed
2025-10-24T17:56:42.075961,ethereum_tx,0x176e76f3f4f68e5fe756d032a542dfdda9471408795c4b0f90771525931398d9,9481703,0x72dA17d3979AEAc041cB5eDe738eE73aA43Af774,0x2A4496bbC344414e3bDbE6a8E7c40EF007DAeEd1,0.0,1.5,confirmed
2025-10-24T17:56:42.075961,ethereum_tx,0xade9c291b0dc576551688bbfab3828616cc40cd540215ad04d6ae3b9181394d4,9481703,0xBfeb15D280fbFC16288C6AC7004EF873bE551eAa,0x57c5dC670eB6f571bDD8Fc1CF178c46c9A917A74,0.0,1.5,confirmed
2025-10-24T17:56:42.075961,ethereum_tx,0x2f58f427eb3f72ee0ca6ed9b80f6206524af8b03a97185d9e5651ad76edcc1fd,9481703,0x5A6D4D505a101725d98d57937b80991f2fA32791,,0.0,1.5,confirmed
2025-10-24T17:56:42.075961,ethereum_tx,0xc4a03944a89a19fd288538b7ae23af98a6795484c0617ba7bcf0735a5f6db741,9481703,0xd6fc7ED61E2f4800bD858956B7Bc3D987CCa75Eb,0x2A4496bbC344414e3bDbE6a8E7c40EF007DAeEd1,0.0,1.5,confirmed
2025-10-24T17:56:42.075961,ethereum_tx,0xb7269e54ef8264da328bbba6f98edfc6aa1ae46c229a3f95f19d5465be9e8735,9481703,0x9510C0449dAC1BfE37171AF66eABF797B393b396,0x2A4496bbC344414e3bDbE6a8E7c40EF007DAeEd1,0.0,1.5,confirmed
2025-10-24T17:56:42.075961,ethereum_tx,0x5aaf989761f1c4ad995df427f9c42637781d48aa40233e090df20df58ab3e72d,9481703,0xaC56BEED1FCa1878621091c540a3d811D1DE8Dc9,0xc6255a594299F1776de376d0509aB5ab875A6E3E,0.0,1.5,confirmed
2025-10-24T17:56:42.075961,ethereum_tx,0xbdc48ffd2ea0808a4dc4f1541703d7965444bf762148285d31c46ec57f956d34,9481703,0xd53b2F43fFF96aBc04a3a368F3405aeaDb443CCc,0xc6255a594299F1776de376d0509aB5ab875A6E3E,0.0,1.5,confirmed
2025-10-24T17:56:42.075961,ethereum_tx,0xb63183b7d2b1df5f0dbd55ba165ceb94daf6f08e01140ee799a7c618581ad392,9481703,0x383E61E6c059598d9394C4eE217Ba34C2be0f3FC,0xc6255a594299F1776de376d0509aB5ab875A6E3E,0.0,1.5,confirmed
2025-10-24T17:56:42.075961,ethereum_tx,0xea1e31c59f7b9f1756bd4f76327fbcb27095849d209804c5279ca033c761a039,9481703,0x2DD1FAcb6C876C6F04e5aE54B6f2C242CaCB4cC9,0xc6255a594299F1776de376d0509aB5ab875A6E3E,0.0,1.5,confirmed
2025-10-24T17:56:42.075961,ethereum_tx,0xd8e6a818089b26f787c89a8f342f26c51eeaf30df577cb1773ce271facd3c47c,9481703,0x78a6304E9dED5A9cbBBa2D85CD1E3A20e0f68193,0xc6255a594299F1776de376d0509aB5ab875A6E3E,0.0,1.5,confirmed
2025-10-24T17:56:42.075961,ethereum_tx,0x36d7df81d03b05117bca9da934844ec091a624ca41c80a4e4e4e7f1151f2b75b,9481703,0xB1bEd2E4081d86F3199B08a2aa3CE2959e9272ab,0xc6255a594299F1776de376d0509aB5ab875A6E3E,0.0,1.5,confirmed
2025-10-24T17:56:42.075961,ethereum_tx,0xeb601a0b60b624fa543047efa5471948d709bc94c5752f249e9231b39ce81f29,9481703,0xEe3E242a9FAf9fDc81916FC4Ba51341C381F06e5,0x57c5dC670eB6f571bDD8Fc1CF178c46c9A917A74,0.0,1.5,confirmed
2025-10-24T17:56:42.075961,ethereum_tx,0xcea7ac87757822d4c6eb13569b52b6ccc76d2ff52924272bdbc270f97df17606,9481703,0xF6f1730924532779A21183AABA65A2099D06398b,0xc6255a594299F1776de376d0509aB5ab875A6E3E,0.0,1.5,confirmed
2025-10-24T17:56:42.075961,ethereum_tx,0x389b2c894398cb3323cb3bde13245c4c0b55a0858180296b3433b1cc7eda2933,9481703,0xD22c6c02920dD8F149182c121c08e19C4a6750C5,0xc6255a594299F1776de376d0509aB5ab875A6E3E,0.0,1.5,confirmed
2025-10-24T17:56:42.075961,ethereum_tx,0x53ec1e5ccaa1532699f0661de27cdbadbc2052735d39bd8b649ced316fcbfe4a,9481703,0xd5c127Cb35A18be80CDD2fBD3490C33c826799C8,0xFf00000000000000000000000000111551201789,0.0,1.100000009,confirmed
2025-10-24T17:56:42.075961,ethereum_tx,0xa8442aacb95c65fa66bf3bbe965645aba7846852da5a8f19638a9f3c470b3350,9481703,0x21Ffc41A1fd6975322D247c31f424Ce196719eEE,0xFf00000000000000000000001205614518879368,0.0,1.000000009,confirmed
2025-10-24T17:56:42.075961,ethereum_tx,0xb15b65fd1e0e71acf869dec128847c57990d75f3edb639e77cc1b868ed38f484,9481703,0xdA6e9475Ac52D8c2b93aaC8A85D0852466f58b4F,0x00005ec2d25436Aaa3ca04d74877A79BB217445A,0.0,1.000000009,confirmed
2025-10-24T17:56:42.075961,ethereum_tx,0x29b53c1ceb3bd6c2ec35bf5d3efac0df1bdc7604e2f5a82a5592455683e8b92b,9481703,0xBb04BFa600969359840265010884b1dc6987Bb69,0x45263AA7FEB1A25B986B2C9275a2019Ce5b4a6cc,0.0,1.000000009,confirmed
2025-10-24T17:56:42.075961,ethereum_tx,0xee89ec3cd5076bd3530b8b71c107757f62a5817bb2ee90f57013c156dd3ada98,9481703,0xF0FEd0C0192539a1076d8BDa1233f414704d98Be,0x00D22efF04CF7d0f5A355A6D9A06E43120398dA6,0.0,1.000000009,confirmed
2025-10-24T17:56:42.075961,ethereum_tx,0xb8c157200529c930f1afb56037aa0b7dcc6334ce9bd9b0d8fc217d507f8417ef,9481703,0x0C8cDd3d1Bb733CC5874576E96C632187F21DC89,0xd342fB29cB72eaDa5c71A61Ac4205f4fA5e423ea,0.0,1.000000009,confirmed
2025-10-24T17:56:42.075961,ethereum_tx,0x3c814a79c64d53ff4a85678adb8e35e2af69cd96a9a8b2313e0c3885f37a120f,9481703,0xDc9d3015A4a391607A835B87a292BcF030AF24E2,0x9E841C03218E36A785C1c50f2f74fAc5D54656Da,0.0,1.000000009,confirmed
2025-10-24T17:56:42.075961,ethereum_tx,0x3166594e240ba89d7b6895fc07e1362dcbc37396ce0fb2c224f9bcb6050fc7c9,9481703,0x62c4Ef860f80117Fa1804C73F0C8E1144D1847E7,0xc060eB8505b4d4a45c77d6907353426B3f394B7B,0.0,1.000000009,confirmed
2025-10-24T17:56:42.075961,ethereum_tx,0xc54d468057d6ffb84273a0c7221246cd95dc4f2c3e4fe7eb95b858efd61365dd,9481703,0xeA2827ddFF70c188CA08171884E18fB1A45b972B,0xB86de9bbA34CdD88b4Ba3Ce1523333C1fb0AE802,0.0,1.000000009,confirmed
2025-10-24T17:56:42.075961,ethereum_tx,0x08ccfa9e28612b5d1656b15f4d30a29c28bb7cb9c4240cefe0c18ee945038a4f,9481703,0xFCe29b55AC291b56E20fa7004dA8d0fB91B16973,0x7b79995e5f793A07Bc00c21412e50Ecae098E7f9,0.0001,1.0,confirmed
2025-10-24T17:56:42.075961,ethereum_tx,0xa0a5fd46b3f7ffd677a0711891170d19b13f363ccb518cd6ad07b58ccc4cbb00,9481703,0x569E972fEC4C80a3507a4af385139695aaA48CDc,0x7b79995e5f793A07Bc00c21412e50Ecae098E7f9,0.001,1.0,confirmed
2025-10-24T17:56:42.075961,ethereum_tx,0x48fff3d16e957e5088078dbbec386e399dc95f828c2de788d037dd21a3258ebd,9481703,0x40ac15F003FeBBFB817F08dcF7C475eaa8821D27,0x2F418Aa7D500B525EE8B80BB5F643A877ef82e09,0.0,0.250934656,confirmed
2025-10-24T17:56:42.075961,ethereum_tx,0xb486db42e60e1801becfec73ea218a2538dffab3049aacd068038770ef50f0be,9481703,0xeFd1d64fa24103c55cC52974704EFa11F76A3b35,0xf993E10C83Fe26DddFc6cb5E82444C44201e8a9C,1e-06,0.020000009,confirmed
2025-10-24T17:56:42.075961,ethereum_tx,0xa6aeb7dfec4bc61ede9de38747df69bc2450840a7f778d3ae5b5f62c2cb7030f,9481703,0x4e177BdfBd8Dd6E22600E0a04ba50b6FF59D4888,0xf993E10C83Fe26DddFc6cb5E82444C44201e8a9C,1e-06,0.020000009,confirmed
2025-10-24T17:56:42.075961,ethereum_tx,0xa4cce74f02f7f7e456bb5a481ea2fe1ab0ee115a9a96945378f0a550a11a8245,9481703,0x99EDbf4B366b09412978FE5A4053f680e3665951,0xf993E10C83Fe26DddFc6cb5E82444C44201e8a9C,1e-06,0.020000009,confirmed
2025-10-24T17:56:42.075961,ethereum_tx,0x94f41a81623abde4e98a406537ae566ba9e10df2909f95e7f86db996860ada7b,9481703,0x99b6F1E4cD9C438bea04b6Fb078d75B61511aaCf,0xf993E10C83Fe26DddFc6cb5E82444C44201e8a9C,1e-06,0.020000009,confirmed
2025-10-24T17:56:42.075961,ethereum_tx,0xd76e521cbde95327a593f0cff9ffee8ea333e4eb1c89f15ee80f43c6c5e19cc7,9481703,0xD733eFD5fcD34b7191E529da2aFF2e033722e316,0xb99B03DE77146403B131BA23220a8d0C59C0B327,0.0,0.002000009,confirmed
2025-10-24T17:56:42.075961,ethereum_tx,0x645e1376a21147a8b99935d35542ff48935d6bd4d79061d9ea7776596a754d9a,9481703,0x4BA56bDa2009816e260921970041d6Eb005D7272,0xC764A997C86dC22B50Eb637626e3f46bfd82534A,0.0,0.001500014,confirmed
2025-10-24T17:56:42.075961,ethereum_tx,0xab94418721ab870371588b621f1aaae4214682d66bd5ee106df31fd10cf001d8,9481703,0x26f6173D279bBFE97a5D6120FA0e8211d444D1ae,0x9f54e6A87429E7bB2fe7B9f0ACCA3A31560FF198,0.0,0.001400012,confirmed
2025-10-24T17:56:42.075961,ethereum_tx,0x131f6fe5c8f68fef8760205f26a92d49fa21ef2e09445117e6f24387c4750161,9481703,0x609fE9592eFFDf73231E595808F25A6e9b172465,0xB88Ca91Fef0874828e5ea830402e9089aaE0bB7F,0.0,0.001250011,confirmed
2025-10-24T17:56:42.075961,ethereum_tx,0xf8f19b7ed03abab25155f37916b647aa782579f81c35fda8be865f1e8371deb2,9481703,0x61d8838f9A00250C9AF13D622DA7c08c372ee587,0xCf8EDB3333Fae73b23f689229F4De6Ac95d1f707,0.0,0.001154879,confirmed
2025-10-24T17:56:42.075961,ethereum_tx,0x91f49088c3352d2d35ba10c7d65d68d0d1bb1a22ab48debae55081f602f1070a,9481703,0x94eDC8E0D150Ca41Ab78F479dCd202458C9375bF,0xc6255a594299F1776de376d0509aB5ab875A6E3E,0.0,0.00110001,confirmed
2025-10-24T17:56:42.075961,ethereum_tx,0x39dfdbfbafa5474c194fd9701534ba74b0c60e782e43472d9eb0c8bea6deb659,9481703,0xA776258a8A915D47a21856226f0ce4D543AF5E07,0xCaC524BcA292aaade2DF8A05cC58F0a65B1B3bB9,0.0,0.001100009,confirmed
2025-10-24T17:56:42.075961,ethereum_tx,0xb9fdfec9b32b40fe52c392613459bff89bbe6f22c5c0df9a592663978f3b6264,9481703,0xd3D119096b96C1e4CA791Cd89A52FdE93E25155F,0x69C6b28Fdc74618817fa380De29a653060e14009,0.0,0.001096928,confirmed
2025-10-24T17:56:42.075961,ethereum_tx,0x5e4b0fd85e46ea9316a6c3abc4697448640ed2ceb14862e6deb7c77875b4f552,9481703,0xd0592b976CA9ff94a67C392AaE710D7924f2ABE9,0xA735143283a6E686723403A820841E5774951a63,0.0,0.001096928,confirmed
2025-10-24T17:56:42.075961,ethereum_tx,0x87310203f4eefaa56e62f0aa22521a7b6ef15faa2bccc0ff03c477daef5477ba,9481703,0x201F539ed17aD6B338491371d29e9925FCBA272c,0x7215691F60C4fA7Bb82c5Ac44c7d57dc32bB0493,0.0,0.001052641,confirmed
2025-10-24T17:56:42.075961,ethereum_tx,0x39619630c248c4cfe5a2d117f89a9341a949e79b9bb03e0e3d3399f34dc82d54,9481703,0x6b858da47dB6650A5998AB280e84a57110F8b539,0x7215691F60C4fA7Bb82c5Ac44c7d57dc32bB0493,0.0,0.001052641,confirmed
2025-10-24T17:56:42.075961,ethereum_tx,0xe2b8a1dd94a1acf89c7534ae636ee05af763df603bebd47824657f2fda626f3a,9481703,0x5d72984B2e1170EAA0DA4BC22B25C87729C5EBB3,0xd4116f515A6958da851080B390DDE4B81f408978,0.0,0.00100001,confirmed
2025-10-24T17:56:42.075961,ethereum_tx,0x4f7c265c58908b3b72dc128c9852937ebfedba7129e0780299f54b86a0ec0886,9481703,0xcB499cf9d71FBD345e9BF8A37434e5C92d290Efc,0xb3975b4294ed871013d2B47ADe5da9015Df5C54a,0.0,0.001000009,confirmed
2025-10-24T17:56:42.075961,ethereum_tx,0x8f691db8c5c97a1f92a4456f3682e0cf336762103d49cac9cb291b0b01819986,9481703,0xf2d03d295237A81E9145993Cb15DBEF9149279DE,0x329689c2926216b15973bDd2c00561E80E6418A1,0.0,0.001000009,confirmed
2025-10-24T17:56:42.075961,ethereum_tx,0x09d5d4b401736f5ad258fae71993b32684ea485dbbdcb78c8ba81a029824741c,9481703,0x5a0A47489Ab966A22782FEDc10D0633c10084189,0x87A3effB84CBE1E4caB6Ab430139eC41d156D55A,0.000777,0.001000009,confirmed
2025-10-24T17:56:42.075961,ethereum_tx,0xff5642df8512b75ebb2f1771e84c5105c69a0e5f31d5ccb3f5ebe9b958d2526e,9481703,0x969cB52721b6f30F78db7e9b9e1Fc97162b83D01,0x08d2b0a37F869FF76BACB5Bab3278E26ab7067B7,7e-05,0.001000009,confirmed
2025-10-24T17:56:42.075961,ethereum_tx,0x89cb96a8e33b4673edf156c9288b40c5bd05f309da756c277e59b720d0cda950,9481703,0xAd9fDaD276AB1A430fD03177A07350CD7C61E897,0xD2DcB326F003DC8db194C74Db2749F8C653Df6aC,0.0,0.001000009,confirmed
2025-10-24T17:56:42.075961,ethereum_tx,0xfec923122645f3c7cb04abfe77715b3dcdb4fcc867ce100c693231b437df4816,9481703,0x0cA839722B088cbD0230290dA9f725Cac4f6A5d5,0x03C66CB1826BDB0395BF31E68Bf7E873e9564fFB,0.0,0.001000009,confirmed
2025-10-24T17:56:42.075961,ethereum_tx,0x064d0e38f0e24a43213eacbae1065a9aec73369695ed8090539730ee143d9525,9481703,0xC562f99Eb4C947D0A95e3732C1e14a83815f305f,0x03C66CB1826BDB0395BF31E68Bf7E873e9564fFB,0.0,0.001000009,confirmed
2025-10-24T17:56:42.075961,ethereum_tx,0x6dfa21d49d14ed1931d25772d12644bf18d6affde121d4ff7938224ff9613625,9481703,0x2c06b1d706Fa7fcfa882EB4ce7F2fe27d58E08F4,0x08d2b0a37F869FF76BACB5Bab3278E26ab7067B7,2e-05,0.001000009,confirmed
2025-10-24T17:56:42.075961,ethereum_tx,0xf1a855349db2b840526614de11cff0a6c774d6fdeabf913438654cff553f96c3,9481703,0xaa0dff2fef2D021FF5aDE44Ff17704d59345dd1b,0x0000000000000000000000000000000000000000,1e-05,0.001000009,confirmed
2025-10-24T17:56:42.075961,ethereum_tx,0x53537b3d5c8e4c440b197e1ea34f2417a0151c569f4a1230e32b9a4ebdf57840,9481703,0xB66df7402831cdFb30B1D3027cd27d3D4Be5F752,0x08d2b0a37F869FF76BACB5Bab3278E26ab7067B7,2e-05,0.001000009,confirmed
2025-10-24T17:56:42.075961,ethereum_tx,0xa170985ab7c3c6425f9f53a9867ed188173e5e1f60883852c2cf0dbb73e636e1,9481703,0x3BfB93D0Da55AF5dB4274f5AD10c561Ce81ceD22,0x56f9b09cEFdE892C2179b303fff8f755d76de3a3,1.88e-06,0.001000009,confirmed
2025-10-24T17:56:42.075961,ethereum_tx,0x587dcf0c15c49f6c27c7facd9e5e9b04850e89c04b786e1c5de1393933a6ce95,9481703,0xdDD27ccF7c5eacFd67F9A0c5d4BaCf83E4760f12,0x9A3e5153E7642913d007C0685938010011A865C7,0.0,0.001000009,confirmed
2025-10-24T17:56:42.075961,ethereum_tx,0x6822977428ea9cf9892663cb9f386dfe5144e42c857dc1575bdc1550ac9a4a7f,9481703,0xb6d25fa232e50EE2fCf3a40DAFCAfe5Fff1Fd9A9,0x87A3effB84CBE1E4caB6Ab430139eC41d156D55A,0.0,0.001000009,confirmed
2025-10-24T17:56:42.075961,ethereum_tx,0x8e09ee2e22c1854d7a492a709884ea930aeca3a9cf5052de50586f57fb983b99,9481703,0x310Ea47654aBd6c530635fA69741ca030Cd473A5,0x7d8B39CfDa45E792F6B8836Bf8f65e7296D3FC87,8.38e-06,0.001000009,confirmed
2025-10-24T17:56:42.075961,ethereum_tx,0x321c6a4c353a7a633fe66469045362fc3431b7fffdc24be607b8582930813b46,9481703,0xdC4D43A7b35C62bc869301Ab64E8b91bBd02aCB5,0x03C66CB1826BDB0395BF31E68Bf7E873e9564fFB,0.0,0.001000009,confirmed
2025-10-24T17:56:42.075961,ethereum_tx,0x5700693d5261ffff8f2369918df571e556ec535dd0318b7525fdf00182e67d94,9481703,0x905c16e089Ccc473d5bd41DDC4960a68D0D0908E,0xfa3B38C629FEeEB88Aedeb22449713C247894DCc,1.1e-06,0.001000009,confirmed
2025-10-24T17:56:42.075961,ethereum_tx,0x49fcbab285343f0118b2cae674c49edc3cf10ac669162566aefc2ebb8e94125e,9481703,0x6efaC3032016cCaC4D97c2BB6A73A09E7Fb85A4c,0x03C66CB1826BDB0395BF31E68Bf7E873e9564fFB,0.0,0.001000009,confirmed
2025-10-24T17:56:42.075961,ethereum_tx,0x05367b7c8577da260b7a7aab9eb1a53d05dc3dd210c1c7d0b25c000ab82376f8,9481703,0xcD12Ed9b63603bc9685Cda552c0156d9b297b41F,0x87A3effB84CBE1E4caB6Ab430139eC41d156D55A,0.0,0.001000009,confirmed
2025-10-24T17:56:42.075961,ethereum_tx,0xaa67c4a179f56b81a6bf68e52dc1cb8495ff5a9989fd63cae0215549f58b732b,9481703,0x78Ae12562527B865DD1a06784a2b06dbe1A3C7AF,0xC97F5f2FDE4fe6e220069F8D3718bE4FaC7C00f0,0.0,0.001000009,confirmed
2025-10-24T17:56:42.075961,ethereum_tx,0x14a1b5aa3563d53e89b13290e1286e594c3d8ddbfa809c8354e3cbef0f738a66,9481703,0x6d50EDC485a5c5C8E57e45994de1C8f8A11A7cee,0x8241343EbD9B7Cd034A3f245761D1C2E53d794ba,4.4e-05,0.001000009,confirmed
2025-10-24T17:56:42.075961,ethereum_tx,0x979700b6cae8d15a8eae6055ad249369da64616e61cdd06846d027b99830cd2f,9481703,0x71955d4098cD2C0737184Ec881016a538ed9A90D,0x41ddD8CdE086B6A0A9849dC0Cf2Aef36895B9560,0.0,0.001000009,confirmed
2025-10-24T17:56:42.075961,ethereum_tx,0x6f7e66c6cfcbb3c89a1a4545d27c72d638f017477d510711a17f6621504505a1,9481703,0x6b6163E355Ff7C95A9c2Ac83c8074F811aC80b98,0x08d2b0a37F869FF76BACB5Bab3278E26ab7067B7,2.14e-05,0.001000009,confirmed
2025-10-24T17:56:42.075961,ethereum_tx,0xf48ab6c817aeb931e0440b2e5b219e49400feb88ef5f14999dbbc957cbff8461,9481704,0x2CdA41645F2dBffB852a605E92B185501801FC28,0xFFD18C97D2a8301e2b68C7eF9542AD30c981243D,0.25,200.0,confirmed
2025-10-24T17:56:42.075961,ethereum_tx,0xb743d6aa3de2a3c5b470ad7d7601bcabd3a215ea8cb0664f0ea3cbd9de727dae,9481704,0x668bB35b59bDf70a7BE8984c507Cd85081969dFc,0xcA11bde05977b3631167028862bE2a173976CA11,0.0,3.000000009,confirmed
2025-10-24T17:56:42.075961,ethereum_tx,0x7d5f3e81744e847da99a4325ddf1a9f9d360e605143f43ac9e3522ad151ed8e3,9481704,0x55A07F9f7eD7F110c2Ddd8f2f5d8677Dc94aF4E2,0xeA30c4B8b44078Bbf8a6ef5b9f1eC1626C7848D9,0.0,2.200000009,confirmed
2025-10-24T17:56:42.075961,ethereum_tx,0x8932ab9c4662427c8fe53838c6d9b9ba5127199f4dd9068a430ec4fb5cf42a58,9481704,0x6Cc9397c3B38739daCbfaA68EaD5F5D77Ba5F455,0x2C6aa6B9bED2Ec4724178De28254a2EBfac7b7dA,0.37533139,2.000000009,confirmed
2025-10-24T17:56:42.075961,ethereum_tx,0x94762e1173868a51a22f0b9f96a2dc0035f0a01b958ed089bb98ee4ca9f0820e,9481704,0x6Cc9397c3B38739daCbfaA68EaD5F5D77Ba5F455,0x941dA9d9c188ff4726C0Bd9Bf38f150b51D0c8a3,0.51559825,2.000000009,confirmed
2025-10-24T17:56:42.075961,ethereum_tx,0x16e2fedcd738a3c844e07d2470079922746a0310647f7f714e69da7319f8256d,9481704,0x6Cc9397c3B38739daCbfaA68EaD5F5D77Ba5F455,0x9ba6e5831063b66E0a5304Ef2351fC898Ce17414,0.54298736,2.000000009,confirmed
2025-10-24T17:56:42.075961,ethereum_tx,0x893284de15c10196a1ff52053be1bd5bfe29cfe932d897d1de8b795219c6f207,9481704,0x6Cc9397c3B38739daCbfaA68EaD5F5D77Ba5F455,0x4edB0DEC19a121f80C67Bba245217D81157ECd1d,2.5,2.000000009,confirmed
2025-10-24T17:56:42.075961,ethereum_tx,0x2e3a8caa52e80dba4e8da50ee6f3bfc9e5e844019e9303409ec9cae1a6d460d2,9481704,0xa257E029D89846C878D05aDaA3C33EA54b505f86,0x73B668d8374DDB42c9e2f46fd5B754Ac215495bc,0.0,2.000000009,confirmed
2025-10-24T17:56:42.075961,ethereum_tx,0xeeae9e0a11248f73f846dc9fd08bdbbb79faed573980eed3da995dbfdfe2d7f8,9481704,0xe7F38E2D57a0eA80240B5E65A69AF66812CbCd0C,0x2Fcd887A6d6590A0d1fB1F8b09bA792c797f24B6,0.01,2.0,confirmed
2025-10-24T17:56:42.075961,ethereum_tx,0x6f4d44a40c2fa66cdabb0975092c80641eede1e6857478af41bb8ec69c89d8b9,9481704,0x93d5b54566176dc5c35AF67f5B415eAB207AC6c4,0xD286ac7948649b1EEF8764f0e22779E7bBDc903d,0.0,1.500000009,confirmed
2025-10-24T17:56:42.075961,ethereum_tx,0x10bc6df6362d2d1f0032b70aafd0c45d655933b4997773ed116ea743d94e1953,9481704,0x1737f920afc9aC43160CbC07bdFc98f27e4bA075,0xd110672E48c5B29ca911821539b7F202F3d6a9BD,0.0,1.500000009,confirmed
2025-10-24T17:56:42.075961,ethereum_tx,0xf32b4ee20b7038adc85ef816897202bd02afeeb7a3f38661b1305cb9835cb570,9481704,0x1342AB509342Ce666289e5030570eaA31ab50CC0,0xc6255a594299F1776de376d0509aB5ab875A6E3E,0.0,1.5,confirmed
2025-10-24T17:56:42.075961,ethereum_tx,0x44b878574bafa356195413add5d3fcce76d24549a9e1e72a3e3a3875e5272daa,9481704,0x4ECcfbCD17a99bD48Dc490eECcc9b370DdF452C0,0xc6255a594299F1776de376d0509aB5ab875A6E3E,0.0,1.5,confirmed
2025-10-24T17:56:42.075961,ethereum_tx,0x2666726e4646aa178c45c8f77bce4b4be061a994c6e574da6b0e5a90afedbc3b,9481704,0x01243f3Eca77aA70a4beC9cb7F8cc3EFD7df6411,0x2A4496bbC344414e3bDbE6a8E7c40EF007DAeEd1,0.0,1.5,confirmed
2025-10-24T17:56:42.075961,ethereum_tx,0x77d84a87075c3303a12cdacedbdb489226fab4821918eb884d40fcb9b0c1491a,9481704,0x0907eEc7791b1497272fa9CEfCBab83f70F5194b,0xc6255a594299F1776de376d0509aB5ab875A6E3E,0.0,1.5,confirmed
2025-10-24T17:56:42.075961,ethereum_tx,0x0273a387063ffc2b0ff6e65a7ab5b1882e47fb291a3b04ab6073989b6194cade,9481704,0xf5CdC48272D9C22625D455a4C9E9e60eB0cdde48,0xc6255a594299F1776de376d0509aB5ab875A6E3E,0.0,1.5,confirmed
2025-10-24T17:56:42.075961,ethereum_tx,0xc0042661ee75d043c6666ca59507f5f205e9a239a063674b25702e0d5ca893a6,9481704,0x22146a24D0135F17d32F97a3f9Ec3152d3E9C954,0x57c5dC670eB6f571bDD8Fc1CF178c46c9A917A74,0.0,1.5,confirmed
2025-10-24T17:56:42.075961,ethereum_tx,0xa7cc7d7a469308535a5d32f8253309dfb82647a12ec58bbea6c3a582afacd2ce,9481704,0xaf317b2389deb089640FEA1880Cd650e0337945a,0x2A4496bbC344414e3bDbE6a8E7c40EF007DAeEd1,0.0,1.5,confirmed
2025-10-24T17:56:42.075961,ethereum_tx,0x2271531b3e350600fab2ce06df9c62bfd2bf63ad6f15127729cc292f085ff697,9481704,0xDaeC823329018d0c52f06399Af85f618CE084A5E,0xc6255a594299F1776de376d0509aB5ab875A6E3E,0.0,1.5,confirmed
2025-10-24T17:56:42.075961,ethereum_tx,0xdd98a77c52ea9eeb5a19d31bca7a4cc9e6e1ce13430d0542e365c92ad0cffc71,9481704,0x3E002E590f9f5c6e6bc198d16D7733697218f801,0x2A4496bbC344414e3bDbE6a8E7c40EF007DAeEd1,0.0,1.5,confirmed
2025-10-24T17:56:42.075961,ethereum_tx,0xf874e2af3ff9238723c8ca5583b5c30222a23084af9a3c1f6e7943a9bb6235ff,9481704,0x4538a3D9328014cE32e569D874952aEC48b8CE5E,0x2A4496bbC344414e3bDbE6a8E7c40EF007DAeEd1,0.0,1.5,confirmed
2025-10-24T17:56:42.075961,ethereum_tx,0x4ffb208c51e6fee446f5c5f192bb0492bff830cd496f7182db4bdd231398b6d1,9481704,0xd45e864a523c68910962F2a06Ad886D436C8523A,0x2A4496bbC344414e3bDbE6a8E7c40EF007DAeEd1,0.0,1.5,confirmed
2025-10-24T17:56:42.075961,ethereum_tx,0xa7371a52e809a40a2cfcc65e88b803c1c4495f7f59141f85f0bfa574c0c9d08e,9481704,0xE7B1e4Ecf2bB4fC9632d8B55f34A7B41963F09A6,0x2A4496bbC344414e3bDbE6a8E7c40EF007DAeEd1,0.0,1.5,confirmed
2025-10-24T17:56:42.075961,ethereum_tx,0x716733594606e63b2a80f68f44078dc1a8db0f225aad514b3131a15c56878b11,9481704,0x647c9C5Ff6E61265A4f50c53764C17f3dFe87EC7,0xfea205eFE4bF33870F7478cAf44beB41A6873999,1e-05,1.5,confirmed
2025-10-24T17:56:42.075961,ethereum_tx,0xb25393ed0b25719854c772dbd31ee6f419a75bc40e064965cc1d68152d74fd04,9481704,0xB1bEd2E4081d86F3199B08a2aa3CE2959e9272ab,0xc6255a594299F1776de376d0509aB5ab875A6E3E,0.0,1.5,confirmed
2025-10-24T17:56:42.075961,ethereum_tx,0xf36b2b8c6617e131c3e475f6628017a6eaec4c3d2b45bc5faa5264fd0348ef0c,9481704,0x2DD1FAcb6C876C6F04e5aE54B6f2C242CaCB4cC9,0xc6255a594299F1776de376d0509aB5ab875A6E3E,0.0,1.5,confirmed
2025-10-24T17:56:42.075961,ethereum_tx,0x0e8e02b72a6ce824797c5220b109a1bd741c3b297566a5d6782c51c18fedafea,9481704,0x383E61E6c059598d9394C4eE217Ba34C2be0f3FC,0xc6255a594299F1776de376d0509aB5ab875A6E3E,0.0,1.5,confirmed
2025-10-24T17:56:42.075961,ethereum_tx,0x0f356daa2f057ed478d0dd00b88f7ff013e5200e730863a3ca659b066167babd,9481704,0xd53b2F43fFF96aBc04a3a368F3405aeaDb443CCc,0xc6255a594299F1776de376d0509aB5ab875A6E3E,0.0,1.5,confirmed
2025-10-24T17:56:42.075961,ethereum_tx,0x3f06256c900781d34dcd0ec34b2cc31c31c51d71706c600140128e1635ed4ca9,9481704,0x78a6304E9dED5A9cbBBa2D85CD1E3A20e0f68193,0xc6255a594299F1776de376d0509aB5ab875A6E3E,0.0,1.5,confirmed
2025-10-24T17:56:42.075961,ethereum_tx,0x406f24d13c6cfb4cf5c216e124667be7ff1df448ceb613979394ea8d6bfe0c1c,9481704,0xaC56BEED1FCa1878621091c540a3d811D1DE8Dc9,0xc6255a594299F1776de376d0509aB5ab875A6E3E,0.0,1.5,confirmed
2025-10-24T17:56:42.075961,ethereum_tx,0xae5e69895f0c21401c18b9b28bef3313614d0a91f8d07404fbdc27da2396cba9,9481704,0xD22c6c02920dD8F149182c121c08e19C4a6750C5,0xc6255a594299F1776de376d0509aB5ab875A6E3E,0.0,1.5,confirmed
2025-10-24T17:56:42.075961,ethereum_tx,0xad80954151f10fe976ddeb03b42ebf8cedb151a6d7b2c560af6f7a862ff4bf28,9481704,0xF6f1730924532779A21183AABA65A2099D06398b,0xc6255a594299F1776de376d0509aB5ab875A6E3E,0.0,1.5,confirmed
2025-10-24T17:56:42.075961,ethereum_tx,0xd6920986fd40d83f508a9a5f00979aef0f87c44ff16341a982334873574353ed,9481704,0x6b10935C128032D490899a82135cB34EED75ec54,0x2A4496bbC344414e3bDbE6a8E7c40EF007DAeEd1,0.0,1.5,confirmed
2025-10-24T17:56:42.075961,ethereum_tx,0x7e16386eb0e1484ecf140c3cf3bd762f548af8ab597cb342f2a4db76ba5c3ef3,9481704,0xFB40a25360DC9618031680b2b135FBbb5Ed1B1A0,0x00D3b1f16D4Bd279Fe336241c44683627AE68596,0.0,1.000000009,confirmed
2025-10-24T17:56:42.075961,ethereum_tx,0x8ccbb1937875e6b3cda5abc19dfb975983587b3a08b22b3232e0b8e5cf76cdf5,9481704,0xB5988d5d9ADd3d98CF45211bE37cf9b3372054C9,0xd0dbB2486e3Fbf371D1B2e35Fa330bef6529d2f4,0.0,1.000000009,confirmed
2025-10-24T17:56:42.075961,ethereum_tx,0xe649f6950fd34f94bb319ad807aa652564d6078215fe8881f5ae9c100e95187a,9481704,0xF33827175e9414dfa1E4f0827F106359F6b52AB7,0xea86b43278159379686B220b0f858086e631cE1e,0.0,1.000000009,confirmed
2025-10-24T17:56:42.075961,ethereum_tx,0x83fa6f62253166e55009847ffb0cc280124e39373544c321db0b595420ecf97f,9481704,0x49c36b3BEc6b6e0e77305273FAFC68f479630535,0xd0dbB2486e3Fbf371D1B2e35Fa330bef6529d2f4,0.0,1.000000009,confirmed
2025-10-24T17:56:42.075961,ethereum_tx,0xc08b11bd5a490544310943a1d827c6f759aefeebebbfa89ea69395c615503386,9481704,0x568921948c5Cb18D7ffbD4b31422Ab22197880A4,0x297F9E629fEBCB455aaC2208d36BD85a6eD5fa87,0.0,1.000000009,confirmed
2025-10-24T17:56:42.075961,ethereum_tx,0x240dfb41f236eba97dead81eb0cadb5a98f06ba5464036363a289e69a1462b94,9481704,0xE85361e03efbF39417aB06b5EeEC0e4948725313,0x6c7D8e7afa23A13c070FefFcd313BCA7D5aDEbDD,0.0,1.000000009,confirmed
2025-10-24T17:56:42.075961,ethereum_tx,0x865702a667d150b99fd64e5afb5d2f8e8910151be82af26a550ed03ea585decd,9481704,0x1a9DCE6479De4561d50B8E051493a121feA5fA91,0x4672bbFAF8e11EBFadC72897B4527ad399ecA8d6,0.0,1.000000009,confirmed
2025-10-24T17:56:42.075961,ethereum_tx,0x9a21e1ff73b967b6c70e2a6927740e6462edb475bfd1b8449676cf4fcb234e93,9481704,0x8b8c52B04A38f10515C52670fcb23f3C4C44474F,0x5d4FC7610BB3332758D897d14Ac0e2d6AAE6bDef,0.0,1.000000009,confirmed
2025-10-24T17:56:42.075961,ethereum_tx,0x03b792b2beafa372ca54c80aed45ba3c56996cdbab5f588c0dab1e208d2c1c08,9481704,0x3D036BCE51b3E7715D55bF8B46dAa73d5001d720,0x1683980c6cD3d7e091BEB45c57b0058e43D9173B,0.0,1.000000009,confirmed
2025-10-24T17:56:42.075961,ethereum_tx,0x4a9339e91b2f5fb7e2e4cfe85a522cdfd7321915fe85f7f143bee2a3e6a0653a,9481704,0x0b7118EFBC92aB8779fa43D219364ac8E6f8C5AC,0xcF8DB88C2Ca2F85853F24Fa2273e70Ade07c3BBf,0.0,1.000000009,confirmed
2025-10-24T17:56:42.075961,ethereum_tx,0xa5e1587631da16b940af345db31e9d21a87e310260cc3969b26f794c40d647ab,9481704,0x45A9E762151139bA4059404989DcFAb068D69823,0xFf00000000000000000000000000260011155008,0.0,1.000000009,confirmed
2025-10-24T17:56:42.075961,ethereum_tx,0xab7c4e0e33428e226c0ae4c2865ff213a00957e0d37e2b6412fc094362f3c07f,9481704,0x13a6596159E231Ed08D073856839Cb2ec05DdacD,0x0c626Ac18f647830308cb35Bc7F0B987d9DbEA2d,0.0,1.000000009,confirmed
2025-10-24T17:56:42.075961,ethereum_tx,0xf54c9a3cfffadda0f12cfd577c6bd7b7a4864da08d66566fb535c81ac4c38008,9481704,0x180F0804cfa06448523d62B6794Dfe0fAc90Aff5,0x01a2102F61dbAE8787258b8410B5c865f82396B2,0.0,1.000000009,confirmed
2025-10-24T17:56:42.075961,ethereum_tx,0xb8d82b88cbff9b18ec807cc7e91b6ca1a4e69e3b9e558e944f985b9d1633aa09,9481704,0x652b06B298841bB0A826B442d4c18855Aee1E89d,0xFf00000000000000000000000000002f201c321a,0.0,1.000000009,confirmed
2025-10-24T17:56:42.075961,ethereum_tx,0xf671ea3ffb1bd57b00623feed72e5a5964759ee7c4e23384f6713d0e0f07fd10,9481704,0xefB3de33104C0E65B457037C4b69BdAfdADe99E1,0xA801b8B02744B3496f3e77dFC7b2D9E1D2577A19,0.0,1.000000009,confirmed
2025-10-24T17:56:42.075961,ethereum_tx,0x9a55c82c6eb0ec68c8a253a2736c35bce707c0cab6e741b091fbdef35b623c20,9481704,0x2D1fEcD426061329b2e7ad8100dCB7f31618bD0b,0x0704913e5FdE83af1b401a4cE079883b05d0461F,0.0,1.000000009,confirmed
2025-10-24T17:56:42.075961,ethereum_tx,0xcc1e6b04a7fbaf62d8024c4e12ff4dbc2ee00a774f41ef1c3198293dd022eb29,9481704,0xa029e2E511d10CC73b681a7BA0A0cb443AE956Ed,0x5F9364fd5F86091f0c654910c9Db71D3E2c889c3,0.0,1.000000009,confirmed
2025-10-24T17:56:42.075961,ethereum_tx,0x958ca44281cafc6640af05588989236410b1578a05dd6fa16dab0a68df7edd96,9481704,0xF0FEd0C0192539a1076d8BDa1233f414704d98Be,0x00D22efF04CF7d0f5A355A6D9A06E43120398dA6,0.0,1.000000009,confirmed
2025-10-24T17:56:42.075961,ethereum_tx,0x5e4cc99b28e6f4dc5fac8b7153cb3141b27b63615875197ef028894a137087d2,9481704,0x0b74F2f1b62a25b70f2affED2C022F51405A4642,0x14C7e0e0b277B756598F7C0778af46Ca8E6B4159,0.0,1.000000009,confirmed
2025-10-24T17:56:42.075961,ethereum_tx,0x568ceb54bab8388df4d20b9e1aaf6ec413cc952c07eb7c553572da3021f14579,9481704,0x8a8f0a24d7e58a76FC8F77bb68C7c902b91e182e,0x042B2E6C5E99d4c521bd49beeD5E99651D9B0Cf4,0.0,0.050000009,confirmed
2025-10-24T17:56:42.075961,ethereum_tx,0xec53dfbd4ef265b5e0bd3142867db0ffc34a97f0aa0413b6b65f7d1d215769eb,9481704,0xeaAF31e7D82ac82EA14114f6216b10B4c563587f,0xf993E10C83Fe26DddFc6cb5E82444C44201e8a9C,1e-06,0.020000009,confirmed
2025-10-24T17:56:42.075961,ethereum_tx,0xb57917e2ebe897fd8f1163c30ef67a564769b670966f1b06e9b9ea778043f1ed,9481704,0xA842cf5C304c96A4DC56eF47503542e6846c6a31,0xf993E10C83Fe26DddFc6cb5E82444C44201e8a9C,1e-06,0.020000009,confirmed
2025-10-24T17:56:42.075961,ethereum_tx,0x7c722127835439410182cab8a83e3bb5fc4c6895a2036f942b4030cae8e9ef27,9481704,0xCFA4177dbF571302c410D0Ff52bc8c215c8Aa050,0xf993E10C83Fe26DddFc6cb5E82444C44201e8a9C,1e-06,0.020000009,confirmed
2025-10-24T17:56:42.075961,ethereum_tx,0xee819c6f2f375f1af5da49a3771bf4c7398b07f1141e3bf2fb9e4f4af1e07860,9481704,0x1120BF257b5b2b6F615B6F6E09F21fE84FE441E6,0xf993E10C83Fe26DddFc6cb5E82444C44201e8a9C,1e-06,0.020000009,confirmed
2025-10-24T17:56:42.075961,ethereum_tx,0x7f0ec41d8bf64ff996f2f82eb0e41edd0bd7787b11ad1a0a03692cae4e683fda,9481704,0x7D6feE17d11D0248082Cc3E1c68910ed4C32370D,0x956962C34687A954e611A83619ABaA37Ce6bC78A,2.121739713562e-06,0.001500013,confirmed
2025-10-24T17:56:42.075961,ethereum_tx,0x198a74dffecb4f89f660fc4264c22ed35732ddc1f164e0e3c2f615d2b420cf32,9481704,0x4679b6410Fc35B6585DB478dC7afe4ED0Dc236d1,0x956962C34687A954e611A83619ABaA37Ce6bC78A,2.86074804192e-05,0.001500013,confirmed
2025-10-24T17:56:42.075961,ethereum_tx,0xa50042ba2369c7d80c656a6dacef272aa131ca7981afae12aa2c9506c16b7027,9481704,0x6B6e5bDBE151A6AdAA0E13193673a2388F250F49,0xc6255a594299F1776de376d0509aB5ab875A6E3E,0.0,0.001350012,confirmed
2025-10-24T17:56:42.075961,ethereum_tx,0x3d6a1dcbe6a3723982cababa9db8b18f14406d9e12175b9de5955309fd99ccd1,9481704,0x7e62c5e7Eba41fC8c25e605749C476C0236e0604,0xBdCC405C59ED6075088E600f25DF922d76bCcB64,0.0,0.001300011,confirmed
2025-10-24T17:56:42.075961,ethereum_tx,0x885b0e5f20b216ff18c4eb1d3caecd4faea86c18f32317e77e5996905efcd947,9481704,0x609fE9592eFFDf73231E595808F25A6e9b172465,0xc6255a594299F1776de376d0509aB5ab875A6E3E,0.0,0.001250011,confirmed
2025-10-24T17:56:42.075961,ethereum_tx,0xf09fe9d1755b48d0fb425608efa36c8a72f0edb858f4368872741108a9ab1edd,9481704,0xE4765a5D7335DAd51b3058d0b8eDeE540D149a21,0x83458E8Bf8206131Fe5c05127007FA164c0948A2,1e-18,0.001200009,confirmed
2025-10-24T17:56:42.075961,ethereum_tx,0x125b536dbc4e2a3dd29e8b4ae4a370d05ee5ae99d2d4382c364850bf39301846,9481704,0x61d8838f9A00250C9AF13D622DA7c08c372ee587,0xCf8EDB3333Fae73b23f689229F4De6Ac95d1f707,0.0,0.001127698,confirmed
2025-10-24T17:56:42.075961,ethereum_tx,0x2e08c69d5364cf3723f10bea7843eb04b8738d3f0df2ab473eb5c24ace610df2,9481704,0x61d8838f9A00250C9AF13D622DA7c08c372ee587,0xCf8EDB3333Fae73b23f689229F4De6Ac95d1f707,0.0,0.001127698,confirmed
2025-10-24T17:56:42.075961,ethereum_tx,0x2026447c08be5ae6b94f71f4c25a27793ca3b1d768a2f912a5a19200be150710,9481704,0x61d8838f9A00250C9AF13D622DA7c08c372ee587,0xCf8EDB3333Fae73b23f689229F4De6Ac95d1f707,0.0,0.001127698,confirmed
2025-10-24T17:56:42.075961,ethereum_tx,0x38f916c2509ffb82956161d42f90d13bac5a68405f00e4e3650d3ad32628d5b0,9481704,0xb3a1956Cff1ecc8054B81b0C83b9847CB71384b8,0xCf8EDB3333Fae73b23f689229F4De6Ac95d1f707,0.0,0.001111737,confirmed
2025-10-24T17:56:42.075961,ethereum_tx,0xd213e820ad3fd3e3ba1dfb0932249bbabd5af14b87be1e801b54c47e33131833,9481704,0x52f1984Cd3e46e1214dB222D3Ff63712E7aCEedD,0x0d36b1a1D7692383b634814822B982Ae206f3c61,0.05,0.001100009,confirmed
2025-10-24T17:56:42.075961,ethereum_tx,0x6f3343686c6f391b7b1df5f6682bb0a91566f9970a0d533d5c23f2fd6ffdee4b,9481704,0xAfEDA61dB9e162293b2eF2C2bC5A800b37Bb5E4a,0x0620cec9cd139080E9891A967AFC2069108447cA,0.05,0.001100009,confirmed
2025-10-24T17:56:42.075961,ethereum_tx,0x968b773556494ba17dc6c0c9bd2b0adba3614f09788c93c47401ad5ca1a09f8d,9481704,0xF3259058C7509deeb1DE67aeECD6A8cbbB4279Df,0xb99B03DE77146403B131BA23220a8d0C59C0B327,0.0,0.001100009,confirmed
2025-10-24T17:56:42.075961,ethereum_tx,0x8d402f00b98f82edcdafd7ff405b6c445411630214e1030918a3d1e1c0a8fae6,9481704,0x9484449f2BE7CD6E01eF55bC5438C733e0759e0f,0xA1629Cdc6718Bb21F75ccadBAb7FF281377cc3F0,0.05,0.001100009,confirmed
2025-10-24T17:56:42.075961,ethereum_tx,0x4c590885e63b29be6cff86fc161b92cd5acbf27e58a88aa7945178374afe11dc,9481704,0x3Da763C42E438eB17880fB6A83040d6cf13eF03b,0xFf00000000000000000000000000000000042069,0.0,0.001096928,confirmed
2025-10-24T17:56:42.075961,ethereum_tx,0x799ade18c1aa4b7671f16ffea4868b679635bfbd9277d1fac1f08299e4de93ec,9481704,0xBf389beCd498E1a07bd011489F6982DbC7E31897,0xFb13dE1C5aC28fc8335Ec5721b06eB4eA6e3897b,0.0,0.001096928,confirmed
2025-10-24T17:56:42.075961,ethereum_tx,0xad2228d428948f817a27848bc0e1ddc580fbf874f2a037a8b2aa7c2395097d0b,9481704,0x3Da763C42E438eB17880fB6A83040d6cf13eF03b,0xFf00000000000000000000000000000000042069,0.0,0.001096928,confirmed
2025-10-24T17:56:42.075961,ethereum_tx,0xa4e824d74073ef289c848e631470d54a01a5ddb76148066429920dc6f31f82ae,9481704,0xc82789d49506497BDe575950440D0EB3deCfA97E,0x3eDF60dd017aCe33A0220F78741b5581C385A1BA,0.0,0.001052641,confirmed
2025-10-24T17:56:42.075961,ethereum_tx,0x2ae67e126b885a04ab75c47087fa1f9a782ad4d1cef55b6ccb844d322c6cd609,9481704,0x6DB6fA62876f52F0eCeDb4aa91b55A86B75086F8,0x7215691F60C4fA7Bb82c5Ac44c7d57dc32bB0493,0.0,0.001052641,confirmed
2025-10-24T17:56:42.075961,ethereum_tx,0x5c2c65e7d69e19a23dd2968c99b6f14bec87dc2ef162fcef58d843629adec482,9481704,0x5d72984B2e1170EAA0DA4BC22B25C87729C5EBB3,0xd4116f515A6958da851080B390DDE4B81f408978,0.0,0.00100001,confirmed
2025-10-24T17:56:42.075961,ethereum_tx,0x9184d9a3fb48559e154b2463ea6fc4901491b71deaa448bce06e3b14f5ca831a,9481704,0x78a8BA9D07991f7e085366E6e3736A3FB38BbBeC,0x87A3effB84CBE1E4caB6Ab430139eC41d156D55A,0.0,0.001000009,confirmed
2025-10-24T17:56:42.075961,ethereum_tx,0x7a0bd142923192a5005c73a06a5ff200bcdb4f2b5c88751aa9a4eb34e753ac66,9481704,0xd714797832fccF2E071aC79278A99E46172CFB54,0x0000000000000000000000000000000000000000,2.36e-05,0.001000009,confirmed
2025-10-24T17:56:42.075961,ethereum_tx,0xd9bdcef81563bf8d933337a1a29551ff62e5c5acb90ff4f2b9f5632bc7cb7bc4,9481704,0x969cB52721b6f30F78db7e9b9e1Fc97162b83D01,0x08d2b0a37F869FF76BACB5Bab3278E26ab7067B7,8e-05,0.001000009,confirmed
2025-10-24T17:56:42.075961,ethereum_tx,0x886dc6a9f476d6d7fc43d8ad4efc39967772efb32680a2c6bf5877dc031dbb6a,9481704,0xAd9fDaD276AB1A430fD03177A07350CD7C61E897,0x674307B5D8340fA5d6a659D252d6b816bc85997A,0.0,0.001000009,confirmed
2025-10-24T17:56:42.075961,ethereum_tx,0x2f3497c27db65356f26de074cdaff1a0cc4bbf5ec83cfbb09ea1d90813317b77,9481704,0xca08F4d67f5ceeD90C3A407494e597684F1560C2,0x87A3effB84CBE1E4caB6Ab430139eC41d156D55A,0.0,0.001000009,confirmed
2025-10-24T17:56:42.075961,ethereum_tx,0xae393995c9a806c11afb61894629ac972e9bbf158ae5a724694b7d1fa140d073,9481704,0xaa0dff2fef2D021FF5aDE44Ff17704d59345dd1b,0x0000000000000000000000000000000000000000,1e-05,0.001000009,confirmed
2025-10-24T17:56:42.075961,ethereum_tx,0xedf2371040dce755267d6cc84c256f0cc725ce33663aceb45a06a4fa3bf9f990,9481704,0x0728f870bcA75f2C215466fE59F6940F2A9DF12a,0x853758425e953739F5438fd6fd0Efe04A477b039,0.0001,0.001000009,confirmed
2025-10-24T17:56:42.075961,ethereum_tx,0x120f48dfeaab7989f6e57c75f283ee532aa38cbc4e6616b2e4af7ad2fffcb486,9481704,0xE232521803e53509E75A8DD8e8C9db2d56Ae70C0,0x44A168Cda598a796f5ed0C21B9a4f1dC55C36b56,0.001,0.001000009,confirmed
2025-10-24T17:56:42.075961,ethereum_tx,0x220a44b8e2691ce6033027349a6f8f220117dea8212d3ed69747b70f5df6f7ff,9481704,0xb671092C414eeCB5859dc6108A1A26831a6DAb5b,0x89a2B37c7b43147A991b44551CbC9E7d130e3e23,1.53e-06,0.001000009,confirmed
2025-10-24T17:56:42.075961,ethereum_tx,0x702f0550d4277b5552c7b5b586b6ea7d290b964eea06c80fbc77eb18267df885,9481704,0xB80cabb3D2FBF6672042eabE515434E1e53102D6,0x853758425e953739F5438fd6fd0Efe04A477b039,0.0001,0.001000009,confirmed
2025-10-24T17:56:42.075961,ethereum_tx,0xa038bbd081ac00b1a1a610a94d7f3ebff9eb3376f001d92e9bd18a4f0eabf1d7,9481704,0x905c16e089Ccc473d5bd41DDC4960a68D0D0908E,0xfba1b9A093F160B6990cb1601651ec8fa7672692,1.63e-06,0.001000009,confirmed
2025-10-24T17:56:42.075961,ethereum_tx,0x332e6114a83e8478825067c505378ba12030b4b77e9652d04dd4ffd0d4e53808,9481704,0x2031832e54a2200bF678286f560F49A950DB2Ad5,0xA1629Cdc6718Bb21F75ccadBAb7FF281377cc3F0,0.1,0.001000009,confirmed
2025-10-24T17:56:42.075961,ethereum_tx,0x0d028e3a088ef8bf9a83c43c38e38c0b01a9bb3479aa5fcc745356d211a61b78,9481704,0xdeAC1466D1d653F210C71AE10dAE79dE51884bdc,0xEAa19873D6b4A253007e6B427517cA144A360073,8.1e-06,0.001000009,confirmed
2025-10-24T17:56:42.075961,ethereum_tx,0x9c9803687a0430da8e1307ab99eeaa73266bcaa55fe1a2965207acc633214c8d,9481704,0x73DA155ca8351Aa206c9ad1e1510134a3987166a,0x08d2b0a37F869FF76BACB5Bab3278E26ab7067B7,3e-05,0.001000009,confirmed
2025-10-24T17:56:42.075961,ethereum_tx,0x1333f4bfa7ad945f799cb532a9549d6795116157dc6f2e7887086b1b8323379f,9481704,0x969cB52721b6f30F78db7e9b9e1Fc97162b83D01,0x08d2b0a37F869FF76BACB5Bab3278E26ab7067B7,9e-05,0.001000009,confirmed
2025-10-24T17:56:42.075961,ethereum_tx,0x932ab2e5b4a41f07b579966112ace3a4b80fa345ef60a8e63fd65ec682740948,9481705,0x7A43fD33e42054C965eE7175dd4590D2BDba79cB,0xfF00000000000000000000000000000011763072,0.0,16.000000009,confirmed
2025-10-24T17:56:42.075961,ethereum_tx,0x197927d805292e3d1218f4ccce44b781fb7b1ff441ee222ae7cd7993a55b37ef,9481705,0x7A43fD33e42054C965eE7175dd4590D2BDba79cB,0xfF00000000000000000000000000000011763072,0.0,16.000000009,confirmed
2025-10-24T17:56:42.075961,ethereum_tx,0x64a6eecc4fe4fa4e2cc0f85ae16ab4d9ee083b20db3851251d929e4f149ef9bd,9481705,0x7A43fD33e42054C965eE7175dd4590D2BDba79cB,0xfF00000000000000000000000000000011763072,0.0,16.000000009,confirmed
2025-10-24T17:56:42.075961,ethereum_tx,0x3daea852e7cc0eef0a6e951cfdfcd2f799bad2b322175ecb683f1dd4197d13aa,9481705,0x7A43fD33e42054C965eE7175dd4590D2BDba79cB,0xfF00000000000000000000000000000011763072,0.0,16.000000009,confirmed
2025-10-24T17:56:42.075961,ethereum_tx,0x71f41d2fdd045fdea546ae0bf691caafe115106689c6e54c675964b190462dcd,9481705,0x7A43fD33e42054C965eE7175dd4590D2BDba79cB,0xfF00000000000000000000000000000011763072,0.0,16.000000009,confirmed
2025-10-24T17:56:42.075961,ethereum_tx,0x43b8b67815457b70ed711028c784cc1676fa11af4294b74ae62ac952d1cec686,9481705,0x7A43fD33e42054C965eE7175dd4590D2BDba79cB,0xfF00000000000000000000000000000011763072,0.0,16.000000009,confirmed
2025-10-24T17:56:42.075961,ethereum_tx,0xa6e13930a6bc8abcf4d3fa7e1f38dd249c7d82aeaa709be9116454dfb044977b,9481705,0x7A43fD33e42054C965eE7175dd4590D2BDba79cB,0xfF00000000000000000000000000000011763072,0.0,16.000000009,confirmed
2025-10-24T17:56:42.075961,ethereum_tx,0xb494a9339139217fc5e0abf0925146814dc866bf4ffd8fb2d60b2c046ea151f7,9481705,0x7A43fD33e42054C965eE7175dd4590D2BDba79cB,0xfF00000000000000000000000000000011763072,0.0,16.000000009,confirmed
2025-10-24T17:56:42.075961,ethereum_tx,0xba5291152cce937cf0f6629534cf38b30b9778461025cb8dbca3eba7028eb0ea,9481705,0x7A43fD33e42054C965eE7175dd4590D2BDba79cB,0xfF00000000000000000000000000000011763072,0.0,16.000000009,confirmed
2025-10-24T17:56:42.075961,ethereum_tx,0xc1fc16289dbac94138f06250cd64ba8a72e3d208e11a4dc2cceebb6fc20964df,9481705,0x7A43fD33e42054C965eE7175dd4590D2BDba79cB,0xfF00000000000000000000000000000011763072,0.0,16.000000009,confirmed
2025-10-24T17:56:42.075961,ethereum_tx,0xb046e8cc5669a9db9d75a84eabc6abf86753c4868b1af60c110172236bb39c07,9481705,0x7A43fD33e42054C965eE7175dd4590D2BDba79cB,0xfF00000000000000000000000000000011763072,0.0,16.000000009,confirmed
2025-10-24T17:56:42.075961,ethereum_tx,0x21440ce903edf600d335f4d793bd83b257312cfe47d5e8bb864e722c2f335aaf,9481705,0x7A43fD33e42054C965eE7175dd4590D2BDba79cB,0xfF00000000000000000000000000000011763072,0.0,16.000000009,confirmed
2025-10-24T17:56:42.075961,ethereum_tx,0x9608a951d43d8e7667d5020218a863e1237309464fd9ed21472a96e278b245a7,9481705,0x7A43fD33e42054C965eE7175dd4590D2BDba79cB,0xfF00000000000000000000000000000011763072,0.0,16.000000009,confirmed
2025-10-24T17:56:42.075961,ethereum_tx,0xc8516d8f27c4ae5fd8c10682479bdfc25d4fb70f1fbda097764db2135735f28e,9481705,0x7A43fD33e42054C965eE7175dd4590D2BDba79cB,0xfF00000000000000000000000000000011763072,0.0,16.000000009,confirmed
2025-10-24T17:56:42.075961,ethereum_tx,0x927a6703f70618b5642447a9375faa212425deb1a42635506072d9f037a2a78c,9481705,0x7A43fD33e42054C965eE7175dd4590D2BDba79cB,0xfF00000000000000000000000000000011763072,0.0,16.000000009,confirmed
2025-10-24T17:56:42.075961,ethereum_tx,0xc23ca43a0658e21329fbe00c5869af6ac74f81e3e5088af34c68ab1778a33351,9481705,0x3C95c2633296B264d051498C4b2e982EbB526A53,0x3C95c2633296B264d051498C4b2e982EbB526A53,0.0,4.1,confirmed
2025-10-24T17:56:42.075961,ethereum_tx,0x723d81b4d3e2090769811bb24a0ea2acc5b80ba84e656bd5be266330d9eb99df,9481705,0x6Cc9397c3B38739daCbfaA68EaD5F5D77Ba5F455,0xC807e07b5275d3a2DC6134C9B26804c3e54081e9,0.26010199,2.000000009,confirmed
2025-10-24T17:56:42.075961,ethereum_tx,0x7f8dbabbfed5c0233fb579d45838562a6babb44c8bc7351990dcb67756c287e6,9481705,0x6Cc9397c3B38739daCbfaA68EaD5F5D77Ba5F455,0x8F651d3C323D04e6C8b5D64bfAbFc9e9d8C249F9,0.7659235,2.000000009,confirmed
2025-10-24T17:56:42.075961,ethereum_tx,0x77fcd97105ca8ae8b11b3598dba8519ac128897d25e4e8e278fda01b58b7b35e,9481705,0x709e7761F8482bFd253457c87866f3fFd35b866B,0xBC04d69Ecd7890699b2BE7924eA86474e15098E6,0.599968499999937,1.500000009,confirmed
2025-10-24T17:56:42.075961,ethereum_tx,0xf02391bc12eadc4df08e394bd9c00d0e7204aa3e5b680801e8087a6b203b5910,9481705,0x3e3fe9D33AfbBca3D5514379b73c7D364c260635,0x844737f8977b57d2931caAF987307Ce9AD2f01eB,0.0,1.500000009,confirmed
2025-10-24T17:56:42.075961,ethereum_tx,0xd41da0258d54e50e112b8f26333c9c8015e224a7dfb77d0db831d385330c8307,9481705,0x1737f920afc9aC43160CbC07bdFc98f27e4bA075,0xd110672E48c5B29ca911821539b7F202F3d6a9BD,0.0,1.500000009,confirmed
2025-10-24T17:56:42.075961,ethereum_tx,0x60fe52d32963aea92d2cdbf2ee4e01c1e4578537649de19c125d017c012e6895,9481705,0x410B629233ADc97edfd43D65A1790e5EDbd16F77,0xB7C3874f5017d191E9703862ba541852f57888F0,0.0,1.500000009,confirmed
2025-10-24T17:56:42.075961,ethereum_tx,0x9d38e3156f555c84c03c69b0318aa887c86794296896005fa532812b4d0dc0dc,9481705,0x1e60C6633bd8a700dc079A1503C0257A9b619A5D,0xf799Ac7e2DAbC6c7B3d516502eA72D01cC191d6c,0.0,1.500000009,confirmed
2025-10-24T17:56:42.075961,ethereum_tx,0x15994bf32e0ad069b4ab843d5233c71322f72aacefe9b88074343bf2aa441d99,9481705,0x53646D2A54dF1dcA4Ea2Ac66A6279f91C976dF56,0x2eEfDcb72282F7c1837Da90e2c531b3201Afd5f7,0.0,1.500000009,confirmed
2025-10-24T17:56:42.075961,ethereum_tx,0x23953a4ce32a3a693e8a28e761d74504d37afcedf7cf65a13f4f02b1ecdaf9f7,9481705,0x4C1F29576B4d4B8972827049c7eCCA07e250f274,0xc6255a594299F1776de376d0509aB5ab875A6E3E,0.0,1.5,confirmed
2025-10-24T17:56:42.075961,ethereum_tx,0x3e54b77b637243e3d1bb751c7447d172d9f401fb0f195ddeecef99f6b666f71c,9481705,0x5A6D4D505a101725d98d57937b80991f2fA32791,0x60bD5E2B484EfDFE349f7815A9873E9beecC9316,0.0,1.5,confirmed
2025-10-24T17:56:42.075961,ethereum_tx,0x7f7b9e3d015721640bf408e7ce74b4841628b1c2440d6b7f4c9645ad18453419,9481705,0x5689c7d8448B93A67666d39326Fc78334FF53F3f,0xc6255a594299F1776de376d0509aB5ab875A6E3E,0.0,1.5,confirmed
2025-10-24T17:56:42.075961,ethereum_tx,0x51cfe6f135e0ab34ae3c3f77cff273db131f733d5cab4928c95f245a332ca34b,9481705,0xE02E99e4b249358D3Bc6bBD060160C4d4D258B6e,0xc6255a594299F1776de376d0509aB5ab875A6E3E,0.0,1.5,confirmed
2025-10-24T17:56:42.075961,ethereum_tx,0x2c6c9058477b703eb4e0c8ee03bc6ade2530a0c8daac9831a3ec02aea8cd4ccb,9481705,0x1f5c4D99Cc8CCCFd1d603757AB54dA8891227a2B,0x2A4496bbC344414e3bDbE6a8E7c40EF007DAeEd1,0.0,1.5,confirmed
2025-10-24T17:56:42.075961,ethereum_tx,0x6ad29ca2a9c682243e50ef6c71c00e0dd10407730dd2165949a6c2da7d9d1cff,9481705,0xFb24BB2DF1cB9e3f0b7E80ba2aB744F4F77c75E2,0xc6255a594299F1776de376d0509aB5ab875A6E3E,0.0,1.5,confirmed
2025-10-24T17:56:42.075961,ethereum_tx,0x3998b05f55e10c2f35bcd9b42433cf6d43329f6ee70b07fc87d8e157959e2498,9481705,0x6adbFB2d5D377612c5D3Fd9373934FbdcEaC160F,0xC227841A91ef2765f6f0430B8b4a27587BDFD782,1.05e-05,1.5,confirmed
2025-10-24T17:56:42.075961,ethereum_tx,0x657431b827e3de3decaa0bc53796a48547d590149a30b84c57441cbdaf9a3857,9481705,0x6038C5D29d96c3f8ee219E6553C38dE08aDFFC86,0x2A4496bbC344414e3bDbE6a8E7c40EF007DAeEd1,0.0,1.5,confirmed
2025-10-24T17:56:42.075961,ethereum_tx,0x2c366b8d800de6d119cc5b08a2cebf24bf449ffcb92336718cc89286e6aecba8,9481705,0x78a6304E9dED5A9cbBBa2D85CD1E3A20e0f68193,0xc6255a594299F1776de376d0509aB5ab875A6E3E,0.0,1.5,confirmed
2025-10-24T17:56:42.075961,ethereum_tx,0xf8014807a5f3a01cc499a920d99a0f52438f12f1be3400e1238a1f3ba05a101b,9481705,0xd53b2F43fFF96aBc04a3a368F3405aeaDb443CCc,0xc6255a594299F1776de376d0509aB5ab875A6E3E,0.0,1.5,confirmed
2025-10-24T17:56:42.075961,ethereum_tx,0x1ff33dd0a9a9e587aace6441196c2879041968468338e9b561e36b06e476489f,9481705,0xB1bEd2E4081d86F3199B08a2aa3CE2959e9272ab,0xc6255a594299F1776de376d0509aB5ab875A6E3E,0.0,1.5,confirmed
2025-10-24T17:56:42.075961,ethereum_tx,0x3dec98bcdd9fd85395e3be5c5e613105684b6024dff32995c6f5a5ee0a340120,9481705,0x1342AB509342Ce666289e5030570eaA31ab50CC0,0xc6255a594299F1776de376d0509aB5ab875A6E3E,0.0,1.5,confirmed
2025-10-24T17:56:42.075961,ethereum_tx,0x24436bef933544c8ffce3ee41fc277b9586f78bdbb4011650813bc0b9444907b,9481705,0xAC346feDd3214ff200CB8DE8f8cb0BB5b3928224,0xc6255a594299F1776de376d0509aB5ab875A6E3E,0.0,1.5,confirmed
2025-10-24T17:56:42.075961,ethereum_tx,0x5dd661928a08e9084ae3cb91be788a00f853de533a3f05077d7a9426ed9372df,9481705,0x1361234CdD2598D5C49Be7b460936Ed1A718b841,0x2Ef87AAe33c70F5079beEB988C858af4F225cc95,0.0,1.000000009,confirmed
2025-10-24T17:56:42.075961,ethereum_tx,0x37526aebbcdcf806bd7c93f1b0c2654f34625e31198363eb99606ed78b9fe03c,9481705,0x32136151194F4730518C6F1e47dBcBA1d67932C8,0xB746AF0F1b4e6A5F1E133BfF2094B15784269bcF,0.0,1.000000009,confirmed
2025-10-24T17:56:42.075961,ethereum_tx,0xfa048e100a2b32f4f17570ec13b1aee68222ab611c9b513b255fc35bc32ded3c,9481705,0xEbDf9256B79b2ca70Dfc4392280f4D39C64E48E4,0x157dF160081dC8b97900F4D0D276ed8DEa29976d,0.0,1.000000009,confirmed
2025-10-24T17:56:42.075961,ethereum_tx,0x891d18142cea2a11f0e74b596b56794eaf38b2e1028ab693099ee57feeb77bd9,9481705,0x81D8061076ba0A19c110b5BFf2b9Dd03F8446aa1,0x9d2D950Ff3EE1B75875b8C0FA318644f437924C8,0.0,1.000000009,confirmed
2025-10-24T17:56:42.075961,ethereum_tx,0x59b8f9e4546cbedc8fc59af24c438a5e8845b0d2bc3e87c7945549ac3c52dcdf,9481705,0x4cb9884B2ff365BD9EFC90FcD1D3D4fF1868Eb9b,0x00d3655636e6644c48d19f70bf4ce14b232ba696,0.0,1.000000009,confirmed
2025-10-24T17:56:42.075961,ethereum_tx,0xc667f25c3ed277eb76bc37ecf365febf89989f495bf27b0f11abffcf7ae9c606,9481705,0x15F447c49D9eAC8ecA80ce12c5620278E7F59d2F,0x000fAEF0a3d9711c3E9bBC4F3E2730dD75167dA3,0.0,1.000000009,confirmed
2025-10-24T17:56:42.075961,ethereum_tx,0x91149fcad44fae16f65a857f18734a74256241f853574f3a9f188343cd889a26,9481705,0xA3e4785E9D4bDF3EE641D4ae405DDceCAAec59e6,0x00aeDCFa5C53DBc9228Bb459CB3d9a75ea661ca1,0.0,1.000000009,confirmed
2025-10-24T17:56:42.075961,ethereum_tx,0xd1be911bb046400b4171491acd7357b8d48cd7df0d433992d8f981cc43b8d409,9481705,0xa0Bd6655447dDcb081ac4ff32AbCCB8997e05e6e,0x956962C34687A954e611A83619ABaA37Ce6bC78A,0.003,1.000000009,confirmed
2025-10-24T17:56:42.075961,ethereum_tx,0x65e9be62a1fdde8e26096040db620d4b416c41f2df8790838b0447415416fa81,9481705,0xF0FEd0C0192539a1076d8BDa1233f414704d98Be,0x00D22efF04CF7d0f5A355A6D9A06E43120398dA6,0.0,1.000000009,confirmed
2025-10-24T17:56:42.075961,ethereum_tx,0x08ad77698d103e8d585b0a0779479147282351886ac00c7a5fbf425a1cf87cf0,9481705,0x9186A66C6EBF3fEf7C3D1FD7EaDF560f6a14Ca26,0x73840dC22e0AAdE9Dac7ad255b4bb4f00f6CaC36,0.0,1.000000009,confirmed
2025-10-24T17:56:42.075961,ethereum_tx,0xda510d5d23f98fef88606b231c9f7093e765b410d1e1521b8e6888c44b9dd6d8,9481705,0xFCe29b55AC291b56E20fa7004dA8d0fB91B16973,0xc2c23CFB179ae98C98bF178aE72847DAdAC8880d,0.0,1.0,confirmed
2025-10-24T17:56:42.075961,ethereum_tx,0x8aac59f5eec1fd9b5d4f669a77e9b8968f8102b64149b44322bf0c27ab37424c,9481705,0x395c733E86200531b3DE57fd9fa3E148c79a88e2,0xf993E10C83Fe26DddFc6cb5E82444C44201e8a9C,1e-06,0.020000009,confirmed
2025-10-24T17:56:42.075961,ethereum_tx,0x7474c94c282bf6a10c0006915a840afb0097c3d49ad3e916cf8d4c1a756fee7b,9481705,0xB8265d805A8a046326260946ca7335fcf8c2e6e4,0xf993E10C83Fe26DddFc6cb5E82444C44201e8a9C,1e-06,0.020000009,confirmed
2025-10-24T17:56:42.075961,ethereum_tx,0xb80ebeda1f8cb14e86feee798d0b2424253cbed0ab7efac37a2c91d5ed601bcc,9481705,0x79957400b5dC26E1BD7b87FBf2Da03dd528E65E8,0xf993E10C83Fe26DddFc6cb5E82444C44201e8a9C,1e-06,0.020000009,confirmed
2025-10-24T17:56:42.075961,ethereum_tx,0xdf5334a5b88e3ba14d2a6052aae125d5c164ad27ad7ea9bff0ea8e9339191fb9,9481705,0xa28E694142f2C710a1920821F3d580Bdd8eCe501,0xf993E10C83Fe26DddFc6cb5E82444C44201e8a9C,1e-06,0.020000009,confirmed
2025-10-24T17:56:42.075961,ethereum_tx,0x18b9af4500d52a4522106e30510562b96bace71fc517b17f4912e44f5689b7de,9481705,0x0ea879CdfB7dD062e4bA235F74F4E36b265D59e1,0xE09d6B1Abb4B0d2Dbd6E948577d1e4d04C85aDA5,0.0,0.001718759,confirmed
2025-10-24T17:56:42.075961,ethereum_tx,0xec7169fb821bbc56140419c59dd3af2661baa794df249a3a34d870ac7186acc4,9481705,0xf286c79b4a613a1fE480C8e4fB17B837E7D8ba03,0xd0dbB2486e3Fbf371D1B2e35Fa330bef6529d2f4,0.0,0.0015,confirmed
2025-10-24T17:56:42.075961,ethereum_tx,0x4dd42b78360bc5553b9d1d0f40282d61ac65f592a37c934ab7baf2d5ee3e1468,9481705,0xf286c79b4a613a1fE480C8e4fB17B837E7D8ba03,0xd0dbB2486e3Fbf371D1B2e35Fa330bef6529d2f4,0.0,0.0015,confirmed
2025-10-24T17:56:42.075961,ethereum_tx,0x6a97e02bb103b572175c73b43fadf359ce761dc4d7ff6d56378eee95333b0282,9481705,0x7E098B21412B42493676CE9B427CF70F146a941c,0xb3926deF2e0989B0700a57034C9A211bfBcF858B,0.0,0.001400012,confirmed
2025-10-24T17:56:42.075961,ethereum_tx,0xefb5fedd8f0d90d2a2fbea8a51fd8cc5df71b0708afe536e578f4e439101cfd3,9481705,0x6d7927C0D236388319864007681BC0C6b844Def8,0x12e1181a741b70BE6A9D81f85af3E92B6ba41897,0.0,0.001300011,confirmed
2025-10-24T17:56:42.075961,ethereum_tx,0xa066f84ed294abae7ecd60a35c38b8c0e8e26931872171a40e3ee421550dfb79,9481705,0xB5988d5d9ADd3d98CF45211bE37cf9b3372054C9,0xd0dbB2486e3Fbf371D1B2e35Fa330bef6529d2f4,0.0,0.001200011,confirmed
2025-10-24T17:56:42.075961,ethereum_tx,0x52e5a9e8b16a1cd685d00b12225234d95529158aadd16aa00cb478b565cb53c4,9481705,0xcD798540A7a28717bA8f36fBF2a707510973c0dc,0xc6255a594299F1776de376d0509aB5ab875A6E3E,0.0,0.001200011,confirmed
2025-10-24T17:56:42.075961,ethereum_tx,0x5a6ec9d97875941fb0d7c9a34cbee79bb58523ca3f9ae9c1fadea12397141420,9481705,0xd25DB2Ff2263A31b192EE117eB83E7792C01d58f,0x956962C34687A954e611A83619ABaA37Ce6bC78A,0.000215,0.001200011,confirmed
2025-10-24T17:56:42.075961,ethereum_tx,0x46b5abec795c7c0a9019be97894c0b86dc291502cf565d595249d0c88b5fa145,9481705,0x2D1A477e22F93b66F70a781D1f6aB73C3a62f09b,0xA73aFb610aC79A729A393D679029fCf9618854AD,0.0,0.001200011,confirmed
2025-10-24T17:56:42.075961,ethereum_tx,0x04360a533f69ccaf01607b8ff8467bfd067ad8771759a28107ee6244ea7d6aba,9481705,0xcD798540A7a28717bA8f36fBF2a707510973c0dc,0xc6255a594299F1776de376d0509aB5ab875A6E3E,0.0,0.001200011,confirmed
2025-10-24T17:56:42.075961,ethereum_tx,0x50b2a2b62e5d9de91ef60db08857baed74014f954366aa1b331f29858294b650,9481705,0xb3a1956Cff1ecc8054B81b0C83b9847CB71384b8,0xCf8EDB3333Fae73b23f689229F4De6Ac95d1f707,0.0,0.001127698,confirmed
2025-10-24T17:56:42.075961,ethereum_tx,0x326241abb7e65a1710fab94825b72aa6807f19e2f1545f2ca0425aabb1822e17,9481705,0xb3a1956Cff1ecc8054B81b0C83b9847CB71384b8,0xCf8EDB3333Fae73b23f689229F4De6Ac95d1f707,0.0,0.001148981,confirmed
2025-10-24T17:56:42.075961,ethereum_tx,0x1fcd6c9650960d24f832643bf864ab5f3cd8794371f385521a391b1ab16c73e9,9481705,0xb3a1956Cff1ecc8054B81b0C83b9847CB71384b8,0xCf8EDB3333Fae73b23f689229F4De6Ac95d1f707,0.0,0.001148981,confirmed
2025-10-24T17:56:42.075961,ethereum_tx,0x6fa01b50b63b9dcd4949b66f6ed19331c73954d9cfd956aa4a9883a289021ce7,9481705,0xb3a1956Cff1ecc8054B81b0C83b9847CB71384b8,0xCf8EDB3333Fae73b23f689229F4De6Ac95d1f707,0.0,0.001148981,confirmed
2025-10-24T17:56:42.075961,ethereum_tx,0xfce54a963fe1094c51036428759625b396065e55d8d56b3250ecb7924a2ef750,9481705,0x94eDC8E0D150Ca41Ab78F479dCd202458C9375bF,0xc6255a594299F1776de376d0509aB5ab875A6E3E,0.0,0.00110001,confirmed
2025-10-24T17:56:42.075961,ethereum_tx,0x8f66dd55f49e4a13e255f69a54a7242d85bb6f293d4df8ecb28dc4dcb8aed7ad,9481705,0x993a0f3653887078215914BAdCF039263293adD9,0xA4b6754469689af4d01dA08AF159E263599826Bf,0.05,0.001100009,confirmed
2025-10-24T17:56:42.075961,ethereum_tx,0xc85cda59d23b15f395a0a5eb8af9308306871c38d56e8d0a25b6395774f8f40b,9481705,0xCbF16FEd20967280a8b53299dC7Dd6bD857d7E9c,0x80bfBBbE68EA14A0fC82419e468762a90820E445,0.05,0.001100009,confirmed
2025-10-24T17:56:42.075961,ethereum_tx,0x2e07642e3aca4fb89046ceaa5d34b56871c13c5bc8460b4e5c212587a39c3694,9481705,0x065bb664C4Bf610558297150b4EDF18c8Ba494e8,,8.61e-16,0.001100009,confirmed
2025-10-24T17:56:42.075961,ethereum_tx,0xd42522980281b3e243368e313ab7f347ab23739aedb5d2d1194febf05555ce4d,9481705,0x3Da763C42E438eB17880fB6A83040d6cf13eF03b,0xFf00000000000000000000000000000000042069,0.0,0.001100009,confirmed
2025-10-24T17:56:42.075961,ethereum_tx,0x082fec12745573f603f1b648b83cd58de48cd72395aec044b8ebff04f68a1d88,9481705,0x661bA32eb5f86CaB358DDbB7F264b10c5825e2dd,0xcA11bde05977b3631167028862bE2a173976CA11,0.0,0.001096928,confirmed
2025-10-24T17:56:42.075961,ethereum_tx,0xcc2b14fc7c357d0911b06043bd96d3be8d30224aa2fdefd2e3c948fc51327697,9481705,0x21bd2b9c258570d3c371E336973F60a72e25b3E5,0x83458E8Bf8206131Fe5c05127007FA164c0948A2,0.0,0.001096928,confirmed
2025-10-24T17:56:42.075961,ethereum_tx,0x8ef57c1fbf0a6737bb19091980a5b9012174eee78b3682c353c51720e4320e70,9481705,0x715d1084b1237Ba6a61447890F282E2505471EEC,0xb5A49949C49dEDD852F9f0f419b17aD2785032db,0.0,0.001066676,confirmed
2025-10-24T17:56:42.075961,ethereum_tx,0x8755686f106f72f6eacecd9bb4dd5cbf87809a6b691c003bbfaa8e49719f1175,9481705,0xfD295497eA03CD07f09C9F4a009C01F479d7726d,0x557ABBdF9180Fe864E38Dd88E0AF8cb454556886,0.0,0.001066676,confirmed
2025-10-24T17:56:42.075961,ethereum_tx,0x2ef98425eb76a9cd7ac765a2f3f35c76dfb1d60662f501288ee17df1c7f1dfd8,9481705,0xf059400Db43728bA0eE55c4d27382E4257C046F7,0x3eDF60dd017aCe33A0220F78741b5581C385A1BA,0.0,0.001052641,confirmed
2025-10-24T17:56:42.075961,ethereum_tx,0xf4cb0d81490821f515caf9652c30b298804f581bf38967b2ee0f10e63ff17090,9481705,0x5d72984B2e1170EAA0DA4BC22B25C87729C5EBB3,0xd4116f515A6958da851080B390DDE4B81f408978,0.0,0.00100001,confirmed
2025-10-24T17:56:42.075961,ethereum_tx,0x4231d06ff653f3a50eeeef6f326ad64a0bd4d339829203b4b95d06fe38a53b7e,9481705,0x169cbEd25f1eA09079A320E3e86270B8FDAB612A,0x08d2b0a37F869FF76BACB5Bab3278E26ab7067B7,4.16e-05,0.001000009,confirmed
2025-10-24T17:56:42.075961,ethereum_tx,0x988450d3931e3eecce48d44944afffc1f19ac9ce13b0d5409711da930f85b8e3,9481705,0x038DC15B4d6dA70b5d527AE55db4a093Bd35830c,0x853758425e953739F5438fd6fd0Efe04A477b039,0.0001,0.001000009,confirmed
2025-10-24T17:56:42.075961,ethereum_tx,0x6b9669ff0e8a18a2642c941e1b1d08c8eb34304ab3ffb386237ac8dad9ac2fcd,9481705,0x866F9F17aE79885fcc1793c967E4c2570A68460D,0x853758425e953739F5438fd6fd0Efe04A477b039,0.0001,0.001000009,confirmed
2025-10-24T17:56:42.075961,ethereum_tx,0xcc5b9d2d0f7a21dbd4c0ae4494bdaaed0b1e050752bf2cf79f719c00c45e193e,9481705,0x929d51c252661D9cD3377DC93878F27185167Db6,0xc6255a594299F1776de376d0509aB5ab875A6E3E,0.0,0.001000009,confirmed
2025-10-24T17:56:42.075961,ethereum_tx,0x2798a67f39804a3ff2a8e2bc87e9410aa3b7be21b497861caf2ef53b7760c5c9,9481705,0x65A45cdbA8a10DbcCf553CcB2b8826C60285831b,0x03C66CB1826BDB0395BF31E68Bf7E873e9564fFB,0.0,0.001000009,confirmed
2025-10-24T17:56:42.075961,ethereum_tx,0xfdd94865622a2d6574fdb1b40149e1e5583315c25bc3246be343022d432f6b18,9481705,0xcD12Ed9b63603bc9685Cda552c0156d9b297b41F,0x87A3effB84CBE1E4caB6Ab430139eC41d156D55A,1.2e-05,0.001000009,confirmed
2025-10-24T17:56:42.075961,ethereum_tx,0xad4816d9efff6d8e9213b04fe075ea32f96142f7667eaae1cadab6550ff6903f,9481705,0xaa0dff2fef2D021FF5aDE44Ff17704d59345dd1b,0x0000000000000000000000000000000000000000,1e-05,0.001000009,confirmed
2025-10-24T17:56:42.075961,ethereum_tx,0x1bf1fb7dadc5c13b3ac411eb3e27a193031608d627d64ad2a2999ff67313d35a,9481705,0xb671092C414eeCB5859dc6108A1A26831a6DAb5b,0x5634465c1B2ca4C888653587770e5B69E40Bd249,1.23e-06,0.001000009,confirmed
2025-10-24T17:56:42.075961,ethereum_tx,0x66523074284efbe857fa539e1768b7d5b6f5ebbbf195e512f4e7ac90d55f17af,9481705,0x3D483b44cEA488943553c0F61dd658251d72c2d1,0x03C66CB1826BDB0395BF31E68Bf7E873e9564fFB,0.0,0.001000009,confirmed
2025-10-24T17:56:42.075961,ethereum_tx,0x39aa2e904347abb0a839b12a2da7dbed777cdd5e6814b1d2e579917796a89193,9481705,0xdeAC1466D1d653F210C71AE10dAE79dE51884bdc,0x9E391f6D3E9AfB244E43a5b55c4B35608Ef18D66,2.45e-06,0.001000009,confirmed
2025-10-24T17:56:42.075961,ethereum_tx,0x97aa56545c95858b8f2e38d0979778095f3f24f6246db3b01e856d7e1c9a63bd,9481705,0xF4781425165Ad555F3869A71ED0Aa975873B0Df0,0x08d2b0a37F869FF76BACB5Bab3278E26ab7067B7,4e-05,0.001000009,confirmed
2025-10-24T17:56:42.075961,ethereum_tx,0xbbb1449e43237122da26fb33b3594d22d88ca38aa4b55563153d356d616d1394,9481705,0x668C11e7aB1b58a944fCd23Ee7F0cDa0ED010c42,0x87A3effB84CBE1E4caB6Ab430139eC41d156D55A,0.0,0.001000009,confirmed
2025-10-24T17:56:42.075961,ethereum_tx,0x13a0393d9fab178de30c7c5cfebbbf04bc008ff591ab4f1acdf7e9a007462e04,9481705,0x51d7a8aaeAEDaC557fECc6C8dEdA4EFa1D6Ac22A,0x03C66CB1826BDB0395BF31E68Bf7E873e9564fFB,0.0,0.001000009,confirmed
2025-10-24T17:56:42.075961,ethereum_tx,0xcc29c1b9c3c9d4fd6a49e1a149abaac1b94c77e602119711c3994b27784aadfb,9481705,0xB3C259f1235A50Bd0B8aA2E588648c106F6F3816,0x0215f8e5e81B75799Ae38232420377339d811796,0.0,0.001000009,confirmed
2025-10-24T17:56:42.075961,ethereum_tx,0x0617532d6120ba523ffa6af5e4afde33aaf48d7077361eae2d09dc13354310de,9481705,0xE31cd01c8EFCe48b083e5b6430005118327C4186,0xfd8cfD1e9b72A75A3FF61572Eb4dcEff0C19a418,1.61e-06,0.001000009,confirmed
2025-10-24T17:56:42.075961,ethereum_tx,0xb3275cfb952c7324f6dbeb8a9d7054edd79c7984e235561e0478c20c5efb0be1,9481705,0x679FD38a8CF5b8FE13d1c3d0B4D46F5514C962bF,0x08d2b0a37F869FF76BACB5Bab3278E26ab7067B7,3.7e-05,0.001000009,confirmed
2025-10-24T17:56:42.075961,ethereum_tx,0xf44c87b5fccea30fac800b5325ef34877b4c517372478969fd76a6f7bcf7ad64,9481705,0x969cB52721b6f30F78db7e9b9e1Fc97162b83D01,0x08d2b0a37F869FF76BACB5Bab3278E26ab7067B7,0.0001,0.001000009,confirmed
2025-10-24T17:56:42.075961,ethereum_tx,0x12ad00455388321e11c925626b1c8f7494e38771c85fb5be298201efd31bad02,9481705,0xC5fE9494c40662D15fc0969fECBcd1D918bCA071,0x956962C34687A954e611A83619ABaA37Ce6bC78A,1e-07,0.001,confirmed
2025-10-24T17:56:42.075961,ethereum_tx,0x97dfc729960ee0bc9120ee20396969b682e69d5f5e773db0ef4e94cdc94455f1,9481705,0xDB41c0cbFCEf2F0ff1f02Cc5E25A9C6673b4a958,0xBE372DA7D24DF5d2ba3780c96d4e31a22DDDcE8A,0.0,0.001,confirmed
2025-10-24T17:56:42.075961,ethereum_tx,0xdb1844a325008180ff72da8d6a9eb3ff163a51899fca83def0df260daa96fef1,9481705,0x572e2B3140ea2a46F48E3ffe72e418C0883cE2C3,0x956962C34687A954e611A83619ABaA37Ce6bC78A,1e-07,0.001,confirmed
2025-10-24T17:56:42.075961,ethereum_tx,0x044b7eccbac027f432db14f0cd2d52703beff0aa77b1d1bd7db66e32f895ebba,9481705,0x33a7C77d74A3FF7D1644DBFbbe1d59b942ca4982,0x956962C34687A954e611A83619ABaA37Ce6bC78A,1e-07,0.001,confirmed
2025-10-24T17:56:42.075961,ethereum_tx,0x3a742cf93c56031397492b2fa7a5c46474f0284031edaf430e7965051021989a,9481705,0x7f132C78348c1e5a6b1E271bDf247092aFF9188f,0x956962C34687A954e611A83619ABaA37Ce6bC78A,1e-05,0.001,confirmed
2025-10-24T17:56:42.075961,ethereum_tx,0x3fe97454416ecc1d0a264731073e8c992637edbe682eb23832ea754cc69c4f3f,9481705,0x3BfEf81bc13936f5e3dd5a790E0E8B5cfDc62160,0x956962C34687A954e611A83619ABaA37Ce6bC78A,1e-07,0.001,confirmed
2025-10-24T17:56:42.075961,ethereum_tx,0x2558194265d6f183b4da2118d3546434fa90afaba6695f665549c0149979104d,9481705,0xAD0654aB10B809f5b1e52cF6F0148Fb8e2A1aB45,0x09839872e97B2D999342265BF4c9856aB154AF1B,0.0,1.000000009,confirmed
2025-10-24T17:56:42.075961,ethereum_tx,0xb8f1033feba91bf363d5a25fefa99672c4f1e79f41e6542478a14d8e950d769d,9481705,0x898cEd29651DE1B61c7E1e0B008A15755999BA07,0x329689c2926216b15973bDd2c00561E80E6418A1,0.0,0.001000009,confirmed
2025-10-24T17:56:42.075961,ethereum_tx,0xd91695b8aed953c66130ee39b7365fdc55a6602e98e862ad825195aab4060515,9481705,0x480DFd5219bB43a362Eb40f4dcd4e4c17D88AF44,0x956962C34687A954e611A83619ABaA37Ce6bC78A,3e-06,0.001,confirmed
2025-10-24T17:56:42.075961,ethereum_tx,0x64554c639312b6bfc66b284718a7d4437888d802c8dd396c3739c3fe30bfd3c6,9481705,0x94B794E59838De302CCf043d1c7C5E14fc6473A1,0x956962C34687A954e611A83619ABaA37Ce6bC78A,1e-07,0.001,confirmed
2025-10-24T17:56:42.075961,ethereum_tx,0x16b6f4962a484b28a102b3040ae7b256b8506cd545aa9a6e259a53efb7a74973,9481705,0xae1e2D6e677893daFFcC7aC140694Ee91CB4Aab1,0x956962C34687A954e611A83619ABaA37Ce6bC78A,1e-06,0.001,confirmed
2025-10-24T17:56:42.075961,ethereum_tx,0x4c329d58dbdf2c4e83636e795d979fea2cffcf52b94993a32a154ca543e3c051,9481705,0x99CbF2D9e16F5692E2F7528057Eb9cfb5669C97e,0x956962C34687A954e611A83619ABaA37Ce6bC78A,0.0002,0.001,confirmed
2025-10-24T17:56:42.075961,ethereum_tx,0x55ad1bbae1c7362bce8d63c0962c4ee69454f5101b8d5fc354b815d0215d7d3f,9481705,0x9C8FaA60ac71ad698FA1E9ba77C7F409eF4834cf,0x956962C34687A954e611A83619ABaA37Ce6bC78A,0.000132,0.001,confirmed
2025-10-24T17:56:42.075961,ethereum_tx,0xf57f77b054218d2836ffb2d6c492cebac5a3f83c7ca1dcf1b0470efdcda94b72,9481705,0xC1164c5783FB4Ad193AA0292A98A2217b687ece6,0x956962C34687A954e611A83619ABaA37Ce6bC78A,1e-05,0.001,confirmed
2025-10-24T17:56:42.075961,ethereum_tx,0xbd7e9f9a1ada9ce3a1999d4c5007cb013076ac1770e9abeef0f65687d489c308,9481705,0xcC05E956be7B2F3AdCD13cc6005C1C87bc3E5F78,0x956962C34687A954e611A83619ABaA37Ce6bC78A,0.0001,0.001,confirmed
2025-10-24T17:56:42.075961,ethereum_tx,0x53cba479e1cb23f018e2eedd281aee3e1454a983ccf9835cb32ec3508167e09b,9481705,0x561D871D7b134FaD7C6a7F9eBC2F1d013542E449,0x956962C34687A954e611A83619ABaA37Ce6bC78A,1e-05,0.001,confirmed
2025-10-24T17:56:42.075961,ethereum_tx,0x4f34b8216c0ba24917d2508edb104065e047191b62abd2ce2be1816d74047a4c,9481705,0x4a00929c5b6aEcACbfD8acdFE2336b1Eb0f1F539,0x956962C34687A954e611A83619ABaA37Ce6bC78A,1e-06,0.001,confirmed
2025-10-24T17:56:42.075961,ethereum_tx,0x9a08f202287d66811e45d7e30a4f93fb9286af8525c37763e071991d639d2260,9481705,0x880b27A0405a2C93816975a6b50786F3D75C7E91,0x956962C34687A954e611A83619ABaA37Ce6bC78A,0.0001,0.001,confirmed
2025-10-24T17:56:42.075961,ethereum_tx,0x0735d4f56b87e8266e9f8dedb298afa122d154582966f0f39a165ff627cb2a7c,9481705,0x41b9010cf5E134D432483BB08EA5a85bdbAf2FAD,0x956962C34687A954e611A83619ABaA37Ce6bC78A,1e-06,0.001,confirmed
2025-10-24T17:56:42.075961,ethereum_tx,0x80f776732cc3fdcce121454b76385e9d53ccce20a833d60fa6c971742868b245,9481705,0xa5532857A55Eabc8E567ADBF900bEaFA279E0204,0x956962C34687A954e611A83619ABaA37Ce6bC78A,0.0001,0.001,confirmed
2025-10-24T17:56:42.075961,ethereum_tx,0x7420b8a361509484db4cde30b5d65920827da03e85bce043eaf1889efb0b7c14,9481705,0xA1c3d7699A6dfCf3e961B6486350cf527dBf3cf0,0x87A3effB84CBE1E4caB6Ab430139eC41d156D55A,0.000986,0.001,confirmed
2025-10-24T17:56:42.075961,ethereum_tx,0x8e33bf7eba983529da88856a238626792311b6121cc82a8448f3ed2f1c05fb71,9481705,0x0B61fd795242cAED2FEd5DB1c83E8F46D390aFD5,0x956962C34687A954e611A83619ABaA37Ce6bC78A,0.0001,0.001,confirmed
2025-10-24T17:56:42.075961,ethereum_tx,0x6e53c240a7e4e91b6a4e24a4475d9bce7dd62f52812e160bc39c0ff0c70df23d,9481705,0x490B938878000883093019F1F1E1aEeC9F2faE05,0x956962C34687A954e611A83619ABaA37Ce6bC78A,1e-06,0.001,confirmed
2025-10-24T17:56:42.075961,ethereum_tx,0xf267d47d219e5bb0ef14d665010fda877a9ee3e107c6acc1b1c2a55bc9598b16,9481705,0xaf1F4C454d2571758C08bE5C336c3eFf998aC754,0x956962C34687A954e611A83619ABaA37Ce6bC78A,0.0001,0.001,confirmed
2025-10-24T17:56:42.075961,ethereum_tx,0xe51869aacdd6334f72586e5f332372626fbde17fb500232dbc4276f67e3eea86,9481705,0x13e6009357AF52E7D564b5914aa97719C8304A28,0x956962C34687A954e611A83619ABaA37Ce6bC78A,1e-05,0.001,confirmed
2025-10-24T17:56:42.075961,ethereum_tx,0xe92c5bbfaf1d0d1531d129a87cb99f4ca9c08fc779c8a9f7b68697069c12317d,9481705,0x45cA74a9894B8bDaDE92CDB407A86ECC552dd495,0x956962C34687A954e611A83619ABaA37Ce6bC78A,0.01,0.001,confirmed
2025-10-24T17:56:42.075961,ethereum_tx,0xb07fef6c017234f7096f6a38856fc090cd199841766ffda3faa9ce08c8f7ccfd,9481705,0xB0752cCA8b78aAB13eA9bE15f9C2b88Fd8B6F043,0x956962C34687A954e611A83619ABaA37Ce6bC78A,1e-07,0.001,confirmed
2025-10-24T17:56:42.075961,ethereum_tx,0x5d25dff7d11bd10e736a5ee1bb5dbdd83a0bd0bbf529b110d3d4e78700b0de91,9481705,0x01A6e6F315275FaA9ABe0c16D3DedAeEdba1ef6a,0x956962C34687A954e611A83619ABaA37Ce6bC78A,1e-06,0.001,confirmed
2025-10-24T17:56:42.075961,ethereum_tx,0xe27ae1e62a69648c09ea934ffadff279a26b13a1e93ae6f1c2e5c649a2bbf910,9481705,0x3147f2B54f644d58360c70FCA54826d0dd36f0aD,0x956962C34687A954e611A83619ABaA37Ce6bC78A,0.0001,0.001,confirmed
2025-10-24T17:56:42.075961,ethereum_tx,0xf8302203dec614961888fc63d8627df06fe05114f17e859d4da79665f1cc07c6,9481705,0x692552746c5E8C07aDd3AaB850608102CD445821,0x956962C34687A954e611A83619ABaA37Ce6bC78A,1e-06,0.001,confirmed
2025-10-24T17:56:42.075961,ethereum_tx,0x1c86f513d88e374bcf83637fcb19e45886a6172ad4215b1daac7babc55de43e5,9481705,0x275825447F8D5C145F07ecE6Dfc08E3C0da5AbCe,0x956962C34687A954e611A83619ABaA37Ce6bC78A,1e-07,0.001,confirmed
2025-10-24T17:56:42.075961,ethereum_tx,0xf99e342e14828ee00725c9291e79d8008b13c7f73126aa791a3cd4af28d51a4a,9481705,0x1BE517bb7c6BA92eaBE27d01d7Fd3a3A6271F2C5,0x956962C34687A954e611A83619ABaA37Ce6bC78A,0.00023813,0.001,confirmed
2025-10-24T17:56:42.075961,ethereum_tx,0x83ca0217e139b4d6dd27b20334a2289ca5033b779e51d2c5d28944b6ee784e03,9481705,0x65163C4765c42a07aff72A1235C1F87F7660Aa0E,0x956962C34687A954e611A83619ABaA37Ce6bC78A,1e-07,0.001,confirmed
2025-10-24T17:56:42.075961,ethereum_tx,0x0cf7e50d6a7868ae1047a3cf776b29b5cd05b6fa20512c350cccd40d35ceec99,9481705,0xDA4bc6D9f9E8676502538C7476901CB4c891bc04,0x956962C34687A954e611A83619ABaA37Ce6bC78A,1e-07,0.001,confirmed
2025-10-24T17:56:42.075961,ethereum_tx,0x1ad98279753522bd3d3c8e5457f2c3e250bdb3f2eae7243cd558ce6ded4086b9,9481705,0x1F8A262E5A472191842c8B7dd1c312D85f7E6bA3,0x956962C34687A954e611A83619ABaA37Ce6bC78A,1e-07,0.001,confirmed
2025-10-24T17:56:42.075961,ethereum_tx,0x61f44f4b522ba117d813fc5343cc1ef1a3146bfa5ccf752ddc02a97596024939,9481705,0xe03F5Eea59b3e719653d522811A49E089FA0DE8e,0x956962C34687A954e611A83619ABaA37Ce6bC78A,0.001,0.001,confirmed
2025-10-24T17:56:42.075961,ethereum_tx,0x0f304eb58f5644c4ca24b8f50ec0e0a70638f50bb6df1b4bf13f3a0c79351831,9481706,0x7A43fD33e42054C965eE7175dd4590D2BDba79cB,0xfF00000000000000000000000000000011763072,0.0,16.000000009,confirmed
2025-10-24T17:56:42.075961,ethereum_tx,0x4449ac411b770f97f7a5c4d544f151b5a92359024ae34e7c60687b118fb826b6,9481706,0x3C95c2633296B264d051498C4b2e982EbB526A53,0x3C95c2633296B264d051498C4b2e982EbB526A53,0.0,4.1,confirmed
2025-10-24T17:56:42.075961,ethereum_tx,0x07ddb6446c89d56b8e2e735e4ac0a62f98e3454d393b3e1fc10b7bbc1d763a66,9481706,0xc4093Bd6931Bb660Ea056f2FA8fa24343c215776,0xcA11bde05977b3631167028862bE2a173976CA11,0.0,3.000000009,confirmed
2025-10-24T17:56:42.075961,ethereum_tx,0x5febb5013fad6408eb0d22c2b497779f44e872f07cc1c23a3b8f498ce420621d,9481706,0x35765E3c86f036C0257d045f9e43B28306D68546,0x00Da6695be0769115964adFf4e548D3f51Db8fF1,0.0,2.000000009,confirmed
2025-10-24T17:56:42.075961,ethereum_tx,0xd5e86300134e68d62a9541a75f0cc75b74fcf760d25a4cc82766a237fdacee98,9481706,0x3e3fe9D33AfbBca3D5514379b73c7D364c260635,0x844737f8977b57d2931caAF987307Ce9AD2f01eB,0.0,1.500000009,confirmed
2025-10-24T17:56:42.075961,ethereum_tx,0xe008a8560a79872b9ca224228b05847e7295434375725c5ed391c50bbdb5518d,9481706,0x977193653A657e558D4e8837D54DcB2597E2c36e,0x57c5dC670eB6f571bDD8Fc1CF178c46c9A917A74,0.0,1.5,confirmed
2025-10-24T17:56:42.075961,ethereum_tx,0xc54d3b8aed3cff41c77955360b09113cec9bd413369d96df3ecee8bd52fff7c3,9481706,0xBfeb15D280fbFC16288C6AC7004EF873bE551eAa,0xba1FCc7a596140e5feC52B3aB80a8F000C9Af104,0.0,1.5,confirmed
2025-10-24T17:56:42.075961,ethereum_tx,0x00e77b987b1964bd4c9506df92cf3ef9db3abc9d92c1f1ab28529fff6b55c97d,9481706,0xB51F71d5Bc57d7625980bDcB969706934C96786E,0x2A4496bbC344414e3bDbE6a8E7c40EF007DAeEd1,0.0,1.5,confirmed
2025-10-24T17:56:42.075961,ethereum_tx,0x782b7beecb542da297898ba5860e8ca30ae6ea713523d9ad63e9bc5a99d8baa8,9481706,0xF38E5D49F751F3116BC22ab7CBF53B8B97FB29D9,0x2A4496bbC344414e3bDbE6a8E7c40EF007DAeEd1,0.0,1.5,confirmed
2025-10-24T17:56:42.075961,ethereum_tx,0xb6edc3bdd58b07ab903ed8f20f0b0f2619b7e81301ddb8a423ef60551944aff2,9481706,0x0907eEc7791b1497272fa9CEfCBab83f70F5194b,0xc6255a594299F1776de376d0509aB5ab875A6E3E,0.0,1.5,confirmed
2025-10-24T17:56:42.075961,ethereum_tx,0xc9ad5f0600ea638e5de21814f64caaea8cb41555c767cdddbe19787fccd3f4be,9481706,0xF6f1730924532779A21183AABA65A2099D06398b,0xc6255a594299F1776de376d0509aB5ab875A6E3E,0.0,1.5,confirmed
2025-10-24T17:56:42.075961,ethereum_tx,0x49f0205d7996a35a0ab1bd89656b37971b14892d58f00d5d2de6b2f36213ebec,9481706,0xEe3E242a9FAf9fDc81916FC4Ba51341C381F06e5,0x2A4496bbC344414e3bDbE6a8E7c40EF007DAeEd1,0.0,1.5,confirmed
2025-10-24T17:56:42.075961,ethereum_tx,0x39a3f5eb0de2b52efe6fa9513530ff6d6a7eee8b154e75b9c977f032b1c3106a,9481706,0xDaeC823329018d0c52f06399Af85f618CE084A5E,0xc6255a594299F1776de376d0509aB5ab875A6E3E,0.0,1.5,confirmed
2025-10-24T17:56:42.075961,ethereum_tx,0x47c8385e7b6622794b41393625b7db55129d516b8bac71fdf7ee99ca55b21352,9481706,0xD22c6c02920dD8F149182c121c08e19C4a6750C5,0xc6255a594299F1776de376d0509aB5ab875A6E3E,0.0,1.5,confirmed
2025-10-24T17:56:42.075961,ethereum_tx,0x3bb6a390a70db984b7681b3487f8cff0fa59549020cf02bedc1cd42ac07cd082,9481706,0x838F96368d719fD3765062A9761b1f94A65EBc6C,0xc6255a594299F1776de376d0509aB5ab875A6E3E,0.0,1.5,confirmed
2025-10-24T17:56:42.075961,ethereum_tx,0xa7e2f17f39c5254b939b1c50248e5e0afff9c7bb99c56cbfe7bd948700718264,9481706,0x51e12d8529737Bd96d4fF11D79d7eF22Ef922219,0x57c5dC670eB6f571bDD8Fc1CF178c46c9A917A74,0.0,1.5,confirmed
2025-10-24T17:56:42.075961,ethereum_tx,0x98d80f580ac80694c6a5606d0a2ae5abd5871b688d89b36a81b2307df67040ff,9481706,0xaC56BEED1FCa1878621091c540a3d811D1DE8Dc9,0xc6255a594299F1776de376d0509aB5ab875A6E3E,0.0,1.5,confirmed
2025-10-24T17:56:42.075961,ethereum_tx,0x2fdb54479e9874ecf6376f6f0cc01ff123ded439c51b7923a082e73ad6ee8472,9481706,0xd6fc7ED61E2f4800bD858956B7Bc3D987CCa75Eb,0x2A4496bbC344414e3bDbE6a8E7c40EF007DAeEd1,0.0,1.5,confirmed
2025-10-24T17:56:42.075961,ethereum_tx,0x66ef651d7fdd711d82def0a6a95b0169ca8e2af351d91e2578c0562af0b19bbe,9481706,0x383E61E6c059598d9394C4eE217Ba34C2be0f3FC,0xc6255a594299F1776de376d0509aB5ab875A6E3E,0.0,1.5,confirmed
2025-10-24T17:56:42.075961,ethereum_tx,0xb5e4af353e12e4ac181c63cb8111d0f13910f8ef6958685ff3d3da591dcd16b3,9481706,0xE02E99e4b249358D3Bc6bBD060160C4d4D258B6e,0xc6255a594299F1776de376d0509aB5ab875A6E3E,0.0,1.5,confirmed
2025-10-24T17:56:42.075961,ethereum_tx,0xf5a75d265c3fbae37371eb48e2c1316ab30a7e69dfca49da8b0e086a477f6657,9481706,0x72dA17d3979AEAc041cB5eDe738eE73aA43Af774,0x2A4496bbC344414e3bDbE6a8E7c40EF007DAeEd1,0.0,1.5,confirmed
2025-10-24T17:56:42.075961,ethereum_tx,0x7f83146b45a4412e6d844bb23fc729edc997318b22593b8bd099c9741bb79a0f,9481706,0x2DD1FAcb6C876C6F04e5aE54B6f2C242CaCB4cC9,0xc6255a594299F1776de376d0509aB5ab875A6E3E,0.0,1.5,confirmed
2025-10-24T17:56:42.075961,ethereum_tx,0xfd484ea6639e80170a837299f83fdab257629afed95ed502e539dfeec08f4aca,9481706,0x1342AB509342Ce666289e5030570eaA31ab50CC0,0xc6255a594299F1776de376d0509aB5ab875A6E3E,0.0,1.5,confirmed
2025-10-24T17:56:42.075961,ethereum_tx,0x64348f63333c72ebe95d2092fd0c4577ac1ff0402eccdb6feb3767eda51caf00,9481706,0xB78acAdC465E067C9189FF41Ff944AFbaCEb0584,0x2A4496bbC344414e3bDbE6a8E7c40EF007DAeEd1,0.0,1.5,confirmed
2025-10-24T17:56:42.075961,ethereum_tx,0xa73b46e9052f94c15b0143a8b93d44c322bdf579b3834b43d5277a0169202d3a,9481706,0x2909931cb6AB1fBd24cA1743dF69cC9b2f2aA703,0x69576A0419a1d4E2178D1CED54b1F9c71c54aB0b,0.0,1.000000009,confirmed
2025-10-24T17:56:42.075961,ethereum_tx,0x239a0527e11f7a0d90d24eda27cf4d40bae39f5e5f934642223e1754af6b7898,9481706,0x8e44b28faBAFa0a01bf026C7AaB73eDD39699123,0x6171EAdf8cB59A75Ea9CDE1479F76fCFEcDfC223,0.0,1.000000009,confirmed
2025-10-24T17:56:42.075961,ethereum_tx,0xab857fb2394186e348f7a0c80dbf5a75760a24e4cdda4367dfe4930902199572,9481706,0x412494320555FcFF33F27c03312C98B5e3731CcD,0xF14dA94E29ba3b7dAb65870f641aFa67B8EEB37b,0.0,1.000000009,confirmed
2025-10-24T17:56:42.075961,ethereum_tx,0x8ae38376d66fe2b2e225b8f88d4530262debf6d139666e645ab78126c7d69b66,9481706,0xAa03CfA18154822f8Ad92D48c42210a890E01Dc9,0xB88FeAA1a0c5B57D82B50C937A7ad647E6D59223,0.0,1.000000009,confirmed
2025-10-24T17:56:42.075961,ethereum_tx,0xeb3130935c0aaa7b67e995433a232e8fcdd46d91f6e6aadcaf5247cb889c31a1,9481706,0x7F09a9800753B15950780654Fd0cBDC0Ede41F37,0xC0E88bA2b7B494A5c9CD2E887d2F44A005E890a1,0.0,1.000000009,confirmed
2025-10-24T17:56:42.075961,ethereum_tx,0x036503932a6e3d7d8422573b188feff0dab927daa2b823c9562904d9e83a3174,9481706,0x0Bf6676d101e48d1593af5FD87D33e911b1b6323,0x005f3cd46545d58aAc0fbE97e22e12A6bc8Ae3d2,0.0,1.000000009,confirmed
2025-10-24T17:56:42.075961,ethereum_tx,0x4138c4ad563b85ef14f804d9ded594412c27c4d33a13c3606b961f312e99735f,9481706,0xAD6B87B8729df7C3b833F0aEad8E60D5Adf9aE52,0x15B4B21e99De6F581BEFa64f8B64B9D50bc8F74E,0.0,1.000000009,confirmed
2025-10-24T17:56:42.075961,ethereum_tx,0x8e1f715ede31b4a930ca6d050fae57ea28de552c34f1f01aadbdc40a8af83a93,9481706,0x8e0247E3CbE8c9e4ECE06a2eCd27E7CE2B16f4A9,0x2B7Fc76629383f8cd236E4C0109B76aE89cb3cf9,0.0,1.000000009,confirmed
2025-10-24T17:56:42.075961,ethereum_tx,0x1c6d095763fda31a2f65cfbb12f664e68ce062896e9dd0391a683218792cc216,9481706,0xB5EFD9EFa5a1C552cf5688DB5C6780aaB81DfD66,0x8A158C04D140dFEFFfd6928F3789c0853376885e,0.0,1.000000009,confirmed
2025-10-24T17:56:42.075961,ethereum_tx,0x3c6a2cfa23069deff34ffcff3ce8c52e4388cdd440e8994bbdab97713215eeb5,9481706,0xBb04BFa600969359840265010884b1dc6987Bb69,0x45263AA7FEB1A25B986B2C9275a2019Ce5b4a6cc,0.0,1.000000009,confirmed
2025-10-24T17:56:42.075961,ethereum_tx,0x0d7a2996774aa83eb88aae7d7ed30166bb6a599e4e95e1f56195688b485c3d5f,9481706,0x3D036BCE51b3E7715D55bF8B46dAa73d5001d720,0xAd2c38ED0e1104B1975551c369C46d1D3e672174,0.0,1.000000009,confirmed
2025-10-24T17:56:42.075961,ethereum_tx,0x7fb11b204d78126b31ec0c7776ebe1d415d95cbb6c8468e316b2be5254aa834f,9481706,0x3e55D94A8553CF879E94e5650C6bD752a9400DC6,0x6AE42F91Cdf6A37714CAD908fb3eB154504C76A2,0.0,1.000000009,confirmed
2025-10-24T17:56:42.075961,ethereum_tx,0x930c5a0c7fa86304c14c2026380e13de517862f44a8239a8504eb0d2839e6039,9481706,0xf7976ba00Ad6bE11bbE97a278534E1b3348bED1d,0xd11cdb585fD480681398bD34a19D52EC08A24a0D,0.0,1.000000009,confirmed
2025-10-24T17:56:42.075961,ethereum_tx,0x30f086fa5d4b32c04039308271ebf936c5b8495ab336beb56600bb0cbd293215,9481706,0xECf8Cc85e0c9DeA4B109eDB538A38f74BDB723Cc,0xB599E820B7bA37e6363f9b4f49Fbd31991B4B71A,0.0,1.000000009,confirmed
2025-10-24T17:56:42.075961,ethereum_tx,0x1352c7cf23839868bb55344e9d869f8e18b4dc517afa07ebcb306c021ca3a005,9481706,0xc4B70799e45eBe99A350C6aB12c983b933853494,0x995Ac841ea6095DedB3E5a6897425D1b67EA676e,0.0,1.000000009,confirmed
2025-10-24T17:56:42.075961,ethereum_tx,0xa42b6cd04ea90d21d7a26413f72f1d4180748a9515b8054359b9cad6026dfda0,9481706,0xF0FEd0C0192539a1076d8BDa1233f414704d98Be,0x00D22efF04CF7d0f5A355A6D9A06E43120398dA6,0.0,1.000000009,confirmed
2025-10-24T17:56:42.075961,ethereum_tx,0xae915d951ae8fc0e8dc025ca2cb63eb520b7ac1b6cb69d272027cd9caaa60b08,9481706,0x6D241C2FdB78EF977A549c087Ee15e449436f319,0x3ff171786Ae26889cf2f2d03f1eA07AFE6B05ca0,0.0,1.000000009,confirmed
2025-10-24T17:56:42.075961,ethereum_tx,0x40a61eb1bbb03fa15a2d1cb696903bd55905598724cbfa8affd2adc8b9732360,9481706,0x51B0b2E3C41aAcecd38F445eCD08ddfd6350523b,0x88430b8a7AD397a8C260Df8683F2F92FA7586096,0.0,1.000000009,confirmed
2025-10-24T17:56:42.075961,ethereum_tx,0x2f2a65aab49950e136fb7fe0a914613dbd7d21ed843487682c3de59992debfa6,9481706,0x62c4Ef860f80117Fa1804C73F0C8E1144D1847E7,0xc060eB8505b4d4a45c77d6907353426B3f394B7B,0.0,1.000000009,confirmed
2025-10-24T17:56:42.075961,ethereum_tx,0xa43b7de31c0ddf1d12b7d73bd2f9d76d2dd3f588f1e00a941fecd0a95d5468e7,9481706,0x75f11b8e940e104f8f7ADaD9beb5Da064705566D,0x76D08ae4BCFb947dcb104078C9Ff0e8784dD543a,0.0,1.000000009,confirmed
2025-10-24T17:56:42.075961,ethereum_tx,0x93a2174c1b23958b36b208c9c34ae3c82ee0a7528f1501518e0df0e1c5c33686,9481706,0x8EAAC89Ae2e6A0Acdf19101a356cE14A3A085076,0xff00000000000000000000000000000000111185,0.0,1.000000009,confirmed
2025-10-24T17:56:42.075961,ethereum_tx,0xc4bc64834f60a7c32c2b4cd74699b913692c64e805bfc434f225d19c934ec998,9481706,0x0632215e32658508fC985BB80f22eE71377F7aAE,0xFF00000000000000000000000000000000743111,0.0,1.000000009,confirmed
2025-10-24T17:56:42.075961,ethereum_tx,0xa27f528ebd9c1dfecaff674dc36e23448e3f4c584f639fcb412cae2f1c47ef18,9481706,0x17233a7fb3E0C3A40cD4E0Ecb3e32962Bf2FD714,0x0071Bca44Bf16Df1e59d7dEd5466F98aD11F75C3,0.0,1.000000009,confirmed
2025-10-24T17:56:42.075961,ethereum_tx,0x4533d779a199819e20ae74473653fbc30efcf4ba820a8ed4e4915137609a95fe,9481706,0xb95AB00aF68868D07CA72005aB18414980b48f2b,0xf993E10C83Fe26DddFc6cb5E82444C44201e8a9C,1e-06,0.020000009,confirmed
2025-10-24T17:56:42.075961,ethereum_tx,0x9543def5507998cff812de1ee086848a9f8828527db48c76891599ff221956d3,9481706,0x6f4EE457C29b067632FCb41240DCefb3D4587770,0xf993E10C83Fe26DddFc6cb5E82444C44201e8a9C,1e-06,0.020000009,confirmed
2025-10-24T17:56:42.075961,ethereum_tx,0xce9a2ffb04b506069d4eb88ef8e52a40b280c9054da3d1cf2c8188706533177b,9481706,0xe503755E37962445543D34A3d48aE5f98b185f1e,0xf993E10C83Fe26DddFc6cb5E82444C44201e8a9C,1e-06,0.020000009,confirmed
2025-10-24T17:56:42.075961,ethereum_tx,0x73331cb48752cec6512c7589f51c156974788c62bdb65e2e0f7c0efca8c674be,9481706,0x365A42435E4604dB79DCdff19D00d5a7c01dD701,0xf993E10C83Fe26DddFc6cb5E82444C44201e8a9C,1e-06,0.020000009,confirmed
2025-10-24T17:56:42.075961,ethereum_tx,0xcd3433fa6bed95e59e7e347da335d5cf738ddf155afa8d61e867304e8bf19942,9481706,0x4BA56bDa2009816e260921970041d6Eb005D7272,0xC764A997C86dC22B50Eb637626e3f46bfd82534A,0.0,0.001500014,confirmed
2025-10-24T17:56:42.075961,ethereum_tx,0xe4f415bfcdbbad535f5b641fcb8a04c708b076154efdcbb036118a932715c155,9481706,0x66f6B5Ad5fdb6BeFeB23E7a0030cCC812d0681ba,0x956962C34687A954e611A83619ABaA37Ce6bC78A,2.2982803546137e-05,0.001500013,confirmed
2025-10-24T17:56:42.075961,ethereum_tx,0x7228bb85660a1544229d3568dfa1109d4fc3ba67b30608de36dcd2561b8435e0,9481706,0xC9ad5A1B16a9C65d0444Ef0959ed609027CfA759,0x956962C34687A954e611A83619ABaA37Ce6bC78A,2.538847291772e-06,0.001500013,confirmed
2025-10-24T17:56:42.075961,ethereum_tx,0x3897495abcad655803d9310d28e381c1aadd8ac3be900c84cef60718a95c8f79,9481706,0xB4fC80AEc34911C5d761259E74aE8a24c2C5D995,0x72de35dC43acfC49B6B21e559F8cA586e0E12011,0.0,0.0015,confirmed
2025-10-24T17:56:42.075961,ethereum_tx,0xa7d3db80368e0fedd9398ecfaa064ab5038698fa3708c70d30732cd3e43e2dbb,9481706,0xA2bfAc45e6878fbE04525C23dFbb11fFb224Ea60,0xd0dbB2486e3Fbf371D1B2e35Fa330bef6529d2f4,0.0,0.0015,confirmed
2025-10-24T17:56:42.075961,ethereum_tx,0x94ec6bc9c75244295b81d899b8547590fdd08a6f57c1673c1bdf56afb481ac03,9481706,0x1741EB7468A490b4A9BA6f4CC7A47B82EcD65c4c,0xd0dbB2486e3Fbf371D1B2e35Fa330bef6529d2f4,0.0,0.0015,confirmed
2025-10-24T17:56:42.075961,ethereum_tx,0xfda1f01c85da6df79b82f93c56f27a2a6b0320226e6b78ac4a0382344910b98b,9481706,0x6426f052F73276D1F39dA0F81722cc63bC2C9bf3,0x7015517B413984185E8c0793B8756Ad5128aEF4C,0.0,0.001200011,confirmed
2025-10-24T17:56:42.075961,ethereum_tx,0xd4b3463647531440415c87fc0ffc7420ace712a52b201f29158619d7c683d104,9481706,0x7c6fDCF2Ea8Fa9D7164aFC02D7C7e99204ba1757,0xC959483DBa39aa9E78757139af0e9a2EDEb3f42D,0.0,0.001200011,confirmed
2025-10-24T17:56:42.075961,ethereum_tx,0xe1a4c73de1a5510f1e86f9266c82b35755984678af8e83384d0b7083de82f86a,9481706,0xF5E8A439C599205C1aB06b535DE46681Aed1007a,0x0aC93809F127308de0A962f1fA9693a7Ad72f9C4,0.0,0.001200009,confirmed
2025-10-24T17:56:42.075961,ethereum_tx,0x1667da9938c94a979a9ca5e99292840fac8d1dda71ab5f2b61aa964d17fd3b6f,9481706,0x61d8838f9A00250C9AF13D622DA7c08c372ee587,0xCf8EDB3333Fae73b23f689229F4De6Ac95d1f707,0.0,0.001150008,confirmed
2025-10-24T17:56:42.075961,ethereum_tx,0x9f8681265ae2bcd519a9d857adaa0631c2d75798c312b60af466aba45827ef34,9481706,0x94eDC8E0D150Ca41Ab78F479dCd202458C9375bF,0xc6255a594299F1776de376d0509aB5ab875A6E3E,0.0,0.00110001,confirmed
2025-10-24T17:56:42.075961,ethereum_tx,0x3e7c2a8d7d3c4ff12ef36ab901f6ef8adaf4dc223d2b95b28c2dc02954dd9dcb,9481706,0xb2dE751D22Adfb449e95DA3c1e8836C6c61B537d,0xB288C94a5bF0c30AA2AfeC999d9496974cD56866,0.05,0.001100009,confirmed
2025-10-24T17:56:42.075961,ethereum_tx,0xfcf22bd3aea558ef5b2bed17c4ab382f57ed20b0a8346a50e680a3d815512e7a,9481706,0xDB41c0cbFCEf2F0ff1f02Cc5E25A9C6673b4a958,0xA4EBd978d4E9f5489ca7895178871246e93A7caA,0.0,0.001100009,confirmed
2025-10-24T17:56:42.075961,ethereum_tx,0xfae48cc6bd165ae4e985b1147686e6321e3ff864512c4bc597fe278c5e9a262f,9481706,0x065bb664C4Bf610558297150b4EDF18c8Ba494e8,,8.61e-16,0.001100009,confirmed
2025-10-24T17:56:42.075961,ethereum_tx,0x2f50e184b1cb52b218803fa53ac551dc4955a5a18078a63d75b5c879d3af75a4,9481706,0x33ACA465511665dA9eA88B61f57200CaF9405Da9,0xFb13dE1C5aC28fc8335Ec5721b06eB4eA6e3897b,0.0,0.001100009,confirmed
2025-10-24T17:56:42.075961,ethereum_tx,0x81f1da72270f3b08e7e6a7166200ac467a9f088e38e441bfabcc5ccc7729a4cb,9481706,0x3Da763C42E438eB17880fB6A83040d6cf13eF03b,0xFf00000000000000000000000000000000042069,0.0,0.001100009,confirmed
2025-10-24T17:56:42.075961,ethereum_tx,0x9b0b2d08fc7dc91b1609e291bf33891a8d8b46497630178d0b16679c278d113a,9481706,0x06669bcE7aaF55a5D2a0405b90e6d2157269B5AB,0x3eDF60dd017aCe33A0220F78741b5581C385A1BA,0.0,0.001052641,confirmed
2025-10-24T17:56:42.075961,ethereum_tx,0x493f69be3e368ec0cc755e392d36db49132bed328af124652edfa1416fd297aa,9481706,0x5d72984B2e1170EAA0DA4BC22B25C87729C5EBB3,0xd4116f515A6958da851080B390DDE4B81f408978,0.0,0.00100001,confirmed
2025-10-24T17:56:42.075961,ethereum_tx,0x3f0da5a0f06e48e75b4fbf95093250a81385e167868de83992d56c7c478bd262,9481706,0x5a0A47489Ab966A22782FEDc10D0633c10084189,0x87A3effB84CBE1E4caB6Ab430139eC41d156D55A,0.0,0.001000009,confirmed
2025-10-24T17:56:42.075961,ethereum_tx,0xd65cabd201b735fc4c202dfb61a087021dcec6d97b0f3bd677c73160f9e7cfa1,9481706,0xc88FF79180cECaa3922165493E39F1E726991d5a,0x87A3effB84CBE1E4caB6Ab430139eC41d156D55A,0.0,0.001000009,confirmed
2025-10-24T17:56:42.075961,ethereum_tx,0xd51f5e6bffcbf5c4210cc4cbbb1e7f61efcce4a99c9e200b153496a2634c679b,9481706,0xaa0dff2fef2D021FF5aDE44Ff17704d59345dd1b,0x0000000000000000000000000000000000000000,1e-05,0.001000009,confirmed
2025-10-24T17:56:42.075961,ethereum_tx,0xa90b0c701d0367bf287611263660a06717c717741c5366e0f75f554d9e7c9b64,9481706,0x3E3dfCEBb942bBE13bc3baA0d7356bC91dD42026,0x03C66CB1826BDB0395BF31E68Bf7E873e9564fFB,0.0,0.001000009,confirmed
2025-10-24T17:56:42.075961,ethereum_tx,0x307e823e3728c411de47f3a690a2eabd90249a1903c36a2b2e957e63a388a15d,9481706,0x2c06b1d706Fa7fcfa882EB4ce7F2fe27d58E08F4,0x08d2b0a37F869FF76BACB5Bab3278E26ab7067B7,1e-05,0.001000009,confirmed
2025-10-24T17:56:42.075961,ethereum_tx,0xa45e100d54e935db92cdebe41d27c8005dcfba343ae92f5817b35806ed5d7ce3,9481706,0x4D33C9929e6613946e30BfDe21636D112AF196Bc,0x03C66CB1826BDB0395BF31E68Bf7E873e9564fFB,0.0,0.001000009,confirmed
2025-10-24T17:56:42.075961,ethereum_tx,0xbfe17ef74cdfbab2797d9664ffd629dd5d3d7d38fa80ef7149e288be66a30f9c,9481706,0xB66df7402831cdFb30B1D3027cd27d3D4Be5F752,0x08d2b0a37F869FF76BACB5Bab3278E26ab7067B7,2e-05,0.001000009,confirmed
2025-10-24T17:56:42.075961,ethereum_tx,0x829b3dc77d32c144cbc5171b2f3b19614ca89b1249d19177518e6995a87d22c7,9481706,0x8C20837EB6e0cAE5EDFb8600B81c684102C0c92E,0x853758425e953739F5438fd6fd0Efe04A477b039,0.0001,0.001000009,confirmed
2025-10-24T17:56:42.075961,ethereum_tx,0xe0e6aff51acf967a6efc052d1c619ae572f911595e96646af0efafb8369c7854,9481706,0xE31cd01c8EFCe48b083e5b6430005118327C4186,0xCc06Edb26E5F416f3b800AFc748fD50C9Ae5722a,1.59e-06,0.001000009,confirmed
2025-10-24T17:56:42.075961,ethereum_tx,0x8b3177a08c2c336767823af2576e21f2a9dfc359045cb4d1c0b03a4e3c737093,9481706,0x29c31ffE12f1F702fE1cF21c0A477754D9497681,0x03C66CB1826BDB0395BF31E68Bf7E873e9564fFB,0.0,0.001000009,confirmed
2025-10-24T17:56:42.075961,ethereum_tx,0x7f96448bc8421e3f511d20d656aa19d1d89c712b226bdafd75d1aece3cc87704,9481706,0xA78f174280d1f937Cfec380c70bBE9eBBCbCf561,0x69A8a9fd34Ac41C9891Eb3715eF0a59eEc9C8fD7,8.48e-06,0.001000009,confirmed
2025-10-24T17:56:42.075961,ethereum_tx,0x4faaeddeea2243aa957e1d082a9cf385903c15f4a1e420f691e526fad1906182,9481706,0x5491a26A0A4333543cf68345a5E1B7e1732AaAAb,0x3AEb1Bc03c08070e710A1b710452f1A0085C012C,1.38e-06,0.001000009,confirmed
2025-10-24T17:56:42.075961,ethereum_tx,0xb33cb2caac01a345d5376c0d7376d96faf2aad9371f19d19fca7654d74e77104,9481706,0x587D992F364337eAC83bC3DA4A00143E77D4532D,0x03C66CB1826BDB0395BF31E68Bf7E873e9564fFB,0.0,0.001000009,confirmed
2025-10-24T17:56:42.075961,ethereum_tx,0x48291a63bd29bf268bb93d1b4c14dbe53d31ec7f43665409ed15dc08537467c0,9481706,0x6b6163E355Ff7C95A9c2Ac83c8074F811aC80b98,0x08d2b0a37F869FF76BACB5Bab3278E26ab7067B7,1.4e-05,0.001000009,confirmed
2025-10-24T17:56:42.075961,ethereum_tx,0x4c6e20054c189f8ff8b676c3af67dd8ef44f164cd3df10f806e3972955acfafc,9481707,0xC25897f67F64a74D62B7d90D907E1cF289457f03,0xcA11bde05977b3631167028862bE2a173976CA11,0.0,3.000000009,confirmed
2025-10-24T17:56:42.075961,ethereum_tx,0x1384ee58ee8592b66ca15459e2f94a34c4575f91e996572a3bb102c03e7383dc,9481707,0x55A07F9f7eD7F110c2Ddd8f2f5d8677Dc94aF4E2,0xeA30c4B8b44078Bbf8a6ef5b9f1eC1626C7848D9,0.0,2.200000009,confirmed
2025-10-24T17:56:42.075961,ethereum_tx,0xd9d28452100e850afcdc2fce1bacb06128546eab38f75870ec31538c71878a81,9481707,0xa001eEe7A5b9aeFfe1e31Ffecc87d15e9FF4eC94,0x73B668d8374DDB42c9e2f46fd5B754Ac215495bc,0.0,2.000000009,confirmed
2025-10-24T17:56:42.075961,ethereum_tx,0x1609ae0cc04873d5550139d5846760453d3178727f66a8241666423bf0d8fe65,9481707,0x0E4cF2be31297c08ec63C1B87Cc3769aA1cb1074,0xfD4559b473fbcEABc0F68631646d6CEadF7B7040,0.0,2.000000009,confirmed
2025-10-24T17:56:42.075961,ethereum_tx,0xddffe13a753ec90ee246211c85fd463c00eedf63ec6356c90ad75950f7077052,9481707,0xCCca76a2Cd8B5d5AC6264Dd76D6D90F9965132e6,0x51372558b0b9205E6c42d804311be7DaBE532885,0.68145293,2.0,confirmed
2025-10-24T17:56:42.075961,ethereum_tx,0x825810c6ff6e31d22e3f647e94757b4a5a3410d446c9df42bcd0c229f5b4047f,9481707,0xe7F38E2D57a0eA80240B5E65A69AF66812CbCd0C,0x1E3BE1a0EB4a0431Ac2DE3e67c135Ce31C44fbc9,0.01,2.0,confirmed
2025-10-24T17:56:42.075961,ethereum_tx,0x9c0c09cab5126eee1542549d3965b887f214f1d10645123339df80a6f602820f,9481707,0x93684BB341C9C3e93a4E6E47CC08f4B27F037553,0x51372558b0b9205E6c42d804311be7DaBE532885,0.15172441,2.0,confirmed
2025-10-24T17:56:42.075961,ethereum_tx,0x32673a9596146f1925a60a6adf6983543e55ce2c8c36d23e6009e2385eda2d97,9481707,0xe529f35e9EB465383305d95310fA1Aeb520D1C53,0x51372558b0b9205E6c42d804311be7DaBE532885,1.14391048,2.0,confirmed
2025-10-24T17:56:42.075961,ethereum_tx,0x12a5b912945602dcf5e7481b6b3cafaad2b56200054bb5c583da8f633ad44ed0,9481707,0xd3c5967d94d79F17bDc493401c33f7e8897c5f81,0x5B8b13e8f3E6Ec888e88C77cf039EB6281F21D93,0.0001259089857903,1.501000009,confirmed
2025-10-24T17:56:42.075961,ethereum_tx,0xf10c59e039c7cdcbf89a544cdf9ea31a5fdaed62e8ab40c6577351cdfbc76534,9481707,0x1737f920afc9aC43160CbC07bdFc98f27e4bA075,0x5cFA7ffA14d6dd40551832b9D4c2eCff3db7d3fB,0.0,1.500000009,confirmed
2025-10-24T17:56:42.075961,ethereum_tx,0x826c125b09a57b68236a6ba92b4744a2c74bd5cfa303547eb911715c691733a1,9481707,0x78a6304E9dED5A9cbBBa2D85CD1E3A20e0f68193,0xc6255a594299F1776de376d0509aB5ab875A6E3E,0.0,1.5,confirmed
2025-10-24T17:56:42.075961,ethereum_tx,0xfa08919aa8488c932b421a63d39a9762a18513cbb00ee97c3ba1f9a45771a637,9481707,0x5689c7d8448B93A67666d39326Fc78334FF53F3f,0xc6255a594299F1776de376d0509aB5ab875A6E3E,0.0,1.5,confirmed
2025-10-24T17:56:42.075961,ethereum_tx,0x5cbc5182af1d39e70f30284fef57b7fad4fef172650c86d3aa072a590233d4da,9481707,0x4538a3D9328014cE32e569D874952aEC48b8CE5E,0x2A4496bbC344414e3bDbE6a8E7c40EF007DAeEd1,0.0,1.5,confirmed
2025-10-24T17:56:42.075961,ethereum_tx,0xe7ea465d3b5a0b7c093538060a253e6dd57bab24c964aba7f34d2687e8856969,9481707,0xB1bEd2E4081d86F3199B08a2aa3CE2959e9272ab,0xc6255a594299F1776de376d0509aB5ab875A6E3E,0.0,1.5,confirmed
2025-10-24T17:56:42.075961,ethereum_tx,0x6db7e26dc3282ca6b9798a2a558b5a3160751632476046508de5c20eaced7fae,9481707,0x929d51c252661D9cD3377DC93878F27185167Db6,0xc6255a594299F1776de376d0509aB5ab875A6E3E,0.0,1.5,confirmed
2025-10-24T17:56:42.075961,ethereum_tx,0xe895e30779fb3e69b26c18706405501dbe8b7f777b03c7375fcba8a8e6e00a76,9481707,0xFb24BB2DF1cB9e3f0b7E80ba2aB744F4F77c75E2,0xc6255a594299F1776de376d0509aB5ab875A6E3E,0.0,1.5,confirmed
2025-10-24T17:56:42.075961,ethereum_tx,0xa289976067b30c3265f4678e8d4fead12403efbdcffecefdb2a88f6bba820709,9481707,0xBfeb15D280fbFC16288C6AC7004EF873bE551eAa,0x2A4496bbC344414e3bDbE6a8E7c40EF007DAeEd1,0.0,1.5,confirmed
2025-10-24T17:56:42.075961,ethereum_tx,0xbb729fc3305e399e4370db7d46040ba5da73fe9284aa6b128a92540afe601c42,9481707,0xAC346feDd3214ff200CB8DE8f8cb0BB5b3928224,0xc6255a594299F1776de376d0509aB5ab875A6E3E,0.0,1.5,confirmed
2025-10-24T17:56:42.075961,ethereum_tx,0x6a9f768090a6d9c68e325d5a7dda23b8676a89f9f39004d7973050171536850f,9481707,0xaf317b2389deb089640FEA1880Cd650e0337945a,0x2A4496bbC344414e3bDbE6a8E7c40EF007DAeEd1,0.0,1.5,confirmed
2025-10-24T17:56:42.075961,ethereum_tx,0xfa1fb05737cc2035b451b45da373215482151e69e720a8ae677c2ca9b9334d3f,9481707,0xd45e864a523c68910962F2a06Ad886D436C8523A,0x2A4496bbC344414e3bDbE6a8E7c40EF007DAeEd1,0.0,1.5,confirmed
2025-10-24T17:56:42.075961,ethereum_tx,0x3c9efde6d79a1603a5dcf5474a5c35ad0e365e5999a09f6467970e407693038b,9481707,0x22146a24D0135F17d32F97a3f9Ec3152d3E9C954,0x2A4496bbC344414e3bDbE6a8E7c40EF007DAeEd1,0.0,1.5,confirmed
2025-10-24T17:56:42.075961,ethereum_tx,0x362ed8241a5702a8c0fcf1df63e5a96bd2f6c0ef566bfdadfc50d53faa80278a,9481707,0x5A6D4D505a101725d98d57937b80991f2fA32791,0x57c5dC670eB6f571bDD8Fc1CF178c46c9A917A74,0.0,1.5,confirmed
2025-10-24T17:56:42.075961,ethereum_tx,0x1b1cee5719707e5c20e930da14c2802cf4d866cec0ee5b0162a342b8338fe268,9481707,0x1f00D3D7116ec57eE061bAE1c6485fc3421C584a,0x2A4496bbC344414e3bDbE6a8E7c40EF007DAeEd1,0.0,1.5,confirmed
2025-10-24T17:56:42.075961,ethereum_tx,0xa4c99dc2e8f4cd0c22d1c6630ae03122ece85ceda5f0e1457ba7a18772a0294a,9481707,0x8c4a2D8B1e3cc640F30b27514EFDc859A66C737A,0x81B0c3E6CE4b9FbE96c03694b9E3B2C0C51F5d0C,0.0,1.000000009,confirmed
2025-10-24T17:56:42.075961,ethereum_tx,0xdbc2dfe207032f008373af8faa3c28e00732b6a2fc690b9148956781c78df968,9481707,0x8E0838fb6f4DF31A8AE02dD4d5B66bAC9d0dd133,0xB6CBEc5abec592bB56D68d4898cA1788c8dfb959,0.0,1.000000009,confirmed
2025-10-24T17:56:42.075961,ethereum_tx,0x30c49aadcaa8f0817fd3d2d80011c8312467c80680b5439c665be5eb2561e07e,9481707,0x1a9DCE6479De4561d50B8E051493a121feA5fA91,0x4672bbFAF8e11EBFadC72897B4527ad399ecA8d6,0.0,1.000000009,confirmed
2025-10-24T17:56:42.075961,ethereum_tx,0x7ac2663cc8890b1d7e1452c0d02230833c85f98da77326da8e96aa8784dd31af,9481707,0x45Bd8Bc15FfC21315F8a1e3cdF67c73b487768e8,0xfF00000000000000000000000000002511155931,0.0,1.000000009,confirmed
2025-10-24T17:56:42.075961,ethereum_tx,0xb126190d906b336ae7274a532c8899fd6f493cc575ec92629c8ba2993966023d,9481707,0xE85361e03efbF39417aB06b5EeEC0e4948725313,0x6c7D8e7afa23A13c070FefFcd313BCA7D5aDEbDD,0.0,1.000000009,confirmed
2025-10-24T17:56:42.075961,ethereum_tx,0x10c83014550c2b810227cf55ea555fa48016f97e468ad7f8c81bb1f412519bf5,9481707,0xE53E1EdC0f1C8bAac0fd0CBc0B408fef33402ab4,0x32787CDa7eB44a561470afB3134465e4d386b301,0.0,1.000000009,confirmed
2025-10-24T17:56:42.075961,ethereum_tx,0xd429fcdde85bb9a5408a2518a177584d6d19528bb470a69e469fa170acaeab73,9481707,0x0C8cDd3d1Bb733CC5874576E96C632187F21DC89,0xa101f028Aa8897Bb8A3A20Ec42aeeb8b5202dd61,0.0,1.000000009,confirmed
2025-10-24T17:56:42.075961,ethereum_tx,0x5ac4371f5e3b05cf6a3da37da0d829173384f833baaa7d3fc2755ef94a1b88ea,9481707,0x0b7118EFBC92aB8779fa43D219364ac8E6f8C5AC,0xcF8DB88C2Ca2F85853F24Fa2273e70Ade07c3BBf,0.0,1.000000009,confirmed
2025-10-24T17:56:42.075961,ethereum_tx,0x073a089815bdc98b1ece28c8181f11105c69fbadfc763f0e472891eef0c47398,9481707,0x16fAadEC6f4A4b930a7637abeBb6E7cbC0Ac1Ab0,0x00c9280520640F310750f97080f804E1b8A7222e,0.0,1.000000009,confirmed
2025-10-24T17:56:42.075961,ethereum_tx,0x55f767c55d8f49e3b4f1c402188e3632f27902f956bc8b4a90f97f3a9eacffd1,9481707,0x180F0804cfa06448523d62B6794Dfe0fAc90Aff5,0x01a2102F61dbAE8787258b8410B5c865f82396B2,0.0,1.000000009,confirmed
2025-10-24T17:56:42.075961,ethereum_tx,0x7c07dba8042bd100bc75dc06b0de362847d22b17533a1b9f8ca62b4d8f90a3ce,9481707,0xbC8Ea34087223510d151Da73128d592e1563BEa8,0x091b82f768d8F1aCd8121a90e7CdbB3a406b44B5,0.0,1.000000009,confirmed
2025-10-24T17:56:42.075961,ethereum_tx,0x6fa1ac403052c218381339c51f572704fddbc96211dac502678f456719af6ca8,9481707,0x2176D71045E118212022c105Cf7BC5547d0Fc575,0x87B09661a61136C3575AC83A13A41a9C9EE1BF63,0.0,1.000000009,confirmed
2025-10-24T17:56:42.075961,ethereum_tx,0xa7d41f3afdcc9e9ec7059cb1e9a0c58bec40586fc063e7743f17e4b3f7a254ba,9481707,0xefB3de33104C0E65B457037C4b69BdAfdADe99E1,0xA801b8B02744B3496f3e77dFC7b2D9E1D2577A19,0.0,1.000000009,confirmed
2025-10-24T17:56:42.075961,ethereum_tx,0xfc59c42561a8eac23574103b3701f48570522b2cb38aa95da50c91ca8600e800,9481707,0x67722a1091E87D084c196cFf9B273Fa64da67E9a,0x647BD22e31b91a52Bd0de2fe8A9bf893Cc6F4c45,0.0,1.000000009,confirmed
2025-10-24T17:56:42.075961,ethereum_tx,0xa5307a2b3aa1082019d87c01001ec9b3cf2d9f11e8c8d25b0ab46ca87d378b1a,9481707,0xF0FEd0C0192539a1076d8BDa1233f414704d98Be,0x00D22efF04CF7d0f5A355A6D9A06E43120398dA6,0.0,1.000000009,confirmed
2025-10-24T17:56:42.075961,ethereum_tx,0x0667b3e0564cfdedfce5008921b2df41340784d27ee93cc1c5f3ac663efc1dcd,9481707,0x569E972fEC4C80a3507a4af385139695aaA48CDc,0x8a2d7B098488cB0fDf68A5Bf796743De6dE5F8c9,0.0,1.0,confirmed
2025-10-24T17:56:42.075961,ethereum_tx,0x010b88796c28c1410db02b5c097bdc7615491ddf74951f6125e7de07f27891e7,9481707,0xf43f1ddEA5968d9E629db5414121d49224bb0Ca2,0xf993E10C83Fe26DddFc6cb5E82444C44201e8a9C,1e-06,0.020000009,confirmed
2025-10-24T17:56:42.075961,ethereum_tx,0x9c2403ed7cd46e88df605e0068ac70f4da19c77f9c3c0feffe6d0ddf95f10a8a,9481707,0x8Ae856f773b5e1E41a905cf7A52D64D4232a423c,0xf993E10C83Fe26DddFc6cb5E82444C44201e8a9C,1e-06,0.020000009,confirmed
2025-10-24T17:56:42.075961,ethereum_tx,0xed5439fa46d28c4cf33dade70d7eac8d8b42d2b77be6bdb0862722222cc66c1c,9481707,0x342ebbFC607D08caA457526FfD79e52707CcfE64,0xf993E10C83Fe26DddFc6cb5E82444C44201e8a9C,1e-06,0.020000009,confirmed
2025-10-24T17:56:42.075961,ethereum_tx,0x9fa1f4346da36d14fdc7ba4ec96df8d768b6a1be36ab79ca864b75571bf52ba8,9481707,0xC3d29b7b93AA40CcF662915c94B30Cbde67981D2,0xf993E10C83Fe26DddFc6cb5E82444C44201e8a9C,1e-06,0.020000009,confirmed
2025-10-24T17:56:42.075961,ethereum_tx,0xe4167aa17a92300072bfe1590ec4ca91edfcf4329d2fc813f89c04dfdc8e9830,9481707,0xcD798540A7a28717bA8f36fBF2a707510973c0dc,0xB88Ca91Fef0874828e5ea830402e9089aaE0bB7F,0.0,0.001200011,confirmed
2025-10-24T17:56:42.075961,ethereum_tx,0xe640190097d3710a855e2c8b4f7fd0f1356768c58464b34f6c7d73385e8d80c9,9481707,0x65141CA3329DA9A83458017474b5Bc62097Cf24f,0x69C6b28Fdc74618817fa380De29a653060e14009,1e-18,0.001200009,confirmed
2025-10-24T17:56:42.075961,ethereum_tx,0xdacfaa65da976364265990cd59a43d9984f018b1b3ec6ce9ef3056d1406d1c0b,9481707,0x61d8838f9A00250C9AF13D622DA7c08c372ee587,0xCf8EDB3333Fae73b23f689229F4De6Ac95d1f707,0.0,0.001150008,confirmed
2025-10-24T17:56:42.075961,ethereum_tx,0x0941d69413c60fe90aeaf687a79650eb4cc19a45326dcdc8593853137306ddc9,9481707,0xb3a1956Cff1ecc8054B81b0C83b9847CB71384b8,0xCf8EDB3333Fae73b23f689229F4De6Ac95d1f707,0.0,0.001150008,confirmed
2025-10-24T17:56:42.075961,ethereum_tx,0xae521e4cbd31c658d5467bc9eed0afa5d5dd068c5a447bb28b65265978998e9e,9481707,0xDB41c0cbFCEf2F0ff1f02Cc5E25A9C6673b4a958,0xEFF0705AB5CCFF56f2DC9e6b6Acb6A94af2E9ea7,0.0,0.001100009,confirmed
2025-10-24T17:56:42.075961,ethereum_tx,0xe08a548755b98a0b2e64362c091c7b62a46bd27711402712973f8a43db56534b,9481707,0x86F91d35C63246C2d3De7BCE8BA9242F1652A94F,0xDbe8E91a17E4A3020d3bd98Cd1613a50bD95f20D,0.25,0.001100009,confirmed
2025-10-24T17:56:42.075961,ethereum_tx,0xf78dad9b3c1566d9d967d54a5c86d391fec860c61b5f4e8f57f9f2d3882ac8e7,9481707,0x065bb664C4Bf610558297150b4EDF18c8Ba494e8,,8.61e-16,0.001100009,confirmed
2025-10-24T17:56:42.075961,ethereum_tx,0x15ab760b8cb679c42464112a9d1ca1b601f197e93b65121d5aa0b4d336498507,9481707,0x95A13F457C76d10A40D7e8497eD4F40c53F4d04b,0xe497c1882d2fC664a2ba93C774363eA14F211d90,0.05,0.001100009,confirmed
2025-10-24T17:56:42.075961,ethereum_tx,0xdfffcf49cc1d77ef6f79619bf928e1d8459c2d00246047a6ca97ca4d48b4099b,9481707,0x993a0f3653887078215914BAdCF039263293adD9,0xD0C9abC550B95F1930826908FE9654a4Ce311A6E,0.05,0.001100009,confirmed
2025-10-24T17:56:42.075961,ethereum_tx,0x66bb0a89a3ceb797a681a06257ad289cda627a3ce12c30e7b5cc14671e47f02d,9481707,0x10C8521D9FfB48cEA979EAC53D1634073032AA95,0xE99C54fF96Ae65cd3eE322f368b9f3C2bf20c210,0.0,0.001071473,confirmed
2025-10-24T17:56:42.075961,ethereum_tx,0x29686c403c1f48860796c293f122be3ffb6d8d31a6ef367f0ce664e597d87200,9481707,0xfD295497eA03CD07f09C9F4a009C01F479d7726d,0x557ABBdF9180Fe864E38Dd88E0AF8cb454556886,0.0,0.001071473,confirmed
2025-10-24T17:56:42.075961,ethereum_tx,0x271bc36dac96a6b0cdf269f19416cc9228765e8b86974e0b14adb8b6e73dfa58,9481707,0xc82789d49506497BDe575950440D0EB3deCfA97E,0x7215691F60C4fA7Bb82c5Ac44c7d57dc32bB0493,0.0,0.001052641,confirmed
2025-10-24T17:56:42.075961,ethereum_tx,0x5e62a0043df0a7fe5621d65d05d1c00972b36ea1efabfbd3a37ce39e01ba1257,9481707,0x0A619E093f000d6bDBbb7d5b118212829672cfa3,0x3eDF60dd017aCe33A0220F78741b5581C385A1BA,0.0,0.001052641,confirmed
2025-10-24T17:56:42.075961,ethereum_tx,0xf0f46e34f19601aacdf753d955bd73526344dfd8c6f454782298a160c14569a1,9481707,0xf059400Db43728bA0eE55c4d27382E4257C046F7,0x7215691F60C4fA7Bb82c5Ac44c7d57dc32bB0493,0.0,0.001052641,confirmed
2025-10-24T17:56:42.075961,ethereum_tx,0xaa74370cbef3978f05cbd19163f9be029b19404bade408b0a5e881d612d82fb0,9481707,0x5d72984B2e1170EAA0DA4BC22B25C87729C5EBB3,0xd4116f515A6958da851080B390DDE4B81f408978,0.0,0.00100001,confirmed
2025-10-24T17:56:42.075961,ethereum_tx,0xa1b07f81d696f7963bd6bb0f43eaeaceaec4838d878be0814c9c271fd8c5900e,9481707,0x5a0A47489Ab966A22782FEDc10D0633c10084189,0x87A3effB84CBE1E4caB6Ab430139eC41d156D55A,0.0,0.001000009,confirmed
2025-10-24T17:56:42.075961,ethereum_tx,0xc5519b92da6f098b217d641831efb9c91c5935f7188b5e5a0d5d95bc2f983e59,9481707,0x008006439bC5Fe2E319A28C6fC590633BA1977f7,0x2D567EcE699Eabe5afCd141eDB7A4f2D0D6ce8a0,0.0,0.001000009,confirmed
2025-10-24T17:56:42.075961,ethereum_tx,0x49da6e0213f3fe3e3fc60ff54b5fe5ee61ba002ccb47d31b582b35665d938188,9481707,0xaa0dff2fef2D021FF5aDE44Ff17704d59345dd1b,0x0000000000000000000000000000000000000000,1e-05,0.001000009,confirmed
2025-10-24T17:56:42.075961,ethereum_tx,0x7d5f7411ecd0971357bb081119135fdae27ff51f7534dccfcad2113cbcc41a53,9481707,0xE31cd01c8EFCe48b083e5b6430005118327C4186,0xb92d8a246A6bf5244364F0017BFa7cf2F69dB799,1.57e-06,0.001000009,confirmed
2025-10-24T17:56:42.075961,ethereum_tx,0x7221cd0072f17342e9135d77391971f23db57cc469374d8339341b59eedf2af7,9481707,0x03f20De1EC4e7dF18e944B45B1ABF836397FdA7F,0x03C66CB1826BDB0395BF31E68Bf7E873e9564fFB,0.0,0.001000009,confirmed
2025-10-24T17:56:42.075961,ethereum_tx,0x7b4cb12de1437cf879304be526bc15b1779c43c6a96c34633988665e967491b3,9481707,0xA78f174280d1f937Cfec380c70bBE9eBBCbCf561,0xa7Fcd964F141da354936228c86aEFcf274B47C2E,2.82e-06,0.001000009,confirmed
2025-10-24T17:56:42.075961,ethereum_tx,0x73babbbb1d2b93e29a36b49f37ee1bf2efaa17fbe8024dc31f19ced72f6f4bda,9481707,0x6EeD281C619178DF374C07b0B5109d85a2f38300,0x03C66CB1826BDB0395BF31E68Bf7E873e9564fFB,0.0,0.001000009,confirmed
2025-10-24T17:56:42.075961,ethereum_tx,0xc4ebeea1920fb0b5be87df5b3e1b6b09601d3c2d987f20ce04304b01f6d640c8,9481707,0x5491a26A0A4333543cf68345a5E1B7e1732AaAAb,0xf4577800c1041F3A499fEc6b6E1F2C4E7b30b75d,1.68e-06,0.001000009,confirmed
2025-10-24T17:56:42.075961,ethereum_tx,0x6324a83c0252b41a87b198aff0dbe7d1b9c5d5510908aca4dde662986e3c4b08,9481707,0x32FafD34a522107b67DEe1Ef0755d1C13951129a,0x853758425e953739F5438fd6fd0Efe04A477b039,0.0001,0.001000009,confirmed
2025-10-24T17:56:42.075961,ethereum_tx,0x7aaaa8f360a8cdc750a4a144979359f8b44ecfe9a52ef0e4eda7fbb76ddcdb53,9481707,0x40f52e9c3E662913A5e6ad290d961942Cb33CbE6,0x03C66CB1826BDB0395BF31E68Bf7E873e9564fFB,0.0,0.001000009,confirmed
2025-10-24T17:56:42.075961,ethereum_tx,0x5578435a4e0763539d59c9c59e9f2c8022da3737fd8ca7f70df8bf256eb45936,9481707,0xd756119012CcabBC59910dE0ecEbE406B5b952bE,0xADF5aadbe080819209BF641fDf03748bb495c6f3,0.0,0.001000009,confirmed
2025-10-24T17:56:42.075961,ethereum_tx,0x56a50b2393bf503f43af01ada04fd2f4c170e46ad20ae6c7d7caaa1949d29778,9481707,0x73DA155ca8351Aa206c9ad1e1510134a3987166a,0x08d2b0a37F869FF76BACB5Bab3278E26ab7067B7,2e-05,0.001000009,confirmed
2025-10-24T17:56:42.075961,ethereum_tx,0xc7e9c5c495b06133d7873039e358c04721fdec78085723d48d3633d6f23fae22,9481707,0x6d50EDC485a5c5C8E57e45994de1C8f8A11A7cee,0x8241343EbD9B7Cd034A3f245761D1C2E53d794ba,8.3e-05,0.001000009,confirmed
2025-10-24T17:56:42.075961,ethereum_tx,0x8a41d3d9887035125baddfc7a1ca7db63803a545d0df708e79a6ce83c9dccc59,9481707,0x887BC4B4C8E4c6C5549cbB4EB4b5AF275c22A05a,0x68103ED1d4E25C2f92707c82d5e420268A4F5Bf8,0.0,0.001000009,confirmed
2025-10-24T17:56:42.075961,ethereum_tx,0x2180cb35aa7830f49b699bc21f72819b311a570423e87a6576a63b85a016b211,9481707,0x8EE594D10b1c6Fcc7e73B1c5CdAdA929d902289e,0xc6255a594299F1776de376d0509aB5ab875A6E3E,0.0,0.001000009,confirmed
2025-10-24T17:56:42.075961,ethereum_tx,0x3ebfdf41c075633edbbbe46a639e9325535d0bbff473a437dea3e62f446c6c5f,9481708,0xfc56E7272EEBBBA5bC6c544e159483C4a38f8bA3,0xfF00000000000000000000000000000000084532,0.0,16.000000009,confirmed
2025-10-24T17:56:42.075961,ethereum_tx,0xaee190e8d7f297361cd20e19b00b79c5f85a9fa2cf9c84c172868b702c97135a,9481708,0xeC65251f281d2481845174abC0A6061A2437A084,0x3db6C45d5F3A4CE506E43bAD1331EebF191a4B82,0.005142291657813184,4.507299999,confirmed
2025-10-24T17:56:42.075961,ethereum_tx,0x2b6e21c7eb5e117f548c79d6ee731127308d8269ae1072d4419b8a370dc95dba,9481708,0xC65dEd215f7e40C46293257c86E746AA68884e63,0xcA11bde05977b3631167028862bE2a173976CA11,0.0,3.000000009,confirmed
2025-10-24T17:56:42.075961,ethereum_tx,0xbacc894730b5c2f38cbff45c341c2216ecdaa74ea5a745e201bb0ce46ab3ad23,9481708,0xB3A4e46b180887e27ea1881CF7A413775210440E,0x025Ce546F76B2C4632E07742492dA1cD843df3d9,0.002544,2.500000009,confirmed
2025-10-24T17:56:42.075961,ethereum_tx,0x045e0ff7c25bc17e8fb6e4e293b4fff91c26cbe0893f7ce8d62d171eaeb1b673,9481708,0xe5c9eB0Efa66A8c86De705E1ac94c45752aA87eE,0x5A7Ff62BB0aA1b14E7E5126ad7CF44E4f54d3332,0.078,2.500000009,confirmed
2025-10-24T17:56:42.075961,ethereum_tx,0xa1d4b7db56005d15b435c5047f0a7c219fe6446e2397d4122e5f8e198a1f1515,9481708,0x6Cc9397c3B38739daCbfaA68EaD5F5D77Ba5F455,0x7F04EaFb272E9Fe28B7eC7459564829Ec17145E6,2.5,2.000000009,confirmed
2025-10-24T17:56:42.075961,ethereum_tx,0x53347dcba8ca35b7942ff2881429099c0c4d5158384047323429a5cc6bd5d045,9481708,0xD6Df175cF7d14B1695aAeebf7Be2F471E4590F32,0x51372558b0b9205E6c42d804311be7DaBE532885,1.48814713,2.0,confirmed
2025-10-24T17:56:42.075961,ethereum_tx,0xa5445d053bc2247e28e36cd21375ade296a9c20740a93f99ae264e1a18825531,9481708,0xC610013Ec571064fd7f720118D0a7C489bB223EB,0x51372558b0b9205E6c42d804311be7DaBE532885,1.67809867,2.0,confirmed
2025-10-24T17:56:42.075961,ethereum_tx,0xf8b96747f4fd562a43690864e6ac789407fa07b2010b16ed1fc892be97e8e302,9481708,0x65Cc6C18b6D2785939e4C075FdD751067e35Cf8A,0x51372558b0b9205E6c42d804311be7DaBE532885,0.58015391,2.0,confirmed
2025-10-24T17:56:42.075961,ethereum_tx,0x9b5b235369ab2a12174656736d98b7f99444bc8c3c516afa37940f63e033db2f,9481708,0x2C6aa6B9bED2Ec4724178De28254a2EBfac7b7dA,0x51372558b0b9205E6c42d804311be7DaBE532885,0.37528939,2.0,confirmed
2025-10-24T17:56:42.075961,ethereum_tx,0xb5038546246467bcae071117301e33adffb093309597734b6140040d3c39dd9e,9481708,0x941dA9d9c188ff4726C0Bd9Bf38f150b51D0c8a3,0x51372558b0b9205E6c42d804311be7DaBE532885,0.51555625,2.0,confirmed
2025-10-24T17:56:42.075961,ethereum_tx,0xa50f7018fd7497bc666f7366be8f4f38162259ab92af389bdc9dba7ac095a6f6,9481708,0x9ba6e5831063b66E0a5304Ef2351fC898Ce17414,0x51372558b0b9205E6c42d804311be7DaBE532885,0.54294536,2.0,confirmed
2025-10-24T17:56:42.075961,ethereum_tx,0x7e2065278b33b5ba5fc03c10b53073aff151665ab6c70e6ae6f2f3456a8ea824,9481708,0x8F651d3C323D04e6C8b5D64bfAbFc9e9d8C249F9,0x51372558b0b9205E6c42d804311be7DaBE532885,0.7658815,2.0,confirmed
2025-10-24T17:56:42.075961,ethereum_tx,0x52eafaf55a8fb0c794c6511c6b1fec3bb23bb11d2fe31c6dd244923bdbda6498,9481708,0xC807e07b5275d3a2DC6134C9B26804c3e54081e9,0x51372558b0b9205E6c42d804311be7DaBE532885,0.26005999,2.0,confirmed
2025-10-24T17:56:42.075961,ethereum_tx,0x0cd0dcf2927022a857cf2ab793dc2443dea3a305a395e4e48b8176efdb5bbb57,9481708,0x2C663f01e30cCf2e0DdDF4def78FF53a229D919E,0x51372558b0b9205E6c42d804311be7DaBE532885,0.30024,2.0,confirmed
2025-10-24T17:56:42.075961,ethereum_tx,0x136b21d52f98bf2cd142108811ce1849e081eceb5fbcab555aa90688f3db3ce7,9481708,0xB0d33Aa069dD4F55765BFF8be757848622c6e85C,0xdAb59D4CD6f08d495A67cA6C58390d59791898Cf,0.0,1.500000009,confirmed
2025-10-24T17:56:42.075961,ethereum_tx,0xa9561e3e28295c483310c34c04561cfa2caa15c3f67f6b96c5e737ffcca84308,9481708,0x54Bc0C006401459ab000b7dc52e2fC6f838f21b5,0xBC04d69Ecd7890699b2BE7924eA86474e15098E6,0.599968499999895,1.500000009,confirmed
2025-10-24T17:56:42.075961,ethereum_tx,0x2de86739ecfd4b629a27e0c0f7731be4b560943bc1dc8511f1121360526ca571,9481708,0xfa96E2167a154C8fD54E62dCC6111D33a2fC23Da,0xfa96E2167a154C8fD54E62dCC6111D33a2fC23Da,0.01874212499995275,1.500000009,confirmed
2025-10-24T17:56:42.075961,ethereum_tx,0x781b52decafc160a30c90afcef2be0e4514bac5b8b1f66907aa215a8ebac570e,9481708,0xd154F91947858444fBd4849Df18C78D399aF216b,0x7cb512008ECD844FCab522d1F8683aA6a8Dd075B,0.12,1.500000009,confirmed
2025-10-24T17:56:42.075961,ethereum_tx,0xfd480a30e81f54caf18015de6d748e3a99c45fd800b9aca576a0af1ce916b5e0,9481708,0x53646D2A54dF1dcA4Ea2Ac66A6279f91C976dF56,0x2eEfDcb72282F7c1837Da90e2c531b3201Afd5f7,0.0,1.500000009,confirmed
2025-10-24T17:56:42.075961,ethereum_tx,0x1619c55de7dc0ec4a2d5b7aadfbd8ea8f35b02de89779e59569f12a83597eece,9481708,0xaC56BEED1FCa1878621091c540a3d811D1DE8Dc9,0xc6255a594299F1776de376d0509aB5ab875A6E3E,0.0,1.5,confirmed
2025-10-24T17:56:42.075961,ethereum_tx,0xe3df6034e40ae3247b8090ea0219c18c2001ed32d9e622385bcf9b01cf0d266f,9481708,0x2DD1FAcb6C876C6F04e5aE54B6f2C242CaCB4cC9,0xc6255a594299F1776de376d0509aB5ab875A6E3E,0.0,1.5,confirmed
2025-10-24T17:56:42.075961,ethereum_tx,0xe2d639346602dd4de7ef780dd5998936a66f8d74c7cefdde7c26c34f7772ee0d,9481708,0x383E61E6c059598d9394C4eE217Ba34C2be0f3FC,0xc6255a594299F1776de376d0509aB5ab875A6E3E,0.0,1.5,confirmed
2025-10-24T17:56:42.075961,ethereum_tx,0xd0809c1b5562b4bd873132014baded602c1f8be7a27a4f4e0da884638fc113e2,9481708,0x615569320Cd8abA3a70A2F2FFe4Cfc3E053d6339,0x2A4496bbC344414e3bDbE6a8E7c40EF007DAeEd1,0.0,1.5,confirmed
2025-10-24T17:56:42.075961,ethereum_tx,0x777401ec79e2ec12fc8314865fc3debb0a4a46e3c206b446c5aad31317c9e94b,9481708,0xDaeC823329018d0c52f06399Af85f618CE084A5E,0xc6255a594299F1776de376d0509aB5ab875A6E3E,0.0,1.5,confirmed
2025-10-24T17:56:42.075961,ethereum_tx,0xc358e9be8e52014ef7f075dcfdd085096bf7fcb23a5d64ae71d223b9aa76a5fa,9481708,0x0907eEc7791b1497272fa9CEfCBab83f70F5194b,0xc6255a594299F1776de376d0509aB5ab875A6E3E,0.0,1.5,confirmed
2025-10-24T17:56:42.075961,ethereum_tx,0xe0df0d49285978448cf50aa898073b6d90823ea45f963b0bdbac649e454def97,9481708,0xE02E99e4b249358D3Bc6bBD060160C4d4D258B6e,0xc6255a594299F1776de376d0509aB5ab875A6E3E,0.0,1.5,confirmed
2025-10-24T17:56:42.075961,ethereum_tx,0x58e8cbffd692addd3598c1407c6cff9e64c42157ac6eb9cd1cb75479c9647bda,9481708,0xD22c6c02920dD8F149182c121c08e19C4a6750C5,0xc6255a594299F1776de376d0509aB5ab875A6E3E,0.0,1.5,confirmed
2025-10-24T17:56:42.075961,ethereum_tx,0x5ac1eddecbd5b04ca674b4a4f7a393d51396430cd4a0acf610df5a0fdad1fe19,9481708,0xF6f1730924532779A21183AABA65A2099D06398b,0xc6255a594299F1776de376d0509aB5ab875A6E3E,0.0,1.5,confirmed
2025-10-24T17:56:42.075961,ethereum_tx,0x600bc606df849dd379583de81a47a839c768377c02b39d3b517e9e84bf6333c5,9481708,0xB18CC846a310Df5F5D949Dc0d48d5aEa95009bfe,0x2A4496bbC344414e3bDbE6a8E7c40EF007DAeEd1,0.0,1.5,confirmed
2025-10-24T17:56:42.075961,ethereum_tx,0x95452e1333fb8452f2c64a091bdc1c508cb91e0843daaf993b807ca33785591b,9481708,0x1342AB509342Ce666289e5030570eaA31ab50CC0,0xc6255a594299F1776de376d0509aB5ab875A6E3E,0.0,1.5,confirmed
2025-10-24T17:56:42.075961,ethereum_tx,0xb46a29e1d56a343a9214ccc75ea421796c95c4f0e502af27f7356b0810854961,9481708,0x1f5c4D99Cc8CCCFd1d603757AB54dA8891227a2B,0x2A4496bbC344414e3bDbE6a8E7c40EF007DAeEd1,0.0,1.5,confirmed
2025-10-24T17:56:42.075961,ethereum_tx,0x58649a1a8899ad624a5987a0a7fdfdc31812c6fa22d4d34bdf9eaa0c917897dd,9481708,0x6b10935C128032D490899a82135cB34EED75ec54,0x2A4496bbC344414e3bDbE6a8E7c40EF007DAeEd1,0.0,1.5,confirmed
2025-10-24T17:56:42.075961,ethereum_tx,0xde44076df685800ec582bdfe01e93829cf5fb4ae72bfc3f4e9f24d7b32bedcae,9481708,0xA7585a65F21F6d8976A601A9ba50aC19bDA362eD,0x57c5dC670eB6f571bDD8Fc1CF178c46c9A917A74,0.0,1.5,confirmed
2025-10-24T17:56:42.075961,ethereum_tx,0xdcc02337c88e6958961cbb7e13911095802caf9341f354fb24c0969d441e02f3,9481708,0x6038C5D29d96c3f8ee219E6553C38dE08aDFFC86,0x2A4496bbC344414e3bDbE6a8E7c40EF007DAeEd1,0.0,1.5,confirmed
2025-10-24T17:56:42.075961,ethereum_tx,0x1cb9d2117d145d97a67d84906e3f800c63b7b052a35aca1b85315989df395e68,9481708,0x78a6304E9dED5A9cbBBa2D85CD1E3A20e0f68193,0xc6255a594299F1776de376d0509aB5ab875A6E3E,0.0,1.5,confirmed
2025-10-24T17:56:42.075961,ethereum_tx,0x8b3ae2ca61098352a25366dd701bf3ee05673ea72b903ac7228034b80b2f07e2,9481708,0x9510C0449dAC1BfE37171AF66eABF797B393b396,0x2A4496bbC344414e3bDbE6a8E7c40EF007DAeEd1,0.0,1.5,confirmed
2025-10-24T17:56:42.075961,ethereum_tx,0x72d1873d1340ff22015750de2066a301f5331cf529bbc76a44628e1d69d053fe,9481708,0x6adbFB2d5D377612c5D3Fd9373934FbdcEaC160F,0xd8c536CffB776f1Ae8E82Fa201E481105Ca22520,1.01e-05,1.5,confirmed
2025-10-24T17:56:42.075961,ethereum_tx,0x19892f0899bf821112c2ff39ff73c2c2fe56b7d1204c0cf8932ed4a2b95b6821,9481708,0x5689c7d8448B93A67666d39326Fc78334FF53F3f,0xc6255a594299F1776de376d0509aB5ab875A6E3E,0.0,1.5,confirmed
2025-10-24T17:56:42.075961,ethereum_tx,0xaf43f05641f896fefb9914e683abc527c2c1e9194e415838756d5afafa28368c,9481708,0xF42B366e26d3017bacAB32F6dc026f632EE0DDA0,0xF15Da6CbB2Aa33b5625AAA74eE9389217fb656b8,0.0,1.000000009,confirmed
2025-10-24T17:56:42.075961,ethereum_tx,0xff0f45756907cff70960f54ddd491362189f11277ca9daf5bc71305170f9ccbd,9481708,0xaB697892ec5C0008589a8a64a557Eb68B53F72A3,0xe969c530D9bCb5Cc348aE1C1F19efa42EFb1CC1f,0.0,1.000000009,confirmed
2025-10-24T17:56:42.075961,ethereum_tx,0x1abfc998212434fb51e4f7ac0e864350fdecf7d89b46ab6614948256c313aba2,9481708,0x32136151194F4730518C6F1e47dBcBA1d67932C8,0xB746AF0F1b4e6A5F1E133BfF2094B15784269bcF,0.0,1.000000009,confirmed
2025-10-24T17:56:42.075961,ethereum_tx,0xd2cb5fcf06ca9ac7e31debda55ac6da4f0da0dc53b4421efbcddac0fb0c4081f,9481708,0x2a1716C0731439656cC1E39a43FD1Efdf5e4491D,0x597Aa4ba4840074cC4024CD61788F2d0aF6C1978,0.0,1.000000009,confirmed
2025-10-24T17:56:42.075961,ethereum_tx,0x8e8c1fae2488f6e535953d29564f49ece87dc149692612ca43cb6398e6ea2297,9481708,0xb1075D9660449f03398f65eE63ffAf33B047Ee95,0x2FaAf1c416061b24Bc58871415a0d0210CcBe9C3,0.0,1.000000009,confirmed
2025-10-24T17:56:42.075961,ethereum_tx,0x904d7bcef137c17debada8287606b0bebb4dab7e7b9f7f5a5d8ad7873957c3cf,9481708,0x9B299bbc077407486BE6A13621736679b4903e41,0x1AFd79dd916C2102BC96C91D26E87A00695E8650,0.0,1.000000009,confirmed
2025-10-24T17:56:42.075961,ethereum_tx,0x58e7acabda04193fe5ad344e9518977425a5145bcf5aae7c9b26124ae59017e4,9481708,0xebFc2C4F56FC90864877eB4Fa6468397D2dEcF02,0xDbd9A72316eC93b4f29a70bD4dFbF58280CA6D38,0.0,1.000000009,confirmed
2025-10-24T17:56:42.075961,ethereum_tx,0x55a96b56a9b135797091d78ab00cf56ef376fb9a40ec8a76416434b7405e129f,9481708,0x3e55D94A8553CF879E94e5650C6bD752a9400DC6,0x962b13db523a8Cd6E21C2E545B531026974846a3,0.0,1.000000009,confirmed
2025-10-24T17:56:42.075961,ethereum_tx,0x06034261798e4ce38162c463f0369b78672387f94de2bd3aa9bf4a7d8723c72e,9481708,0x520D64e7D20acF0ee5e911a5276FDBbd68463773,0x7f9dA388fb2943aE1Eb8BCDF945F4265A33097b0,0.0,1.000000009,confirmed
2025-10-24T17:56:42.075961,ethereum_tx,0x6464eceed6d86c307268e467d1b991a0066f06df7348d970eec6579292a13f1b,9481708,0x2D423Fe82906e205f98e2fc9AdcC008b8b6C7203,0x002DFb35f6Db581BD4F136e849E9dAaD0dA721d0,0.0,1.000000009,confirmed
2025-10-24T17:56:42.075961,ethereum_tx,0x37c8e4a458dc2f4723661d09675f590ac816ba757b67e1a84dd6faa6a59dd7bb,9481708,0xA3e4785E9D4bDF3EE641D4ae405DDceCAAec59e6,0x00aeDCFa5C53DBc9228Bb459CB3d9a75ea661ca1,0.0,1.000000009,confirmed
2025-10-24T17:56:42.075961,ethereum_tx,0x7a9132fd02c06fdfdf526d4bc7aba814e4676d6ff8c3b9e8e9a0686ce340ec58,9481708,0x21e57C21530Bc33F12Ba96C9dDC135488365002F,0x004De1914F4f17aC234f5A5Bc8a4072a231d44BF,0.0,1.000000009,confirmed
2025-10-24T17:56:42.075961,ethereum_tx,0xcde624ed69e104dcbf1c31c938c054914f04d82915563bd471e6a64b3e105bfc,9481708,0xa6280E27Fb48a8BD8b1E3D1C5C502BE4f3Ec9c92,0x7b79995e5f793A07Bc00c21412e50Ecae098E7f9,0.0001,1.0,confirmed
2025-10-24T17:56:42.075961,ethereum_tx,0x6c9ea5589601e846af1bd647158f3827a1401f4298ce2c9f96f8aaa8a77030a0,9481708,0xFCe29b55AC291b56E20fa7004dA8d0fB91B16973,0x55414C542b7AD44C56741205757Ec0b7007c64C7,0.0,1.0,confirmed
2025-10-24T17:56:42.075961,ethereum_tx,0xa1c74c40720718713bc8f8913ab55df520c6599984156d8899060bf33b19886c,9481708,0x569E972fEC4C80a3507a4af385139695aaA48CDc,0x183De4cd07f2cE5b4f08d64f2bCFA533B50D0783,0.0,1.0,confirmed
2025-10-24T17:56:42.075961,ethereum_tx,0x215ccddcce7c26152bb1539a53fca5273795ac5c0f76117582a5455cb4a68133,9481708,0xe5e68267bA736Da074b1bf750D6B2C470791f959,0xF0Bc8de87E5Cfb93f314F5f225E87fDd6F5439e2,0.0,0.050000009,confirmed
2025-10-24T17:56:42.075961,ethereum_tx,0x3383f326ab793831336f4a2db1c2938e91896b688b818c4eb4a3cb28ee0d05b3,9481708,0xFcC86E3d8eC051bD0BdcF3D492C3dEF0B9D325fe,0xDFe1f6a4F26aDd4CB688027b2e86d8cBF7CCA1a7,0.0,0.050000009,confirmed
2025-10-24T17:56:42.075961,ethereum_tx,0x7e2e4446ffd8fbb9ceed180faba3ded6510fa54efa4b13a8d25883bed8858861,9481708,0xe7ddD1d16AB6AfA3Ca8C6f92D4db3Cb03b7d0924,0xf993E10C83Fe26DddFc6cb5E82444C44201e8a9C,1e-06,0.020000009,confirmed
2025-10-24T17:56:42.075961,ethereum_tx,0xcff96994ae11e4b915815b9f15ec16e0290ceb2da5a0e1b40c2afdf23e916a65,9481708,0xC57695875E8d7aFE9f4c020c5517973Ca32c2B04,0xf993E10C83Fe26DddFc6cb5E82444C44201e8a9C,1e-06,0.020000009,confirmed
2025-10-24T17:56:42.075961,ethereum_tx,0x3047c659e785cac1b34af3f0cb17c87513dec0cee2ea629d1cbf83b237dc211d,9481708,0x47334E83Ea586d9D8926ebcFD2856474C05ecDF3,0xf993E10C83Fe26DddFc6cb5E82444C44201e8a9C,1e-06,0.020000009,confirmed
2025-10-24T17:56:42.075961,ethereum_tx,0x41f84e46d5d6814e74fc989394212f4b842449ab907ec579adf8c04f0f7f3ae1,9481708,0xa1ef6bAB53A86C38dD15a05336d82d30a97838b8,0xf993E10C83Fe26DddFc6cb5E82444C44201e8a9C,1e-06,0.020000009,confirmed
2025-10-24T17:56:42.075961,ethereum_tx,0xa5733064b660578dfd733e4935cffb384a846d6392c6d368425cffc06d226191,9481708,0x4835BEddF59807da73996f7f5f80A29bBa9086D9,0x956962C34687A954e611A83619ABaA37Ce6bC78A,2.365905332807e-06,0.001500013,confirmed
2025-10-24T17:56:42.075961,ethereum_tx,0x930ee57dc04bb7e4709b19563ad08d8f8d9a86423a9fcc0920bf1b0fad94e1c0,9481708,0xcbBC7309584EEE2bB0B3dE7fbae407Ddca868b7B,0x956962C34687A954e611A83619ABaA37Ce6bC78A,2.0004083702713e-05,0.001500013,confirmed
2025-10-24T17:56:42.075961,ethereum_tx,0x5b11c6a5a2b3a736cdda188e23eb5a2ad8433bf3efa0b942f20db2b5c368722c,9481708,0x6d7927C0D236388319864007681BC0C6b844Def8,0x12e1181a741b70BE6A9D81f85af3E92B6ba41897,0.0,0.001300011,confirmed
2025-10-24T17:56:42.075961,ethereum_tx,0x19fe8e6da7a7c25a01f130d11e03a61679bf5e4d0bd87ec2cb4704a23e94247b,9481708,0x49cC048D0CD136d28D6Ca929a6a55e45fB4ecF84,0x7cb512008ECD844FCab522d1F8683aA6a8Dd075B,0.01,0.001250011,confirmed
2025-10-24T17:56:42.075961,ethereum_tx,0xf704ad189d402e9c7543ca7e6da4444277683f73be7fc03c37e6edcf6826f761,9481708,0x7c6fDCF2Ea8Fa9D7164aFC02D7C7e99204ba1757,0xC959483DBa39aa9E78757139af0e9a2EDEb3f42D,0.0,0.001200011,confirmed
2025-10-24T17:56:42.075961,ethereum_tx,0x25ef3aef7542f6393aa7fe04e3f4eac254fcb8e8983828ecac7e46e673ad7408,9481708,0xcD798540A7a28717bA8f36fBF2a707510973c0dc,0xc6255a594299F1776de376d0509aB5ab875A6E3E,0.0,0.001200011,confirmed
2025-10-24T17:56:42.075961,ethereum_tx,0x9d5c1a32a8a2b2e29f1c46d57bb0bd9d4e2ad07be8cae6de589070f9637a9b01,9481708,0xd25DB2Ff2263A31b192EE117eB83E7792C01d58f,0x956962C34687A954e611A83619ABaA37Ce6bC78A,0.000216,0.001200011,confirmed
2025-10-24T17:56:42.075961,ethereum_tx,0xe41b32301f074a7119d62ae6c9e19ef32ca583626738ae2da78c9bb9bcb0461b,9481708,0x22e30b21477C4aCf6e37743e7A347C273cD107A8,0xF8c614A483A0427A13512F52ac72A576678bE317,0.0,0.00120001,confirmed
2025-10-24T17:56:42.075961,ethereum_tx,0xc4009051f4cbe56e43db18fd8409fb1feb3b3c090ab36535b1038028b9b89dfb,9481708,0x22e30b21477C4aCf6e37743e7A347C273cD107A8,0xF8c614A483A0427A13512F52ac72A576678bE317,0.0,0.00120001,confirmed
2025-10-24T17:56:42.075961,ethereum_tx,0x7e59c0ad387d462f2bf034f44e488d4332d24eda8a3e768c28b8c53f0989a78c,9481708,0xb3a1956Cff1ecc8054B81b0C83b9847CB71384b8,0xCf8EDB3333Fae73b23f689229F4De6Ac95d1f707,0.0,0.001150008,confirmed
2025-10-24T17:56:42.075961,ethereum_tx,0xd6fd1bd3ff6f9cad6dec9727c7fa987c24ca18b949b3038d381c9de418e6dbd9,9481708,0x94eDC8E0D150Ca41Ab78F479dCd202458C9375bF,0xc6255a594299F1776de376d0509aB5ab875A6E3E,0.0,0.00110001,confirmed
2025-10-24T17:56:42.075961,ethereum_tx,0xfc4fc2afb25390e1457283a9b9b4c412faaa7dfaee2479ad5ea2e862fb29ffb2,9481708,0x3Da763C42E438eB17880fB6A83040d6cf13eF03b,0xFf00000000000000000000000000000000042069,0.0,0.001100009,confirmed
2025-10-24T17:56:42.075961,ethereum_tx,0xf5990aaeb5c96d71ed73ada16b68755449c885a738f85f15aede88231d930ac0,9481708,0x53370DF3f1F8A9d95133Bc01D272E3c57e20D010,0x69C6b28Fdc74618817fa380De29a653060e14009,0.0,0.001100009,confirmed
2025-10-24T17:56:42.075961,ethereum_tx,0xf654877954cc1fcfc6645249d635c019f5f0dd03737e902309f008960ae6174e,9481708,0xDB41c0cbFCEf2F0ff1f02Cc5E25A9C6673b4a958,,0.0,0.001100009,confirmed
2025-10-24T17:56:42.075961,ethereum_tx,0x9f40d7f863e8df6bf2ee8dbbffc12e68c1e0678af205f5eddbcb40a14797a74a,9481708,0x065bb664C4Bf610558297150b4EDF18c8Ba494e8,,8.61e-16,0.001100009,confirmed
2025-10-24T17:56:42.075961,ethereum_tx,0x85f0405b8eee3836fc5b4ba36d9fb8d7b1ebaceba444e51a91195f2ae2a51690,9481708,0x661bA32eb5f86CaB358DDbB7F264b10c5825e2dd,0xcA11bde05977b3631167028862bE2a173976CA11,0.0,0.001100009,confirmed
2025-10-24T17:56:42.075961,ethereum_tx,0xc11a95b74642a02e7d445439c3407c2a27dfccac58f713b49aef310514470ec4,9481708,0x715d1084b1237Ba6a61447890F282E2505471EEC,0xb5A49949C49dEDD852F9f0f419b17aD2785032db,0.0,0.001080369,confirmed
2025-10-24T17:56:42.075961,ethereum_tx,0xfecee8d049147fa389a1f62d62c6c62f2c5a3db7689e28726b734c82b038df8c,9481708,0x06669bcE7aaF55a5D2a0405b90e6d2157269B5AB,0x7215691F60C4fA7Bb82c5Ac44c7d57dc32bB0493,0.0,0.001052641,confirmed
2025-10-24T17:56:42.075961,ethereum_tx,0x8ab2c4a9269ac0c7aa153aee9357ba2ea730cc399b75443be069c1601e177725,9481708,0x5d72984B2e1170EAA0DA4BC22B25C87729C5EBB3,0xd4116f515A6958da851080B390DDE4B81f408978,0.0,0.00100001,confirmed
2025-10-24T17:56:42.075961,ethereum_tx,0xf40f17d6ab7902c2e0c77bd189890a7892cb5436364af583c221f5dd70a42869,9481708,0x169cbEd25f1eA09079A320E3e86270B8FDAB612A,0x08d2b0a37F869FF76BACB5Bab3278E26ab7067B7,5.68e-05,0.001000009,confirmed
2025-10-24T17:56:42.075961,ethereum_tx,0x1a6ea931b94d9e28ee223db54c9cc4d460cfa561c62d8011f95c3b5ca78c69de,9481708,0xd1E2F21985265C91Ef95A7f30A523671dA256eE6,0xc6255a594299F1776de376d0509aB5ab875A6E3E,0.0,0.001000009,confirmed
2025-10-24T17:56:42.075961,ethereum_tx,0xd7d4abaadb2429818eba38cd31c805d34eb66adb4d301841e9d90925319513c9,9481708,0x6dBe810e3314546009bD6e1B29f9031211CdA5d2,0x1c7D4B196Cb0C7B01d743Fbc6116a902379C7238,0.0,0.001000009,confirmed
2025-10-24T17:56:42.075961,ethereum_tx,0x04b0d2bbc371c2fed675d449f96e0366271eb7036b1ed5221299e97a92a83004,9481708,0x15680b2c283Df447809661D44241a653218dB860,0x87A3effB84CBE1E4caB6Ab430139eC41d156D55A,0.0,0.001000009,confirmed
2025-10-24T17:56:42.075961,ethereum_tx,0xa141668892370b93116669523f7564063672e4ea7660a0386affda38dab22c41,9481708,0xcD12Ed9b63603bc9685Cda552c0156d9b297b41F,0x87A3effB84CBE1E4caB6Ab430139eC41d156D55A,0.0,0.001000009,confirmed
2025-10-24T17:56:42.075961,ethereum_tx,0x0c6a1eb9745f34ba1ad770adf41bf71b2d71bb6cb7fc3f86a72302bd56fb9f77,9481708,0xaa0dff2fef2D021FF5aDE44Ff17704d59345dd1b,0x0000000000000000000000000000000000000000,1e-05,0.001000009,confirmed
2025-10-24T17:56:42.075961,ethereum_tx,0x41bc8e8675be48b6761fefe918333cd9365bff055d4d0fa52c61183bf4a7447e,9481708,0xF4781425165Ad555F3869A71ED0Aa975873B0Df0,0x08d2b0a37F869FF76BACB5Bab3278E26ab7067B7,5e-05,0.001000009,confirmed
2025-10-24T17:56:42.075961,ethereum_tx,0x0ae3547db23055c1d67e91fd35853505983ad8cb663c178935337a016fc67b02,9481708,0x9559447e4e0A4013aD325BE945395E247eEf4385,0xc6255a594299F1776de376d0509aB5ab875A6E3E,0.0,0.001000009,confirmed
2025-10-24T17:56:42.075961,ethereum_tx,0x8326fe6a422174af2a456ba060036bfeb11d49d5dc7d53b43354cc4756368320,9481708,0x2a55c0FC41bE09faAAB94700d9e8b7b1A21885f6,0x853758425e953739F5438fd6fd0Efe04A477b039,0.0001,0.001000009,confirmed
2025-10-24T17:56:42.075961,ethereum_tx,0x771847aabde724f8f7d869ca3ec4f279233d24a6ae33f278303e9ecae5758b33,9481708,0x4C47b7d48a98Cf6b2CB4C0d6264018eDcD290791,0x03C66CB1826BDB0395BF31E68Bf7E873e9564fFB,0.0,0.001000009,confirmed
2025-10-24T17:56:42.075961,ethereum_tx,0xd7e1a4adb787a1d9925c4bdd8b0b5b79a0b8685da60045bc5845435fa253bd00,9481708,0x04fF039849da6f1854aFd626507c5Aa21D773aC1,0x853758425e953739F5438fd6fd0Efe04A477b039,0.0001,0.001000009,confirmed
2025-10-24T17:56:42.075961,ethereum_tx,0x28f84aaaea75ff3fd0e7f37f3c709b1bb452c9e666a88211549e015f6e3db771,9481708,0xE31cd01c8EFCe48b083e5b6430005118327C4186,0x332987F10e398EAD87361FebEe92A57b3E928D89,1.81e-06,0.001000009,confirmed
2025-10-24T17:56:42.075961,ethereum_tx,0x331af75378624bb95d38547942f986db770519182b38c070f9c449217721e5f2,9481708,0xB3C259f1235A50Bd0B8aA2E588648c106F6F3816,0x0215f8e5e81B75799Ae38232420377339d811796,0.0,0.001000009,confirmed
2025-10-24T17:56:42.075961,ethereum_tx,0x5f93be700a13e7521798ce34888ae8d63bfb21df3348468cb99b05a3d4bfe05e,9481708,0x6dBB00C10BDE382b679279C10FADD7c9b42f3fBF,0x6dBB00C10BDE382b679279C10FADD7c9b42f3fBF,0.001,0.001000009,confirmed
2025-10-24T17:56:42.075961,ethereum_tx,0x2345d1a4d4c3b1450bdeb3b5e947a394c8d83aabfe770fb074bca06b7fccb3ae,9481708,0xE061F3DC672e97dDf34C1647dC0B6F25F89C392B,0xc6255a594299F1776de376d0509aB5ab875A6E3E,0.0,0.001000009,confirmed
2025-10-24T17:56:42.075961,ethereum_tx,0x69c778b6819ca82ad7259d2cc45f4a5f17ce614d04945ef99e8c910392c73463,9481708,0x1341954420Feb6159689BAE8d5576BE0DA082b3f,0x10b744ae722bA2E602a62De302066F5AFf34a4A2,1.89e-06,0.001000009,confirmed
2025-10-24T17:56:42.075961,ethereum_tx,0x05c274e1da28f8bc125c5b9b64980aea36b60c619daf1fbd12c4b69fa0294b44,9481708,0x95Cd614413b0Fd92731F7Ed7b4a3BdbE071c7DeE,0xFf4079599E7FbE608d705C08f7b8ad132ED32730,5.32e-06,0.001000009,confirmed
2025-10-24T17:56:42.075961,ethereum_tx,0x68a498e492193e1df8b8c2912ae29cd3a4b0e756e7bd5fa19e270fe365844963,9481708,0x679FD38a8CF5b8FE13d1c3d0B4D46F5514C962bF,0x08d2b0a37F869FF76BACB5Bab3278E26ab7067B7,4.9e-05,0.001000009,confirmed
2025-10-24T17:56:42.075961,ethereum_tx,0xce7e6d4d7a743369b8909ed951fadd8c4192f02bc17be8beb0f27c76347cbf64,9481708,0xcb5f93894646D1859a86e479cf9a2ee8Ce12D401,0x853758425e953739F5438fd6fd0Efe04A477b039,0.0001,0.001000009,confirmed
2025-10-24T17:56:42.075961,ethereum_tx,0x91f4cce7b60bf20e454739c9d77bd84f8fc694315545976656566fe83f668ce4,9481709,0x4EA09D8f3fb494a11072ff05b1BE2241adCeEd09,0x006B2223248D0e45296d7d4F3cffF325579954C4,0.0,5.010000009,confirmed
2025-10-24T17:56:42.075961,ethereum_tx,0x2494b477d22d8ece5be34f00f99b2d03f4f3bec3b22a3c78db28924db4f380a5,9481709,0x3C95c2633296B264d051498C4b2e982EbB526A53,0x3C95c2633296B264d051498C4b2e982EbB526A53,0.0,4.1,confirmed
2025-10-24T17:56:42.075961,ethereum_tx,0x4ccf7ed690502afcab5c9ae3367e14494b7fb87584c31ca705785ffdee5c5c23,9481709,0xFAAbE66b9F954DB18DAbdE3Fae2A3Db78776CB16,0xcA11bde05977b3631167028862bE2a173976CA11,0.0,3.000000009,confirmed
2025-10-24T17:56:42.075961,ethereum_tx,0x8623e109822d2d1bb6f53b89874434e202a3aa460fb95b632ba4256ae05f558a,9481709,0xB3A4e46b180887e27ea1881CF7A413775210440E,0x025Ce546F76B2C4632E07742492dA1cD843df3d9,0.0,2.500000009,confirmed
2025-10-24T17:56:42.075961,ethereum_tx,0xf030edad1768de55127af14f74d5c158bdc77abd446c337f9ce92a04268bb180,9481709,0x55A07F9f7eD7F110c2Ddd8f2f5d8677Dc94aF4E2,0xeA30c4B8b44078Bbf8a6ef5b9f1eC1626C7848D9,0.0,2.200000009,confirmed
2025-10-24T17:56:42.075961,ethereum_tx,0xe31d0ea685d4ea952ea3dc0520dd9e6f2271637937f4e0bfc3a9541972c51e45,9481709,0xa510e160c768b22E03331cA11a4bAFE1E2297D55,0x73B668d8374DDB42c9e2f46fd5B754Ac215495bc,0.0,2.000000009,confirmed
2025-10-24T17:56:42.075961,ethereum_tx,0xce14aeab119f760daa1763a71a36d398c21a0dad9ef1332d2706774995a9ae02,9481709,0xa001eEe7A5b9aeFfe1e31Ffecc87d15e9FF4eC94,0x73B668d8374DDB42c9e2f46fd5B754Ac215495bc,0.0,2.000000009,confirmed
2025-10-24T17:56:42.075961,ethereum_tx,0xd534160e547811f40d23cc598dc07831ef5ec62474fbb938ea17d8f336f53818,9481709,0x319dd63E0AC72e7Ac74443029d074032c043460F,0x1c7D4B196Cb0C7B01d743Fbc6116a902379C7238,0.0,2.000000009,confirmed
2025-10-24T17:56:42.075961,ethereum_tx,0x40db5e27ba44b5a6b83cb347cd6fd41fa76a42a8dac86470d6855f70a736dbaa,9481709,0x8F23BB38F531600e5d8FDDaAEC41F13FaB46E98c,0xff00000000000000000000000000000011155420,0.0,2.000000009,confirmed
2025-10-24T17:56:42.075961,ethereum_tx,0x340defb976cd830b606971bb354f37fd19650e8e121b0b73888d784767aeba17,9481709,0xe7F38E2D57a0eA80240B5E65A69AF66812CbCd0C,0x1496A25437Fc2F9536b9e9e6738e2d065E14D38c,0.01,2.0,confirmed
2025-10-24T17:56:42.075961,ethereum_tx,0xdacb8912c4b24eb17739080ff79c77113e1295c274de94e28045305989929832,9481709,0x929fF56C19853f9c952E1f335f34Df946746bEfd,0x1CC9c5609D0abF5D452972e526389f44aaD39f56,0.0,1.500000009,confirmed
2025-10-24T17:56:42.075961,ethereum_tx,0xff8ad1739d0285ac1cbf67a450b9fa8091b1b374d47f82fc60d9d057d19ede08,9481709,0x91f1C7Fb8Ae71556241ED141f1797E1FDc8942a5,0x1c7D4B196Cb0C7B01d743Fbc6116a902379C7238,0.0,1.500000009,confirmed
2025-10-24T17:56:42.075961,ethereum_tx,0x745f6d5fb9c4ca1b6533e3fdc9eb9245acb9a1d6916a3ef20e8eec4817d2a0e4,9481709,0xAC346feDd3214ff200CB8DE8f8cb0BB5b3928224,0xc6255a594299F1776de376d0509aB5ab875A6E3E,0.0,1.5,confirmed
2025-10-24T17:56:42.075961,ethereum_tx,0xa22699a75ad545c453775a1f2fc28697bd87b59bccd39b0f63f7957145a308a5,9481709,0x8EE594D10b1c6Fcc7e73B1c5CdAdA929d902289e,0xc6255a594299F1776de376d0509aB5ab875A6E3E,0.0,1.5,confirmed
2025-10-24T17:56:42.075961,ethereum_tx,0x4e76fdebe9724c3153937156ad9bfe8d09e45735a0c28a102ecf07e9512a58c5,9481709,0xF38E5D49F751F3116BC22ab7CBF53B8B97FB29D9,0x2A4496bbC344414e3bDbE6a8E7c40EF007DAeEd1,0.0,1.5,confirmed
2025-10-24T17:56:42.075961,ethereum_tx,0x412390e6d8582c065d5fc8047b94e5597425eebba367b178c4ee0502d8a3e2c6,9481709,0xFb24BB2DF1cB9e3f0b7E80ba2aB744F4F77c75E2,0xc6255a594299F1776de376d0509aB5ab875A6E3E,0.0,1.5,confirmed
2025-10-24T17:56:42.075961,ethereum_tx,0x4590e13a59ed0dbe6366260f44d81a2e7a3b4801b9c30edb578cda6f049d6de0,9481709,0xE7B1e4Ecf2bB4fC9632d8B55f34A7B41963F09A6,0x2A4496bbC344414e3bDbE6a8E7c40EF007DAeEd1,0.0,1.5,confirmed
2025-10-24T17:56:42.075961,ethereum_tx,0x1dc6a79bb9cb5d187c953712dcb5c3c82d2ffaa6296fcc48b3c1f73b8f06edf3,9481709,0x929d51c252661D9cD3377DC93878F27185167Db6,0xc6255a594299F1776de376d0509aB5ab875A6E3E,0.0,1.5,confirmed
2025-10-24T17:56:42.075961,ethereum_tx,0xb1996a9941a54485b68b5203267d5300603918c37c049864e39a11d33ef886fb,9481709,0xB1bEd2E4081d86F3199B08a2aa3CE2959e9272ab,0xc6255a594299F1776de376d0509aB5ab875A6E3E,0.0,1.5,confirmed
2025-10-24T17:56:42.075961,ethereum_tx,0xb1c48fae2e682395cae4a23f1492ffdf57c482219aaee460aa0bd8668408764d,9481709,0x01243f3Eca77aA70a4beC9cb7F8cc3EFD7df6411,0x2A4496bbC344414e3bDbE6a8E7c40EF007DAeEd1,0.0,1.5,confirmed
2025-10-24T17:56:42.075961,ethereum_tx,0x65cb9ede1c47e414572fe29e957d7bc2eaf33361c1c91760213cb326d88abf95,9481709,0x15ddEA3143cf401eF39663dDA2A6FF7c5AB65c13,0x2A4496bbC344414e3bDbE6a8E7c40EF007DAeEd1,0.0,1.5,confirmed
2025-10-24T17:56:42.075961,ethereum_tx,0x065239d5b904a01783eeaca05c3425069f9ac3bccd07257f7d3d676a48ab447c,9481709,0xd6fc7ED61E2f4800bD858956B7Bc3D987CCa75Eb,0x2A4496bbC344414e3bDbE6a8E7c40EF007DAeEd1,0.0,1.5,confirmed
2025-10-24T17:56:42.075961,ethereum_tx,0xfa7091c39145b7cda43e37da6d2ee696d1c393c7ffd347271cf38319c74aeddf,9481709,0x0907eEc7791b1497272fa9CEfCBab83f70F5194b,0xc6255a594299F1776de376d0509aB5ab875A6E3E,0.0,1.5,confirmed
2025-10-24T17:56:42.075961,ethereum_tx,0x455d25a818712025c4a0bb951c96689df8143c7c06bd1f55f60e71b31feef363,9481709,0x977193653A657e558D4e8837D54DcB2597E2c36e,0x2A4496bbC344414e3bDbE6a8E7c40EF007DAeEd1,0.0,1.5,confirmed
2025-10-24T17:56:42.075961,ethereum_tx,0x00220b1a62e9768521faa3231c9f178beb3d4a3f4bd8cb0340a36737d6f8781f,9481709,0x254f4Fa6a90B6BA10434B2C136742854Dbd649fD,0x57c5dC670eB6f571bDD8Fc1CF178c46c9A917A74,0.0,1.5,confirmed
2025-10-24T17:56:42.075961,ethereum_tx,0x5e875a553b8feaccabdbe7808ae5fef2f7dc2c75ddac91e05505461f42d107e0,9481709,0xB78acAdC465E067C9189FF41Ff944AFbaCEb0584,0x2A4496bbC344414e3bDbE6a8E7c40EF007DAeEd1,0.0,1.5,confirmed
2025-10-24T17:56:42.075961,ethereum_tx,0x4fcd3127e1fbc0d800a2c784b5a7b75bff0eba7f7fab680c82a760c7b8adf47e,9481709,0xF0FEd0C0192539a1076d8BDa1233f414704d98Be,0x00D22efF04CF7d0f5A355A6D9A06E43120398dA6,0.0,1.000000009,confirmed
2025-10-24T17:56:42.075961,ethereum_tx,0xd9825995b68813a2fa6116b4ed08b5270c5ae657960d80e6ed629c56402806c2,9481709,0x1361234CdD2598D5C49Be7b460936Ed1A718b841,0x2Ef87AAe33c70F5079beEB988C858af4F225cc95,0.0,1.000000009,confirmed
2025-10-24T17:56:42.075961,ethereum_tx,0x96d696be9cb1e12038151f673f33ace31e4f5ca044a47af28502935d3ed35dda,9481709,0xAD0654aB10B809f5b1e52cF6F0148Fb8e2A1aB45,0x09839872e97B2D999342265BF4c9856aB154AF1B,0.0,1.000000009,confirmed
2025-10-24T17:56:42.075961,ethereum_tx,0xc866c84415b59e0f4329733fafa4d07c6c80c80ae052417a9cab5d9060478b22,9481709,0x2909931cb6AB1fBd24cA1743dF69cC9b2f2aA703,0x69576A0419a1d4E2178D1CED54b1F9c71c54aB0b,0.0,1.000000009,confirmed
2025-10-24T17:56:42.075961,ethereum_tx,0x860154a3171c47fcb95124f7970e6826ffe497d071635e1de8f4b1b3c734d0a5,9481709,0x4754ca6B3b0e20fbC66157cA7b937Db9f906d166,0x0051A0b15133C135366daeF258F0399799A0862A,0.0,1.000000009,confirmed
2025-10-24T17:56:42.075961,ethereum_tx,0x3bd3c5447ebc2a9be92eae56cc855a3b5a8cfb6b9dacd9026682866ea543fd61,9481709,0x8e44b28faBAFa0a01bf026C7AaB73eDD39699123,0x6171EAdf8cB59A75Ea9CDE1479F76fCFEcDfC223,0.0,1.000000009,confirmed
2025-10-24T17:56:42.075961,ethereum_tx,0xfb0c693bb8d821f8c3e209edf4e5d231101ca7565df4523ab8762653460d5eb3,9481709,0x412494320555FcFF33F27c03312C98B5e3731CcD,0xF14dA94E29ba3b7dAb65870f641aFa67B8EEB37b,0.0,1.000000009,confirmed
2025-10-24T17:56:42.075961,ethereum_tx,0x0293b69a500e92649b09f7babc2ac9acb2e1e236c784a8f37ab84b2aa0c0f073,9481709,0x3599A7C50bDcC061E65F92556ae65d0656445906,0xCF8f8b34f10e8CBb2F42bA60205caED1a85d0d0D,0.0,1.000000009,confirmed
2025-10-24T17:56:42.075961,ethereum_tx,0x58dd958fede726536511b3843f1142f4cb2c2064927cc943bf1fdeaaaa30aa2c,9481709,0x52136be58Fa3dc50A0D5A3dfe4Cb84aC610a79bc,0x9695cfaD83b058C6D38Df1F6b6752D7e11ad196C,0.0,1.000000009,confirmed
2025-10-24T17:56:42.075961,ethereum_tx,0x4624741a9c893a24b1d6f44a4e3a65f204b3cafa57fa2a36a492a0664deea46a,9481709,0xAD6B87B8729df7C3b833F0aEad8E60D5Adf9aE52,0x15B4B21e99De6F581BEFa64f8B64B9D50bc8F74E,0.0,1.000000009,confirmed
2025-10-24T17:56:42.075961,ethereum_tx,0x9e4569ddd11fee83dd6e46cb484e6c571d7a9e6483976553f6abd204ee0f4bfa,9481709,0x8e0247E3CbE8c9e4ECE06a2eCd27E7CE2B16f4A9,0x2B7Fc76629383f8cd236E4C0109B76aE89cb3cf9,0.0,1.000000009,confirmed
2025-10-24T17:56:42.075961,ethereum_tx,0x6c0dbb73d6d93959433f7e1a0f8710d43caaf27091b274b0618b254ccf2edccb,9481709,0xB5EFD9EFa5a1C552cf5688DB5C6780aaB81DfD66,0x8A158C04D140dFEFFfd6928F3789c0853376885e,0.0,1.000000009,confirmed
2025-10-24T17:56:42.075961,ethereum_tx,0xab0312627b8b3ebf77b1c9183c55fae3183ad47612380fe6d46d5bdc0dcc729d,9481709,0x3D036BCE51b3E7715D55bF8B46dAa73d5001d720,0xAd2c38ED0e1104B1975551c369C46d1D3e672174,0.0,1.000000009,confirmed
2025-10-24T17:56:42.075961,ethereum_tx,0x68dc10f8c656713ff1d46c6dbd36e6fa6a9d56f5cf156d8c861ec826ddf54a7b,9481709,0x36380209a06A1EA58b841BA1f9AD0C811fF8A991,0xDB89eD993a19CD284d6d96710F64e7D3CEF9d3a5,0.0,1.000000009,confirmed
2025-10-24T17:56:42.075961,ethereum_tx,0x40c86b0ab44104905b7d947be8c5d87823e454728d660961fb86de2d5f2930da,9481709,0xA585307640E0b3cb1a72F6ad8E1Cf28fC427936e,0x00B70ea669AAf6803f8FbC064C347B2dc60dc6c6,0.0,1.000000009,confirmed
2025-10-24T17:56:42.075961,ethereum_tx,0x39523113963c811a533d55d2e271d46915745f0d6bb3fffb0d1c52978ed1c72b,9481709,0x06Da314915a32792B5C2d0a9A8d0E06195aE1124,0xFA3B05F2A7B318b0A0c484c529cF4f707c6277ff,0.0,1.000000009,confirmed
2025-10-24T17:56:42.075961,ethereum_tx,0x4df5dc03dda75e053377671dc4ae6050c0f8b43cce9faf9acd0b9ea72a3ad71e,9481709,0xc4B70799e45eBe99A350C6aB12c983b933853494,0x995Ac841ea6095DedB3E5a6897425D1b67EA676e,0.0,1.000000009,confirmed
2025-10-24T17:56:42.075961,ethereum_tx,0x70d14cf7301ee19ce238bfd3b23619dc0fb784b632ddf769ebfe7215bf4d4a9b,9481709,0x51B0b2E3C41aAcecd38F445eCD08ddfd6350523b,0x88430b8a7AD397a8C260Df8683F2F92FA7586096,0.0,1.000000009,confirmed
2025-10-24T17:56:42.075961,ethereum_tx,0xf9908c17073f6ea110314df349a9b2cecb5687c252591bd3a0d56a3d43e29cef,9481709,0xB4fC80AEc34911C5d761259E74aE8a24c2C5D995,0x72de35dC43acfC49B6B21e559F8cA586e0E12011,0.0,0.020000009,confirmed
2025-10-24T17:56:42.075961,ethereum_tx,0xa96b4d173e593c5c75cb5521ddd429f90911780279064e5af9ab14c72dc46256,9481709,0x27A88B8846882507bab868974805339d4c438667,0xA73aFb610aC79A729A393D679029fCf9618854AD,0.0,0.020000009,confirmed
2025-10-24T17:56:42.075961,ethereum_tx,0xd89eede13910536478b500796a35f3ff455d5e9cf63074af114519e35fc0b56f,9481709,0xB4fC80AEc34911C5d761259E74aE8a24c2C5D995,0x72de35dC43acfC49B6B21e559F8cA586e0E12011,0.0,0.020000009,confirmed
2025-10-24T17:56:42.075961,ethereum_tx,0x8e616226df2c8cb8d79e3ab68296376333304abea9e8dbce7d32d06592670f89,9481709,0x5Ed4482830723b9555dfc71b7EA2065F4e03cE2C,0xf993E10C83Fe26DddFc6cb5E82444C44201e8a9C,1e-06,0.020000009,confirmed
2025-10-24T17:56:42.075961,ethereum_tx,0x2175fbe4759f2133e946bfa15a03d1018290cb3636937a783b964600ab049726,9481709,0x80A5F6D9334A81A5C57Dde37b919Fa6345D4befe,0x00ff59048b8CE3179c1c007E31227b1B8bb50B65,0.0,0.020000009,confirmed
2025-10-24T17:56:42.075961,ethereum_tx,0x896cf67b133f3c48a9c449397159efff8bbd155c13172faecdce7e25964af8c2,9481709,0xb5Bc3e3260e0e9c8B8465CB5d65E5d0d0C932d92,0xf993E10C83Fe26DddFc6cb5E82444C44201e8a9C,1e-06,0.020000009,confirmed
2025-10-24T17:56:42.075961,ethereum_tx,0x42190664324fb9a70edf11ffba16f3907c870bcb866ea6b276b0669f1139ceab,9481709,0xC07985896B9Deb25B5E7be74FAF34eA1f09Ccd21,0xf993E10C83Fe26DddFc6cb5E82444C44201e8a9C,1e-06,0.020000009,confirmed
2025-10-24T17:56:42.075961,ethereum_tx,0xd4f85c591e58d9c3889839baa59ccadf696fa9dac47dd756a3d2df487d82ef68,9481709,0x0c41c5e4cD5A127993bF19D3BD82BCDd0CCEe769,0xf993E10C83Fe26DddFc6cb5E82444C44201e8a9C,1e-06,0.020000009,confirmed
2025-10-24T17:56:42.075961,ethereum_tx,0xff11e3251bf6fb8a254164bb0c1e6c8aad643243b1c0475ba923ca8ff265efdb,9481709,0x4BA56bDa2009816e260921970041d6Eb005D7272,0xC764A997C86dC22B50Eb637626e3f46bfd82534A,0.0,0.001500014,confirmed
2025-10-24T17:56:42.075961,ethereum_tx,0x237d2ea33c31df7bdcf95df760df81da7ce310baef92b28957479b101b6d0ffb,9481709,0x7e62c5e7Eba41fC8c25e605749C476C0236e0604,0xBdCC405C59ED6075088E600f25DF922d76bCcB64,0.0,0.001300011,confirmed
2025-10-24T17:56:42.075961,ethereum_tx,0x40083a3b4b85ad327e33c917e3f5d356b978e912bbed83489dff1f942c9e7100,9481709,0xE4765a5D7335DAd51b3058d0b8eDeE540D149a21,0x83458E8Bf8206131Fe5c05127007FA164c0948A2,1e-18,0.001200009,confirmed
2025-10-24T17:56:42.075961,ethereum_tx,0x2866e70f574d23e377f8b9078b3007c807ea06d3491f33bc5c351cbfdb4850b2,9481709,0xb3a1956Cff1ecc8054B81b0C83b9847CB71384b8,0xCf8EDB3333Fae73b23f689229F4De6Ac95d1f707,0.0,0.001150008,confirmed
2025-10-24T17:56:42.075961,ethereum_tx,0x3763f4a7e734e9281bf30c645bc1d3466fb0453ddcc706d0d761d6ee2bde7c26,9481709,0x190c79eFF713Eae2BCcD64DC48eE6080C8C5e178,0x83458E8Bf8206131Fe5c05127007FA164c0948A2,0.0,0.001100009,confirmed
2025-10-24T17:56:42.075961,ethereum_tx,0xfd831d12fec9ca15ccf6b43b47e524686731cdb844f2c20bf22ee14749760d7d,9481709,0x3Da763C42E438eB17880fB6A83040d6cf13eF03b,0xFf00000000000000000000000000000000042069,0.0,0.001100009,confirmed
2025-10-24T17:56:42.075961,ethereum_tx,0xaf1a011056e00a539bc6cbb61e56455ec2c99fd8287998312ae5340071139c18,9481709,0x42CDc7598d93aFC4457d4eaAed6D44E2b198002a,0x7F83F5cA2AE4206AbFf8a3C3668e88ce5F11C0B5,0.0,0.001100009,confirmed
2025-10-24T17:56:42.075961,ethereum_tx,0x259724c7764bafd984c6b9636733d253b9b7236e6001967407b20939ae1da446,9481709,0x7941CF82266731e0d13Ea4846E0Bfed147481D75,0x7F83F5cA2AE4206AbFf8a3C3668e88ce5F11C0B5,0.0,0.001100009,confirmed
2025-10-24T17:56:42.075961,ethereum_tx,0x6be4a6323df1e2ec7cf9736809369632e6fb26cb810ba6d9f182bc56e0513b65,9481709,0xA27f42E7de09BAC26B350c0f1e71E2cA23baadAa,0x15B0E3766B144fbB190AeA6F01d8676af20C5aef,0.0,0.001100009,confirmed
2025-10-24T17:56:42.075961,ethereum_tx,0x4a16c642e595ccec83fe8b39699c525e762a3ea1f97e72b61165ace2c0c7c5d2,9481709,0x065bb664C4Bf610558297150b4EDF18c8Ba494e8,,8.61e-16,0.001100009,confirmed
2025-10-24T17:56:42.075961,ethereum_tx,0xcd0177ddb3fa194faeeb1ef96e38e13aba97ec0fd64dc18613503c6601c75dba,9481709,0xDB41c0cbFCEf2F0ff1f02Cc5E25A9C6673b4a958,0x3Aa672178Fcc9be783A0ED34DBcAD18c6EDB1903,0.0,0.001100009,confirmed
2025-10-24T17:56:42.075961,ethereum_tx,0xcd92dfb6e88bba80a6998509720c7af2647de33e62eb3e8b516ed88c643fce01,9481709,0x762fcb5a7DA58481c0ac88C7579ef1fC5527C11D,0x1552573d9cEa305c82F998C120e19c2aF8BFfF56,0.0,0.001100009,confirmed
2025-10-24T17:56:42.075961,ethereum_tx,0x0511c8e36e02058d35718e1000cb8cfa0065b68855a1b588c24cf9bb0787b480,9481709,0x0776224Bb3bF69729F940F040d26da325Ca0064d,0x3eDF60dd017aCe33A0220F78741b5581C385A1BA,0.0,0.001052641,confirmed
2025-10-24T17:56:42.075961,ethereum_tx,0xa69788c97dcba014d5fec445c6a2ce3dd57bbce96acdc768e709f073a420dbf1,9481709,0x0A619E093f000d6bDBbb7d5b118212829672cfa3,0x7215691F60C4fA7Bb82c5Ac44c7d57dc32bB0493,0.0,0.001052641,confirmed
2025-10-24T17:56:42.075961,ethereum_tx,0x3593bfbbec035bfd29e8ebd810dc4eb405b8947b216b175272f7915d94eeeb46,9481709,0x678A28eA79E39428bF1147293279CB20b017fda1,0x3eDF60dd017aCe33A0220F78741b5581C385A1BA,0.0,0.001052641,confirmed
2025-10-24T17:56:42.075961,ethereum_tx,0x1cbb6565519f2875270ed509a3db47a51ed0b3524dac07e61819304b0ec6a601,9481709,0x72d86ae6Ef263861984Fdee70AF5ee2d65f7c7F8,0x42B35aad89cB87cD589a773785BF5C696042AE53,0.0001,0.001000009,confirmed
2025-10-24T17:56:42.075961,ethereum_tx,0x43d1eb6f8aa9c0869be0914868ede16d5bdf415a01fec6ae4bc568fa97a76ff0,9481709,0xE4D16Ad5324A0cBc609609f4d26aE7C73d27D51F,0x03C66CB1826BDB0395BF31E68Bf7E873e9564fFB,0.0,0.001000009,confirmed
2025-10-24T17:56:42.075961,ethereum_tx,0x413de54f1a17c0ed582ed208fcbf3a87d890d1a692895ec80d12c95ffcbe5fee,9481709,0xcB499cf9d71FBD345e9BF8A37434e5C92d290Efc,0xb3975b4294ed871013d2B47ADe5da9015Df5C54a,0.0,0.001000009,confirmed
2025-10-24T17:56:42.075961,ethereum_tx,0x52b4419dfa6abd400bfdcc965b0d38335b052456d16835e072c4eac9bf388e59,9481709,0x1341954420Feb6159689BAE8d5576BE0DA082b3f,0xBB1CB9b221D674d1672c5B4A24936FbA84367E33,1.41e-06,0.001000009,confirmed
2025-10-24T17:56:42.075961,ethereum_tx,0x5e1e6a96d32001cf2bc58473e8ff1e33ae46408b015024200f3b77b3ba749922,9481709,0xE21aDCe4bba62b94242aC7b510C1b2FABBD9c3C4,0x853758425e953739F5438fd6fd0Efe04A477b039,0.0001,0.001000009,confirmed
2025-10-24T17:56:42.075961,ethereum_tx,0x4bc0ce580bed99ae67ec824af16460bce8a3290d265b63b671d74c00d8cd1314,9481709,0x2c06b1d706Fa7fcfa882EB4ce7F2fe27d58E08F4,0x08d2b0a37F869FF76BACB5Bab3278E26ab7067B7,3e-05,0.001000009,confirmed
2025-10-24T17:56:42.075961,ethereum_tx,0xfc416b2110183e8785c2e317f97c7281cd2130993eb1996adb34fae0861e5d5f,9481709,0xaa0dff2fef2D021FF5aDE44Ff17704d59345dd1b,0x0000000000000000000000000000000000000000,1e-05,0.001000009,confirmed
2025-10-24T17:56:42.075961,ethereum_tx,0xdbd0d954a447f5de75a0b8529b523fda727c88afa76c6b063e472055f50c505a,9481709,0xEbb572059363FA4FfF24781b24650Dc8ea74d33F,0xcdD16080FEB6479F92D07099488E910f1cC2FCD3,0.0,0.001000009,confirmed
2025-10-24T17:56:42.075961,ethereum_tx,0x8f607feac15afc763899884ccceefb65c19120e02ef361c00f3e037ca49c0afb,9481709,0x95Cd614413b0Fd92731F7Ed7b4a3BdbE071c7DeE,0xe7BB4Af3F807D1e2187225859ADB9B994CB8BcAD,5.35e-06,0.001000009,confirmed
2025-10-24T17:56:42.075961,ethereum_tx,0xc0f8ab2713f207572972129b23b98b36f4be20464894dbd240c11abe7ed3215d,9481709,0x18efa6FEaaD94e5900783FdaE22cF4b4994aFa69,0x87A3effB84CBE1E4caB6Ab430139eC41d156D55A,0.0,0.001000009,confirmed
2025-10-24T17:56:42.075961,ethereum_tx,0xa48a970058e1a8ff6f673299877081792ea9ab6f7efec8ebf716b71e1723bb01,9481709,0xB0f1939e10E5c1ff024C5f612C03A6D65EEb827c,0xc6255a594299F1776de376d0509aB5ab875A6E3E,0.0,0.001000009,confirmed
2025-10-24T17:56:42.075961,ethereum_tx,0xf1e4a0b949db960f14f24dc8f70c0a544a8a6e10f39d7c95bf9f20151428f441,9481709,0xcD12Ed9b63603bc9685Cda552c0156d9b297b41F,0x87A3effB84CBE1E4caB6Ab430139eC41d156D55A,0.0,0.001000009,confirmed
2025-10-24T17:56:42.075961,ethereum_tx,0x75e6b07564407bb3823ab70cdb67fc6a173a9aad6e2aec3a870af70a487e715a,9481709,0xB66df7402831cdFb30B1D3027cd27d3D4Be5F752,0x08d2b0a37F869FF76BACB5Bab3278E26ab7067B7,4e-05,0.001000009,confirmed
2025-10-24T17:56:42.075961,ethereum_tx,0x75ddaccb8f1fc24644557561ca1d3e17c9e63644211ae7d569e0edeea82cc83f,9481709,0x4bA8276e9f9Ac9E6404483ad3Fce1f411309b55f,0x03C66CB1826BDB0395BF31E68Bf7E873e9564fFB,0.0,0.001000009,confirmed
2025-10-24T17:56:42.075961,ethereum_tx,0xa7d4b6d50a909facf71166a78a94e3ca8f20de814e93d8937ddb1ab1e1318eb5,9481709,0x02B263c2dcaCD2C84BE49C6D0110a9d8529Cba4E,0x03C66CB1826BDB0395BF31E68Bf7E873e9564fFB,0.0,0.001000009,confirmed
2025-10-24T17:56:42.075961,ethereum_tx,0x0c3e778529cab297ac1bc3ec28ca3bdee2874521940cb64227ed094fe766b50b,9481709,0x3db6C45d5F3A4CE506E43bAD1331EebF191a4B82,0x645aF84686040Fa87e98e2645ad81b9BDf2c3edc,0.0,0.001000009,confirmed
2025-10-24T17:56:42.075961,ethereum_tx,0xc351566abb54cca0ab0398aa78341d2c117387088d0ddd4cac685673f8df0b8f,9481709,0x3a4C1235e1176599a8A4dd0FCF376E1422E4A6B4,0x03C66CB1826BDB0395BF31E68Bf7E873e9564fFB,0.0,0.001000009,confirmed
2025-10-24T17:56:42.075961,ethereum_tx,0x9ff95eb4a5fff18a1d41d0717d671b4de5ff0e9c7e64ae824218faaf70f4ec3b,9481709,0x72d86ae6Ef263861984Fdee70AF5ee2d65f7c7F8,0x42B35aad89cB87cD589a773785BF5C696042AE53,0.0001,0.001000009,confirmed
2025-10-24T17:56:42.075961,ethereum_tx,0x9b5e175780501d314f1ca0701830bb3651d204a5a0cb3d8594f9b10b20b822cc,9481709,0xB954B0A047a73DF51E22FC36c79524D44E0cA097,0x03C66CB1826BDB0395BF31E68Bf7E873e9564fFB,0.0,0.001000009,confirmed
2025-10-24T17:56:42.075961,ethereum_tx,0x0da0d3a8060584777423eb8a839029e4310724555cb6fd4feef8578f94a0f084,9481709,0xA41B2939F3C39c8188c7D6219f36d0eddCAD7797,0x03C66CB1826BDB0395BF31E68Bf7E873e9564fFB,0.0,0.001000009,confirmed
2025-10-24T17:56:42.075961,ethereum_tx,0xc6c91d3909f12ca3224474471ec9a7f79c20a4db5921a662531afef9ff7c80bd,9481709,0xB5938c79f6954F3a50572685b349FF0671429e57,0x93fACfb642917529A9C7354545F6444239eF6Ac9,0.0,0.001000009,confirmed
2025-10-24T17:56:42.075961,ethereum_tx,0xeadf93728e02c15cb59c656e2f08888504208918bea8c2cc24d3184ff5abcee4,9481709,0xE92F6b54745Ee1756C1A049CA3fD7cF563c27d3A,0x03C66CB1826BDB0395BF31E68Bf7E873e9564fFB,0.0,0.001000009,confirmed
2025-10-24T17:56:42.075961,ethereum_tx,0x613d7c650bb3ae535d6c82c67be2bc80c75fc8115d8602db88953e0190356c76,9481709,0x49E8d6086D2029C4334188571bf5b22597d596c4,0x49E8d6086D2029C4334188571bf5b22597d596c4,0.0001,0.001000009,confirmed
2025-10-24T17:56:42.075961,ethereum_tx,0x4c9da151f68595296dbc5f8b8ca9696f39bb152cfaa44085a41a6035a36f5cd8,9481709,0xEbb572059363FA4FfF24781b24650Dc8ea74d33F,0xeE567Fe1712Faf6149d80dA1E6934E354124CfE3,0.0,0.001000009,confirmed
2025-10-24T17:56:42.075961,ethereum_tx,0xc81254e1799948c8924a3c63ffd8b6722304da72071a55dfd913851d5e5b0d40,9481709,0x903c1b813886A58257c4d35152619990B7840111,0x93fACfb642917529A9C7354545F6444239eF6Ac9,0.0,0.001000009,confirmed
2025-10-24T17:56:42.075961,ethereum_tx,0x3f162199dcbcf4d797a106de609527fe81c8f94ba43b92dfeee7d8d782392283,9481709,0x5a0A47489Ab966A22782FEDc10D0633c10084189,0x87A3effB84CBE1E4caB6Ab430139eC41d156D55A,0.000621,0.001000009,confirmed
2025-10-24T17:56:42.075961,ethereum_tx,0xde1d01716e89e64a6801e26ba020353156b05fcc085b196d91f7566a7318e1ec,9481709,0xE31cd01c8EFCe48b083e5b6430005118327C4186,0x51b8757F0C9515AD0c6C5C5f7b3F3540CAD94555,1.94e-06,0.001000009,confirmed
2025-10-24T17:56:42.075961,ethereum_tx,0xc56159df3ad3ed9f76e7b4043c97fa267e66a177c3ce2a97f882fea915910c0b,9481709,0xa34296379320f74E7E654dA6d1a0F11e3e41cf19,0x03C66CB1826BDB0395BF31E68Bf7E873e9564fFB,0.0,0.001000009,confirmed
2025-10-24T17:56:42.075961,ethereum_tx,0xccaf15afec85e793c58b11b1ff9e26e302cf23866cd67b8b00788bb9250f89e8,9481709,0x05D890e81A0215DF0A751861ec3221E332F83647,0x08d2b0a37F869FF76BACB5Bab3278E26ab7067B7,1.6e-05,0.001000009,confirmed
2025-10-24T17:56:42.075961,ethereum_tx,0x6d0699915a9fcefe8551f94547860ad64618196170891b189b9660aa35171a54,9481709,0x6b6163E355Ff7C95A9c2Ac83c8074F811aC80b98,0x08d2b0a37F869FF76BACB5Bab3278E26ab7067B7,5.92e-05,0.001000009,confirmed
2025-10-24T17:56:42.075961,ethereum_tx,0x97c9c9cdb9ddad0b93b0e88a93be6f25a4968b44647d6f3c166c2accf80ffbd3,9481709,0x903c1b813886A58257c4d35152619990B7840111,0x93fACfb642917529A9C7354545F6444239eF6Ac9,0.0,0.001000009,confirmed
2025-10-24T17:56:42.075961,ethereum_tx,0xe662764ef1e3a3bc5973db0a1100b7e8feebbc0a3e06f9911b3bafb392691a67,9481710,0x5d2a003c40E751C74A65419922B50c8704F6db86,0xcA11bde05977b3631167028862bE2a173976CA11,0.0,3.00000001,confirmed
2025-10-24T17:56:42.075961,ethereum_tx,0x7f305cd1d3af95c824920e18af150805501142b5182b97b303ba2a2db43d9c62,9481710,0xa47FD6B99483Fc9165aB9c43bF8ec615EeFe441C,0x73B668d8374DDB42c9e2f46fd5B754Ac215495bc,0.0,2.00000001,confirmed
2025-10-24T17:56:42.075961,ethereum_tx,0x243a7ee305e661bbd28ecf77c31ec50defa73ab90f140d9de025085e5cff5540,9481710,0xe7F38E2D57a0eA80240B5E65A69AF66812CbCd0C,0x0C0313864B89C3F9e0a34Ec70112252aEc9A82Fc,0.01,2.0,confirmed
2025-10-24T17:56:42.075961,ethereum_tx,0x41df3ebf56164999f7bf4ca1d64a6d94a924fc3feed1759a201c331d7f644123,9481710,0x263FBC06623aA21D07db53229B62Eb0C4Ae8d68a,0xd110672E48c5B29ca911821539b7F202F3d6a9BD,0.0,1.50000001,confirmed
2025-10-24T17:56:42.075961,ethereum_tx,0xc9ea83506916a8ce1cdf0b03f5e23d6e6a27e7ff4b0d85263b8120587fef918a,9481710,0xEd496FABA9934225BfEd9E45c0dAB6120dBDb919,0x956962C34687A954e611A83619ABaA37Ce6bC78A,0.01,1.50000001,confirmed
2025-10-24T17:56:42.075961,ethereum_tx,0xd6a7a3f561c34a5ded23efff636d36c75bd4865b44bd1f82c63efb2c3b06a32d,9481710,0x0D3633251Cc5157304f5088B99c5ae62D43FbD4D,0x87A3effB84CBE1E4caB6Ab430139eC41d156D55A,0.1,1.50000001,confirmed
2025-10-24T17:56:42.075961,ethereum_tx,0xc6b04acf79517b9a788353ded6249a9fe354e64ab270600f77448506a44f588e,9481710,0xE02E99e4b249358D3Bc6bBD060160C4d4D258B6e,0xc6255a594299F1776de376d0509aB5ab875A6E3E,0.0,1.5,confirmed
2025-10-24T17:56:42.075961,ethereum_tx,0xe6979a83c9e555aa8bf0f0dc90083e54d214d5c9ec201501e5afed4ac86cbbe9,9481710,0x1342AB509342Ce666289e5030570eaA31ab50CC0,0xc6255a594299F1776de376d0509aB5ab875A6E3E,0.0,1.5,confirmed
2025-10-24T17:56:42.075961,ethereum_tx,0x3181b39a5c7e214df4b560939819fd0af8b488ab20d04a64626907186e41fbe3,9481710,0x78a6304E9dED5A9cbBBa2D85CD1E3A20e0f68193,0xc6255a594299F1776de376d0509aB5ab875A6E3E,0.0,1.5,confirmed
2025-10-24T17:56:42.075961,ethereum_tx,0xfdcc5f08d50afd3025c15f134a3eb175fc373a4c3bd78953438d0bef4b4c6ca0,9481710,0xBfeb15D280fbFC16288C6AC7004EF873bE551eAa,0x2A4496bbC344414e3bDbE6a8E7c40EF007DAeEd1,0.0,1.5,confirmed
2025-10-24T17:56:42.075961,ethereum_tx,0x61869bc2cf566089972a239aedf3bb6cde9526d044d6df61af8b4348d78b029a,9481710,0x9559447e4e0A4013aD325BE945395E247eEf4385,0xc6255a594299F1776de376d0509aB5ab875A6E3E,0.0,1.5,confirmed
2025-10-24T17:56:42.075961,ethereum_tx,0xc5612408198c675e3ef7532f184065ee82e5e6a57fc97b7f8947fd260aa3c269,9481710,0x22146a24D0135F17d32F97a3f9Ec3152d3E9C954,0x2A4496bbC344414e3bDbE6a8E7c40EF007DAeEd1,0.0,1.5,confirmed
2025-10-24T17:56:42.075961,ethereum_tx,0xe834a6dd32d7a4f66842cee6dd574e5bc0f2269cd155183eeb5dbd7da4433289,9481710,0xd45e864a523c68910962F2a06Ad886D436C8523A,0x2A4496bbC344414e3bDbE6a8E7c40EF007DAeEd1,0.0,1.5,confirmed
2025-10-24T17:56:42.075961,ethereum_tx,0x5271f6b9d5aebcb275a0155544fd4be8369d3428f6361bd4464d1ca4600a6e22,9481710,0x647c9C5Ff6E61265A4f50c53764C17f3dFe87EC7,0xAf4ce9bfAFbF86838dc7Fc23d57B83E59D3E59d3,1e-05,1.5,confirmed
2025-10-24T17:56:42.075961,ethereum_tx,0x373850dc0c141f2677b8324ff7d506fe0f1a4f44118800396dc9eaf272453298,9481710,0xE061F3DC672e97dDf34C1647dC0B6F25F89C392B,0xc6255a594299F1776de376d0509aB5ab875A6E3E,0.0,1.5,confirmed
2025-10-24T17:56:42.075961,ethereum_tx,0x7da04163e88508e55994be92aebba995c571a1c76a061eb354036f04c04388b8,9481710,0x72dA17d3979AEAc041cB5eDe738eE73aA43Af774,0x2A4496bbC344414e3bDbE6a8E7c40EF007DAeEd1,0.0,1.5,confirmed
2025-10-24T17:56:42.075961,ethereum_tx,0x56ab065da0bba3d5cfb1669a35929fad8c07699c279db2f7c96033bddb1bee26,9481710,0xaC56BEED1FCa1878621091c540a3d811D1DE8Dc9,0xc6255a594299F1776de376d0509aB5ab875A6E3E,0.0,1.5,confirmed
2025-10-24T17:56:42.075961,ethereum_tx,0x80030d2a597c59776029d3be66bf3f8afcedbcd465d3488d1b21e6aa86fbdb5a,9481710,0x76588bF2aCF1CAb1de32078c71be0943deF8901b,0x57c5dC670eB6f571bDD8Fc1CF178c46c9A917A74,0.0,1.5,confirmed
2025-10-24T17:56:42.075961,ethereum_tx,0x8206d082b65ac375820f2c765d3590311078928810cc3e40091ef4e3918b1009,9481710,0xDaeC823329018d0c52f06399Af85f618CE084A5E,0xc6255a594299F1776de376d0509aB5ab875A6E3E,0.0,1.5,confirmed
2025-10-24T17:56:42.075961,ethereum_tx,0x4220155bea8d9c8f476abcef752a09f273b9c3046fa55328c9042bd31a56a1c4,9481710,0x8EE594D10b1c6Fcc7e73B1c5CdAdA929d902289e,0xc6255a594299F1776de376d0509aB5ab875A6E3E,0.0,1.5,confirmed
2025-10-24T17:56:42.075961,ethereum_tx,0xcffd3242bd6c89dc4dc68ab99a6a8f5fc5177d979112bcffba30ac44a81b0ba6,9481710,0x5A6D4D505a101725d98d57937b80991f2fA32791,0xba1FCc7a596140e5feC52B3aB80a8F000C9Af104,0.0,1.5,confirmed
2025-10-24T17:56:42.075961,ethereum_tx,0x2d11d3d277ce4cc28dc5240b73a3bca039be7a2d89b8b60ae75d2dae5fc133cf,9481710,0xFb24BB2DF1cB9e3f0b7E80ba2aB744F4F77c75E2,0xc6255a594299F1776de376d0509aB5ab875A6E3E,0.0,1.5,confirmed
2025-10-24T17:56:42.075961,ethereum_tx,0x4e3d6f1372f22e4d6b52371b0dd588a7151ca99b4a639042e0a8653f241ed143,9481710,0xd1E2F21985265C91Ef95A7f30A523671dA256eE6,0xc6255a594299F1776de376d0509aB5ab875A6E3E,0.0,1.5,confirmed
2025-10-24T17:56:42.075961,ethereum_tx,0x1eb635f4a486dd10fa76a4b6283c4eaac244cf9cc25d948d43c7864a8e325423,9481710,0x929d51c252661D9cD3377DC93878F27185167Db6,0xc6255a594299F1776de376d0509aB5ab875A6E3E,0.0,1.5,confirmed
2025-10-24T17:56:42.075961,ethereum_tx,0x1c2edff7a692cfcd717375a510e890000b70861666d6e1b6b8c03a5fa9f6c58f,9481710,0xB1bEd2E4081d86F3199B08a2aa3CE2959e9272ab,0xc6255a594299F1776de376d0509aB5ab875A6E3E,0.0,1.5,confirmed
2025-10-24T17:56:42.075961,ethereum_tx,0xeaea69503c93a634c8184a4575fdccc475fcd6bcbf9c4946c5e93700405152fc,9481710,0xAC346feDd3214ff200CB8DE8f8cb0BB5b3928224,0xc6255a594299F1776de376d0509aB5ab875A6E3E,0.0,1.5,confirmed
2025-10-24T17:56:42.075961,ethereum_tx,0xbdf216cbe275f9d5744f5c00cff0c8800f40e3ea1d729663656daa8d1d7365e5,9481710,0xbceB0247dc98C45cd766DbFCc05926A2F488F944,0x3cFDe5e29Fba55d2194da00d14D1Ff8e44D84Fa7,0.0,1.00000001,confirmed
2025-10-24T17:56:42.075961,ethereum_tx,0x793a2b148025b52a106a724eb1ff6d1244a51a40148c1f065cf1dce214009589,9481710,0x9d84f24065e86E7144175d712B30Df7eE94D4a90,0xa33216da8A8A6d6aEA6f0DB67f2a33a976aAA538,0.0,1.00000001,confirmed
2025-10-24T17:56:42.075961,ethereum_tx,0x27d567a7386b59421eeb659e73db3671313b8272bfbae5f71672d3096366f57e,9481710,0x51db1d62C31c5949a58b36dF32d72f1b2A89DeD3,0x8B0479233Cd0Cd9dD393eD2dC6cc300B67B152bA,0.0,1.00000001,confirmed
2025-10-24T17:56:42.075961,ethereum_tx,0x7c20aef747032d4c2fd25d93dab23237eaaa6b12cba038240bcb497cc6914074,9481710,0xE09057A0FfF335FA802DEF5e358dA734668D6bd2,0x390e24E8324E56f13A8d48eB938b6f9De24CD205,0.0,1.00000001,confirmed
2025-10-24T17:56:42.075961,ethereum_tx,0xe70815d5dc0b2d0d3130744af31b33f993d2980c098a07219dba7e17785ccb5e,9481710,0xd8C6b66B1eB5B531bde6e23cEe270122b247E568,0x47Ed8c5764De0C8ceeADA2c979F41F7d215b1777,0.0,1.00000001,confirmed
2025-10-24T17:56:42.075961,ethereum_tx,0x2efd92b491c14a6d82f58e746c1b01bc3602142d709ae73f1ea78bf4c2cb5e79,9481710,0x49180059AF02dB7660A3d09d7796459b0F181a69,0xFF3108624ddFd2f18F41Fb62ccbBcdC3b1d6e39f,0.0,1.00000001,confirmed
2025-10-24T17:56:42.075961,ethereum_tx,0xe72c020850a1d8af3baf3962e7df6dd691cd862ae8c1a8581dd1336c68f73608,9481710,0x9F37C931347665e7dbD863faDb2602E69351F201,0x9E4EE87554c89Eb079873d3773E63Ca4cBD7817A,0.0,1.00000001,confirmed
2025-10-24T17:56:42.075961,ethereum_tx,0xcd53f179f783c2d847b3239dd29e3182b2cd0603eec8e0af369e7cc678ad4585,9481710,0x0C8cDd3d1Bb733CC5874576E96C632187F21DC89,0xa101f028Aa8897Bb8A3A20Ec42aeeb8b5202dd61,0.0,1.00000001,confirmed
2025-10-24T17:56:42.075961,ethereum_tx,0x1733ad33e8a68ae7bc84c8b7de8ef84ceea13470ee9b4a31f5a8f0201949b81c,9481710,0xbC8Ea34087223510d151Da73128d592e1563BEa8,0x091b82f768d8F1aCd8121a90e7CdbB3a406b44B5,0.0,1.00000001,confirmed
2025-10-24T17:56:42.075961,ethereum_tx,0x74890b7c12e74fae5b88be289066db1c63e1d95acdd42082aa0acb18561550e2,9481710,0x2176D71045E118212022c105Cf7BC5547d0Fc575,0x87B09661a61136C3575AC83A13A41a9C9EE1BF63,0.0,1.00000001,confirmed
2025-10-24T17:56:42.075961,ethereum_tx,0x31db1ffb1f075048517b1e98416a9657e42bcef1a1fadbbb7ddf4820db1ab53a,9481710,0x67722a1091E87D084c196cFf9B273Fa64da67E9a,0x647BD22e31b91a52Bd0de2fe8A9bf893Cc6F4c45,0.0,1.00000001,confirmed
2025-10-24T17:56:42.075961,ethereum_tx,0x9bc74f904212d62fc71405eb56025e0015742536448ff12c535c6959bbc9e14f,9481710,0x7C6BD462418fa28a7Bc763Ec6B4CE13b44401Ba6,0x00C43e59f530De4720AC8937e3B09997380dCFF7,0.0,1.00000001,confirmed
2025-10-24T17:56:42.075961,ethereum_tx,0x81f9d13c578be38afbe80bfcce79660e478697fd36b309ec93035ac6ddf7e9c2,9481710,0xAeA8ef46038f8A63aA170CC3b711140D1deC17D4,0x6Fe389dF63a2A62E2316EbBB35ae79706Ecf0EEf,0.0,0.02000001,confirmed
2025-10-24T17:56:42.075961,ethereum_tx,0x4e7632b6a0c39aecf653b9a814ea3b3b3364667a6da142450d6e1f873b7e04f8,9481710,0x87cEb93c018C5a56a3950E4D2D3AB91afE9c58Ec,0xf993E10C83Fe26DddFc6cb5E82444C44201e8a9C,1e-06,0.02000001,confirmed
2025-10-24T17:56:42.075961,ethereum_tx,0x42d190f5b815779447cab577fecacec3dfb8ff3f669258adc5c7fde6817c3e78,9481710,0x681878D13Ec2c18136E3905717Bae32Cb414aED3,0xf993E10C83Fe26DddFc6cb5E82444C44201e8a9C,1e-06,0.02000001,confirmed
2025-10-24T17:56:42.075961,ethereum_tx,0x0aa15a7c149d4cbe229f662d01eb56d5200f7bd955e2fab933a9c6aacdce9805,9481710,0x8fccBdb211390eC27Ee92e38ACB4416D1e36c897,0xf993E10C83Fe26DddFc6cb5E82444C44201e8a9C,1e-06,0.02000001,confirmed
2025-10-24T17:56:42.075961,ethereum_tx,0x249dcc02b5c848cce506e212355f9ae75f7986c6b68c2fa847010b2bf970f043,9481710,0x77607C206e0B670C71C2a9d146AE59e815D6fDFb,0xf993E10C83Fe26DddFc6cb5E82444C44201e8a9C,1e-06,0.02000001,confirmed
2025-10-24T17:56:42.075961,ethereum_tx,0x2b4f2f2950de2d4190fb67ae64d9f9e52048d36b096c14a9ed05f628d4f4f490,9481710,0x2c2ff804eD59BBE2533e0a8210D5a120414D4c93,0xA73aFb610aC79A729A393D679029fCf9618854AD,0.0,0.02000001,confirmed
2025-10-24T17:56:42.075961,ethereum_tx,0x7690a72aeb0816a7af899e30005f8fdd45a559ee7099dc6778f21a8e1d950fe9,9481710,0x27A88B8846882507bab868974805339d4c438667,0xA73aFb610aC79A729A393D679029fCf9618854AD,0.0,0.02000001,confirmed
2025-10-24T17:56:42.075961,ethereum_tx,0x8c9449239594ad731a21c978bb9b38fdfbc7f3b20f3cc9b954ca7805c72880c5,9481710,0x2D1A477e22F93b66F70a781D1f6aB73C3a62f09b,0xA73aFb610aC79A729A393D679029fCf9618854AD,0.0,0.02000001,confirmed
2025-10-24T17:56:42.075961,ethereum_tx,0x7fcd0ccfc9207f17513396d8eed33e5a0d68f27acb7898c6b89e64863b165777,9481710,0x4777B3a45c29E93e9afcDE7AefF5d35cabCB2323,0xd82F42477B6A1D8521866Cbf394e75eC3136CE7e,0.0,0.00200001,confirmed
2025-10-24T17:56:42.075961,ethereum_tx,0xd13e7707b8e69b5559981f60ade468b9e8bebb974a1c36b66a35249beaa74ece,9481710,0x4BA56bDa2009816e260921970041d6Eb005D7272,0xC764A997C86dC22B50Eb637626e3f46bfd82534A,0.0,0.001500014,confirmed
2025-10-24T17:56:42.075961,ethereum_tx,0x92d876cc90c399b8f68a7c15fcb54698196ac6ca2fd087587fce0aa0aece478e,9481710,0x357e899742619f86284BeDC42f79beDE3d1a018d,0x956962C34687A954e611A83619ABaA37Ce6bC78A,2.9274859675008e-05,0.001500013,confirmed
2025-10-24T17:56:42.075961,ethereum_tx,0x6362071b062c2bfd695dd4cb59c7b6b3339ea4675004f356f14e787b6173c4ce,9481710,0x257D4a365CA33E8B526071A8a462e0fdE69FE31B,0x956962C34687A954e611A83619ABaA37Ce6bC78A,2.674694205737e-06,0.001500013,confirmed
2025-10-24T17:56:42.075961,ethereum_tx,0x5b37fe742c0681ffd5fa252b9b18211c52592a838cefb3b645d03786c8f5792c,9481710,0x6d7927C0D236388319864007681BC0C6b844Def8,0x12e1181a741b70BE6A9D81f85af3E92B6ba41897,0.0,0.001300011,confirmed
2025-10-24T17:56:42.075961,ethereum_tx,0x789d959038569d1e970761a7b77fdf76f260a94294aae90b530c8fd281a7fb37,9481710,0x90306f2cC5DFACcaFD35F75DD552e19f92a6b168,0xadDD620EA6D20f4f9c24fff3BC039E497ceBEDc2,0.0,0.001200011,confirmed
2025-10-24T17:56:42.075961,ethereum_tx,0x7cf62afeb8f44785e64394b5a0ecd1afde726e4cabd0e1adc1aabe648316816c,9481710,0x7c6fDCF2Ea8Fa9D7164aFC02D7C7e99204ba1757,0xC959483DBa39aa9E78757139af0e9a2EDEb3f42D,0.0,0.001200011,confirmed
2025-10-24T17:56:42.075961,ethereum_tx,0x5421fe750e42b82e38d0536ec45a8a58c8935eb4721bb5eac8618f0c112802fa,9481710,0x339d413CCEfD986b1B3647A9cfa9CBbE70A30749,0xD1654C656455E40E2905E96b6B91088AC2B362a2,0.0,0.00120001,confirmed
2025-10-24T17:56:42.075961,ethereum_tx,0xd77780ee21652dabd79041aee74565abeff8efe2df56c41da7f4a61659ed19a7,9481710,0x339d413CCEfD986b1B3647A9cfa9CBbE70A30749,0xD1654C656455E40E2905E96b6B91088AC2B362a2,0.0,0.00120001,confirmed
2025-10-24T17:56:42.075961,ethereum_tx,0x8ba80c0cde5c2b02b91ac2a26d44969310a4e339aaccc578de44c0b367043b53,9481710,0x339d413CCEfD986b1B3647A9cfa9CBbE70A30749,0xD1654C656455E40E2905E96b6B91088AC2B362a2,0.0,0.00120001,confirmed
2025-10-24T17:56:42.075961,ethereum_tx,0xa9505b2ef6943468ac605fa4c748976b648706f495d5f409fa312357ba2eb79e,9481710,0x339d413CCEfD986b1B3647A9cfa9CBbE70A30749,0xD1654C656455E40E2905E96b6B91088AC2B362a2,0.0,0.00120001,confirmed
2025-10-24T17:56:42.075961,ethereum_tx,0x6f2e83e2a52f6b7dcdf3f06d90f49138badf48f0d1745453d0984292981d164a,9481710,0x339d413CCEfD986b1B3647A9cfa9CBbE70A30749,0xD1654C656455E40E2905E96b6B91088AC2B362a2,0.0,0.00120001,confirmed
2025-10-24T17:56:42.075961,ethereum_tx,0xdd69a847b4713763f83d25a5c812f7f75550653f885c41f00838b1e0a07ba71d,9481710,0xb3a1956Cff1ecc8054B81b0C83b9847CB71384b8,0xCf8EDB3333Fae73b23f689229F4De6Ac95d1f707,0.0,0.001150009,confirmed
2025-10-24T17:56:42.075961,ethereum_tx,0xc1e8e000712edec3a7aac987cc58793a71ef162daaedf86922ee199345c55673,9481710,0x61d8838f9A00250C9AF13D622DA7c08c372ee587,0xCf8EDB3333Fae73b23f689229F4De6Ac95d1f707,0.0,0.001150009,confirmed
2025-10-24T17:56:42.075961,ethereum_tx,0xdc82d7da8eda8109c5ad9534598826a6d0d78e64e153865f8b60d04ff5575281,9481710,0x61d8838f9A00250C9AF13D622DA7c08c372ee587,0xCf8EDB3333Fae73b23f689229F4De6Ac95d1f707,0.0,0.001150009,confirmed
2025-10-24T17:56:42.075961,ethereum_tx,0xfb94da346f2ac25803b55a19142fe514a02cca5026bbdf8eb869bf763946fee7,9481710,0x3Da763C42E438eB17880fB6A83040d6cf13eF03b,0xFf00000000000000000000000000000000042069,0.0,0.00110001,confirmed
2025-10-24T17:56:42.075961,ethereum_tx,0x7a54abdd9169a68444d1dbc3622822aad25936e4db626be11fde59f4ef9ee8a8,9481710,0x065bb664C4Bf610558297150b4EDF18c8Ba494e8,,8.61e-16,0.00110001,confirmed
2025-10-24T17:56:42.075961,ethereum_tx,0x07b257ce1542a19340c7b135970eacebaedbbd4eae9e007d0be959bedeb8df2b,9481710,0x52f1984Cd3e46e1214dB222D3Ff63712E7aCEedD,0x1a0F5d6917D21c5b7bc7A1Ca666Eb6bA4844185d,0.05,0.00110001,confirmed
2025-10-24T17:56:42.075961,ethereum_tx,0x769fdd554be488c91bedb64a120a49f1fe15a95d161f0b4aa243431399edd96b,9481710,0xCB0c6BdA178a28e34C1132c53dDeBA24A4DDD5df,0xb2e06e59765DaAe340C11437F3715fe15760b39F,0.0,0.00110001,confirmed
2025-10-24T17:56:42.075961,ethereum_tx,0xc1728d46ee63337db9d42f4f7fcfae46afada33af709effa633d54778d330c00,9481710,0xDB41c0cbFCEf2F0ff1f02Cc5E25A9C6673b4a958,0x3Aa672178Fcc9be783A0ED34DBcAD18c6EDB1903,0.0,0.00110001,confirmed
2025-10-24T17:56:42.075961,ethereum_tx,0xcfa589ddb6097b5fb3261ad0640ce78da095c23517b585ebcd92230ab0ea9b76,9481710,0x3Da763C42E438eB17880fB6A83040d6cf13eF03b,0xFf00000000000000000000000000000000042069,0.0,0.00110001,confirmed
2025-10-24T17:56:42.075961,ethereum_tx,0x1d35764be2036501c7a4e11e0141498d0b1f9ebfb87948602c8b80acb05603dd,9481710,0x715d1084b1237Ba6a61447890F282E2505471EEC,0xb5A49949C49dEDD852F9f0f419b17aD2785032db,0.0,0.001084572,confirmed
2025-10-24T17:56:42.075961,ethereum_tx,0xb842052e210fa80a32ef74cf5c496099f412d9435818d6776a4ddc8f380d2d65,9481710,0x72d86ae6Ef263861984Fdee70AF5ee2d65f7c7F8,0x42B35aad89cB87cD589a773785BF5C696042AE53,0.0001,0.00100001,confirmed
2025-10-24T17:56:42.075961,ethereum_tx,0x66d55dcb24c2f709043a44c063cf2cbe4d56909e0b8d212329bb20942a7849b4,9481710,0x42CDc7598d93aFC4457d4eaAed6D44E2b198002a,0x7F83F5cA2AE4206AbFf8a3C3668e88ce5F11C0B5,0.0,0.00100001,confirmed
2025-10-24T17:56:42.075961,ethereum_tx,0x47a8056a0eeb8c978742166279e5ee1a7c01e424a89296de4aab22a6710d510f,9481710,0x72d86ae6Ef263861984Fdee70AF5ee2d65f7c7F8,0x42B35aad89cB87cD589a773785BF5C696042AE53,0.0001,0.00100001,confirmed
2025-10-24T17:56:42.075961,ethereum_tx,0xacb5b597a362927c27e00cd4e609db456824a946c488251b33b2406bec01cf63,9481710,0x6d95AbF89c16Bb1682DEa4b31C85e311D569567e,0xEa1499503adDDC74Fc284a5707D29bCAc8cd48ca,0.0,0.00100001,confirmed
2025-10-24T17:56:42.075961,ethereum_tx,0xb05b8a0e84b0517bb0f8dab3de8629715fa474f12c1b0da36caca8992a058ada,9481710,0x6dEfe820450C3eA374f70E92006C4C37f0dE8c17,0x03C66CB1826BDB0395BF31E68Bf7E873e9564fFB,0.0,0.00100001,confirmed
2025-10-24T17:56:42.075961,ethereum_tx,0x092588dea7438b6167cdbdf6ff292ee12da8e3969d5b39e6ce8592eb1127c61a,9481710,0x930f772aBb6eb927AA0912F1E7c3B16c022C3641,0x03C66CB1826BDB0395BF31E68Bf7E873e9564fFB,0.0,0.00100001,confirmed
2025-10-24T17:56:42.075961,ethereum_tx,0x8e2c738e68983dd287c0c65409e5166e5127858c22d8b9478d20e69583ed2fc0,9481710,0xdF0603745Af603BD4d30a86455B9e61B5d3acf54,0x03C66CB1826BDB0395BF31E68Bf7E873e9564fFB,0.0,0.00100001,confirmed
2025-10-24T17:56:42.075961,ethereum_tx,0x66bafb4a1c587717404d711721bb8b683f58fc4cb1b7c1dedda18f5a82edc6a1,9481710,0xf43ad333c369c76c608b7c284b622975982BDf21,0xB88Ca91Fef0874828e5ea830402e9089aaE0bB7F,0.0,0.00100001,confirmed
2025-10-24T17:56:42.075961,ethereum_tx,0xfed86fb7b95929ef8451e6e0b65aaa6add864cf2fe286ed6bc0a50683502e19f,9481710,0xE31cd01c8EFCe48b083e5b6430005118327C4186,0xa4fE1240FF7cF9b49b151aC97E9b4D6Cf7788147,1.1e-06,0.00100001,confirmed
2025-10-24T17:56:42.075961,ethereum_tx,0xbcef53f2db6703e5c5c5ce58f15c218c1dba7eb72d4c2ba4e062550482a3709e,9481710,0x054a1013AaE46330Adc3329f6c22Ce0b36D65b81,0x03C66CB1826BDB0395BF31E68Bf7E873e9564fFB,0.0,0.00100001,confirmed
2025-10-24T17:56:42.075961,ethereum_tx,0x7fd9f0acff82e8b40272c8975385f27d8512798e83f3516ba349754addd0eaf8,9481710,0xEbb572059363FA4FfF24781b24650Dc8ea74d33F,0xeE567Fe1712Faf6149d80dA1E6934E354124CfE3,0.0,0.00100001,confirmed
2025-10-24T17:56:42.075961,ethereum_tx,0xe2f4e415aed995b04208c200c9407c2c61ad689f671922d645073ed45bd0035c,9481710,0xf734908501a0B8d8d57C291ea1849490ccEdc16D,0x4deeCe61A2B7E80102229a67D627424c0677333a,0.0,0.00100001,confirmed
2025-10-24T17:56:42.075961,ethereum_tx,0x1b32834f2b0e856eefea7800b1c8478fab36660cd0067f8328788190f5f8c7ae,9481710,0xd714797832fccF2E071aC79278A99E46172CFB54,0x0000000000000000000000000000000000000000,2.11e-05,0.00100001,confirmed
2025-10-24T17:56:42.075961,ethereum_tx,0x8380a30d7d45304b9ca3e3f62f36c1d860ca57ed368024e867ae5bfc87106769,9481710,0xB64d9B86E16b9303335F007cdf5338e458191B43,0x236D1c3Ff32Bd0Ca26b72Af287E895627c0478cE,0.0,0.00100001,confirmed
2025-10-24T17:56:42.075961,ethereum_tx,0x383fef9f7d783c8ad600db7115e92318ad93bd55cbf61a4a7d25d4b00b55150f,9481710,0x73DA155ca8351Aa206c9ad1e1510134a3987166a,0x08d2b0a37F869FF76BACB5Bab3278E26ab7067B7,2e-05,0.00100001,confirmed
2025-10-24T17:56:42.075961,ethereum_tx,0xc218e18d0bbb55a6c782a5400b143cd8d5d1b66e813ba0b5a02ea0e85bba59d3,9481710,0x59D21722F778f5e5b3CEb746d107DB41F25460e9,0x03C66CB1826BDB0395BF31E68Bf7E873e9564fFB,0.0,0.00100001,confirmed
2025-10-24T17:56:42.075961,ethereum_tx,0x08b70cec686674c130e2ce4cdb519c6b6fdb43db10f4fc400bbc7f32140a4892,9481710,0xb83e4E1D62c6688C5AD81428A8d93fFAf31dD0e5,0x03C66CB1826BDB0395BF31E68Bf7E873e9564fFB,0.0,0.00100001,confirmed
2025-10-24T17:56:42.075961,ethereum_tx,0xee276f222990c20fe4a1206948a7dd8d6e4cad8c2458ee636f1d5f7dbea94d86,9481710,0xC57593a62D0EcdEe960a3D06A689Adc2b69D30C9,0x0000000000000000000000000000000000000000,1e-05,0.00100001,confirmed
2025-10-24T17:56:42.075961,ethereum_tx,0x494a38ec57ff868b10bb9df084b9e8cb08b5e48bac7b8c7872bb2faaec2f356b,9481710,0xb3Fb53Aec32a7B31e21d155364E7A7eE9c20A39f,0x87A3effB84CBE1E4caB6Ab430139eC41d156D55A,0.000541,0.00100001,confirmed
2025-10-24T17:56:42.075961,ethereum_tx,0xba62708a389d2fa0f31dca00d05df1b2f50ab9698749a98128309225a9524509,9481710,0xA6023AfBd84A167F4C83fC115d57433F41E9d05B,0x58Db48f9C44a0Ce3c61E5932D83B10fAd340cA2C,0.1,0.00100001,confirmed
2025-10-24T17:56:42.075961,ethereum_tx,0xccd1d53cc67bd5a01af0ca84ace833723ece763a266f4efd2a2d0dfdc2305829,9481710,0xf59Cbe881372CE2E98eF604d203b2d727c993B64,0xc6255a594299F1776de376d0509aB5ab875A6E3E,0.0,0.00100001,confirmed
2025-10-24T17:56:42.075961,ethereum_tx,0x3dfb8e0901f3db1f2087000136c71edfa6493a92f503f6ec356dc372369e847b,9481710,0x72d86ae6Ef263861984Fdee70AF5ee2d65f7c7F8,0x42B35aad89cB87cD589a773785BF5C696042AE53,0.0001,0.00100001,confirmed
2025-10-24T17:56:42.075961,ethereum_tx,0x62c536f8b4da07e03a95875167fbb8958a9c57aa2639ad0ca252aadc50953581,9481710,0x5013609FFEcb9B9288005d700055D45dab1C6682,0xc6255a594299F1776de376d0509aB5ab875A6E3E,0.0,0.00100001,confirmed
2025-10-24T17:56:42.075961,ethereum_tx,0x71dbc061b11dcb14a9aa77e14b70af98cc80039f6f05c756cabc321a245ea205,9481710,0xA1c3d7699A6dfCf3e961B6486350cf527dBf3cf0,0x87A3effB84CBE1E4caB6Ab430139eC41d156D55A,0.0,0.00100001,confirmed
2025-10-24T17:56:42.075961,ethereum_tx,0x93e33f29e8e3b1d1ab4d58978eb43ba6985f07c5d9373d174d26ef339eddc70b,9481710,0xF257ef3a9301513815C8Be0356253737ddf7bAb3,0x13d90163d0Ce4fc3cFe215875E1b9Be6FEceE567,1.22e-06,0.00100001,confirmed
2025-10-24T17:56:42.075961,ethereum_tx,0x1eaca5bdb0a0979825038e448e3eeb744c4581ffd09df2664f9cf1cb32b57c3c,9481710,0x187B50a35130F8386065fD2a3C538Ea1bc219681,0xc6255a594299F1776de376d0509aB5ab875A6E3E,0.0,0.00100001,confirmed
2025-10-24T17:56:42.075961,ethereum_tx,0xe6186f8a1c39e4d673741ad9f6c9cf7b8e0cd9878e6e8d1ebad3c0feb41e67d5,9481711,0x3C95c2633296B264d051498C4b2e982EbB526A53,0x3C95c2633296B264d051498C4b2e982EbB526A53,0.0,4.1,confirmed
2025-10-24T17:56:42.075961,ethereum_tx,0xc29930a25cd7c32450c34efae3376bd2ac83afd438449eeeb12f626e498335c0,9481711,0x6a53E036a7AB71A9cd18f788EC5742661B4fE155,0xcA11bde05977b3631167028862bE2a173976CA11,0.0,3.000000011,confirmed
2025-10-24T17:56:42.075961,ethereum_tx,0xc715dab0b18c3341059fef1fc489591e925ab242760cd4c9d317c157b18b3ff2,9481711,0x55A07F9f7eD7F110c2Ddd8f2f5d8677Dc94aF4E2,0xeA30c4B8b44078Bbf8a6ef5b9f1eC1626C7848D9,0.0,2.200000011,confirmed
2025-10-24T17:56:42.075961,ethereum_tx,0xc5ba44cde95ec7536ec8527c3a66f940a3f38f75d476d1b662a90a41f30065dd,9481711,0xD4c0B787aA2ff9Eb751Bb515c877EbBF2Daddaae,0x1c7D4B196Cb0C7B01d743Fbc6116a902379C7238,0.0,2.000000011,confirmed
2025-10-24T17:56:42.075961,ethereum_tx,0xe888f70881c1fbc16d273a49ca5ecf1e6e7135031e2e83f19803a378dce288d5,9481711,0x3A078743F0694cDfFc025Bb9E4aBEeE8eaa17f36,0xBC04d69Ecd7890699b2BE7924eA86474e15098E6,0.599968499999895,1.500000011,confirmed
2025-10-24T17:56:42.075961,ethereum_tx,0x11ceb15f864fbc1e56043fe8d9352fca82c443fc401da62d966f68b0bfa14e72,9481711,0x53646D2A54dF1dcA4Ea2Ac66A6279f91C976dF56,0x2eEfDcb72282F7c1837Da90e2c531b3201Afd5f7,0.0,1.500000011,confirmed
2025-10-24T17:56:42.075961,ethereum_tx,0x3ead6c96b0b25e89915125cc284e2d42653da68381252d1cd4f4521da85b6bf3,9481711,0xda2F2F5d7FC91628fbdB642AD6A2B6Da3D97A441,0x57c5dC670eB6f571bDD8Fc1CF178c46c9A917A74,0.0,1.5,confirmed
2025-10-24T17:56:42.075961,ethereum_tx,0x4072cdbadbde71375dbc8fbc634016e700a6d03e91568f5cb069ae2178a5b59d,9481711,0x1f00D3D7116ec57eE061bAE1c6485fc3421C584a,0x2A4496bbC344414e3bDbE6a8E7c40EF007DAeEd1,0.0,1.5,confirmed
2025-10-24T17:56:42.075961,ethereum_tx,0x4c1bcfcbf06211013d5bc099766806ca757b5ce82d61ec020aa3995e1f3e7a56,9481711,0xB0f1939e10E5c1ff024C5f612C03A6D65EEb827c,0xc6255a594299F1776de376d0509aB5ab875A6E3E,0.0,1.5,confirmed
2025-10-24T17:56:42.075961,ethereum_tx,0xffb800feaa2d0f30d2237c5bac01bdaaed3c1376762b49cc04046c6bc736c973,9481711,0x6038C5D29d96c3f8ee219E6553C38dE08aDFFC86,0x2A4496bbC344414e3bDbE6a8E7c40EF007DAeEd1,0.0,1.5,confirmed
2025-10-24T17:56:42.075961,ethereum_tx,0xba6ea59f89f1a452b5af02152c6cd807a1b1b285a16f08f46f6f61970679731f,9481711,0x5A6D4D505a101725d98d57937b80991f2fA32791,0x2A4496bbC344414e3bDbE6a8E7c40EF007DAeEd1,0.0,1.5,confirmed
2025-10-24T17:56:42.075961,ethereum_tx,0xdfe4da429b02ed7b4877c8756aff7f04003e0702abcccb406db6563636e3d469,9481711,0x1f5c4D99Cc8CCCFd1d603757AB54dA8891227a2B,0x2A4496bbC344414e3bDbE6a8E7c40EF007DAeEd1,0.0,1.5,confirmed
2025-10-24T17:56:42.075961,ethereum_tx,0xde92a1172ffeca7688ddc9d4ae335eee21083a01e8dae4c2bbfa286669d54f17,9481711,0x0907eEc7791b1497272fa9CEfCBab83f70F5194b,0xc6255a594299F1776de376d0509aB5ab875A6E3E,0.0,1.5,confirmed
2025-10-24T17:56:42.075961,ethereum_tx,0x68b24cfb764509d6828f8446386eefc00ce3bdf62cdfaaabc2e000beb42e1d24,9481711,0x82be1B555B0Cacf7C8109108D36Fc1917629Fcc4,0x57c5dC670eB6f571bDD8Fc1CF178c46c9A917A74,0.0,1.5,confirmed
2025-10-24T17:56:42.075961,ethereum_tx,0x032f18120c53d4d64924073897cc3f546098f7980b6c9f93cf557ee0e5c05b97,9481711,0x51e12d8529737Bd96d4fF11D79d7eF22Ef922219,0x2A4496bbC344414e3bDbE6a8E7c40EF007DAeEd1,0.0,1.5,confirmed
2025-10-24T17:56:42.075961,ethereum_tx,0xa19db0b7b1ee1967399a5373e1107f42189f6529c837b4d307bb455ecd20d31c,9481711,0x6adbFB2d5D377612c5D3Fd9373934FbdcEaC160F,0xc055f1a8E97223ED9CC04D53fCB575B94EAaF0fF,1.14e-05,1.5,confirmed
2025-10-24T17:56:42.075961,ethereum_tx,0x6dc98c59332e50eb1657c5a8620890bc0e1192b2c091fb766f278225b5af8e6b,9481711,0x187B50a35130F8386065fD2a3C538Ea1bc219681,0xc6255a594299F1776de376d0509aB5ab875A6E3E,0.0,1.5,confirmed
2025-10-24T17:56:42.075961,ethereum_tx,0xcf3c592862faa0c68f1e28557991366f159d92775f5b7d97174987cbb99e2283,9481711,0x9559447e4e0A4013aD325BE945395E247eEf4385,0xc6255a594299F1776de376d0509aB5ab875A6E3E,0.0,1.5,confirmed
2025-10-24T17:56:42.075961,ethereum_tx,0x2c961fa3724cb01382ec80264559aba8ae356ce82bdb3fcb3937093ef9af44a9,9481711,0xf59Cbe881372CE2E98eF604d203b2d727c993B64,0xc6255a594299F1776de376d0509aB5ab875A6E3E,0.0,1.5,confirmed
2025-10-24T17:56:42.075961,ethereum_tx,0xbe252698c31d586fe7df84dedaad777993598671def938025317c60b6a4bd816,9481711,0xB1bEd2E4081d86F3199B08a2aa3CE2959e9272ab,0xc6255a594299F1776de376d0509aB5ab875A6E3E,0.0,1.5,confirmed
2025-10-24T17:56:42.075961,ethereum_tx,0x5e4bb18503513daed44a306a18c19db49fd71b0b1a7a9d9fc6446cbdb269b29b,9481711,0x5013609FFEcb9B9288005d700055D45dab1C6682,0xc6255a594299F1776de376d0509aB5ab875A6E3E,0.0,1.5,confirmed
2025-10-24T17:56:42.075961,ethereum_tx,0x3498bde9940efe317b34b91d599622b6641dea4e55fb59347069357cb8903f0f,9481711,0xDaeC823329018d0c52f06399Af85f618CE084A5E,0xc6255a594299F1776de376d0509aB5ab875A6E3E,0.0,1.5,confirmed
2025-10-24T17:56:42.075961,ethereum_tx,0xee26aa054839d049ee9bcd1fbe32db354440b87acd9a0fcbf709195c3929f745,9481711,0x929d51c252661D9cD3377DC93878F27185167Db6,0xc6255a594299F1776de376d0509aB5ab875A6E3E,0.0,1.5,confirmed
2025-10-24T17:56:42.075961,ethereum_tx,0x0416f61b427e20bb670ae1c4ceb6531e58e53f3e9ea89c44a414543436a9e0f8,9481711,0xE061F3DC672e97dDf34C1647dC0B6F25F89C392B,0xc6255a594299F1776de376d0509aB5ab875A6E3E,0.0,1.5,confirmed
2025-10-24T17:56:42.075961,ethereum_tx,0x8d639e2b1dd91615716551c1b300098f10f5e69b17f1506e64cef586f2956746,9481711,0xAC346feDd3214ff200CB8DE8f8cb0BB5b3928224,0xc6255a594299F1776de376d0509aB5ab875A6E3E,0.0,1.5,confirmed
2025-10-24T17:56:42.075961,ethereum_tx,0xa584f6d7f54794d375b4922c5b8b59db51d0767ee5cefad568615d8d49360730,9481711,0xf90432b76A23bC7bB50b868dC4257C5F5B401742,0xFf00000000000000000000000000111551134733,0.0,1.100000011,confirmed
2025-10-24T17:56:42.075961,ethereum_tx,0xf305a7fac8939e2d62d2853df932ac1369676e4a038305d2a757692429ff9d5d,9481711,0xF0FEd0C0192539a1076d8BDa1233f414704d98Be,0x00D22efF04CF7d0f5A355A6D9A06E43120398dA6,0.0,1.000000011,confirmed
2025-10-24T17:56:42.075961,ethereum_tx,0xb734a75321c7db87381f94662764132791f7fce9f20dbd37439c31e33d076406,9481711,0x0408C06e552408Ad0A30cbAd65F52d3876051c52,0x4F6b2E8DC0476d8e1fd88f6330B1f3909Dc9E914,0.0,1.000000011,confirmed
2025-10-24T17:56:42.075961,ethereum_tx,0x8785b9449bcbd0b7a72c4cc49f787094c97101334a045b74d1d61ac87fbc8a21,9481711,0x22d72dB063dd9cE6b96bDE48331E6984c1570F38,0x1E59A308BAFAd671F63BA5d440489f0a84bF0F7C,0.0,1.000000011,confirmed
2025-10-24T17:56:42.075961,ethereum_tx,0x447e651fcf56f6e9d91d95d75c4c8c18c3c62f3ca7a071dd5e5363ffd20448ba,9481711,0x493fd99D668AB802d2147396883236D90f8940B8,0x9f54e6A87429E7bB2fe7B9f0ACCA3A31560FF198,0.0,1.000000011,confirmed
2025-10-24T17:56:42.075961,ethereum_tx,0xf53c2acd72fd969155388fdb966b09c6170ed4167d4aebf91d989993f6a09f5c,9481711,0x7E0f32d2Ea8AfE3eDD67E33dccaf1A01BdEcCE6f,0xd82F42477B6A1D8521866Cbf394e75eC3136CE7e,0.0,1.000000011,confirmed
2025-10-24T17:56:42.075961,ethereum_tx,0xb63ae25bc596c6a71453772563edeb05a3ce2a62ae4beeda5b137c58d241e8f0,9481711,0x4160344aa39B6237D44A4e3F2e57A211f0fBeBFF,0x0aCaa56ebc4bfdBF624816f964dFfEf338F288C9,0.0,1.000000011,confirmed
2025-10-24T17:56:42.075961,ethereum_tx,0x567f3fdbd8b23ce290bfaf3e55dcf289f4522b6dd1d7e87d01051e0e902764d6,9481711,0xDc9d3015A4a391607A835B87a292BcF030AF24E2,0x9E841C03218E36A785C1c50f2f74fAc5D54656Da,0.0,1.000000011,confirmed
2025-10-24T17:56:42.075961,ethereum_tx,0x10573a8834ef9f60a92732e3f662219a5ff4f727684b0061425f762072038571,9481711,0x9B299bbc077407486BE6A13621736679b4903e41,0x1AFd79dd916C2102BC96C91D26E87A00695E8650,0.0,1.000000011,confirmed
2025-10-24T17:56:42.075961,ethereum_tx,0x1bbe3e7873eacdc277716acda1640a071f85b8d21e5ca6498da89e80450f2ee7,9481711,0xffb026F67DA0869EB3ABB090cB7F015CE0925CdF,0x50Aa9BD76c3cCc00c4e94502Ed78bc730FF43832,0.0,1.000000011,confirmed
2025-10-24T17:56:42.075961,ethereum_tx,0x74a749233fed6479a9ecc09ae61537eccdca35b4f1f7891801968fb84038c701,9481711,0xb1075D9660449f03398f65eE63ffAf33B047Ee95,0x7dBEFA0f7173011EA412aF855E44C20189a3F9c0,0.0,1.000000011,confirmed
2025-10-24T17:56:42.075961,ethereum_tx,0xa27829b879d6dc5e625dfb7a982eb59c4a4f4bc544658c426af4eaf11fbe7b23,9481711,0xd8C6b66B1eB5B531bde6e23cEe270122b247E568,0x4444bfACa0A3846D85C803aCb3225eB203fa111e,0.0,1.000000011,confirmed
2025-10-24T17:56:42.075961,ethereum_tx,0x7d1bccce039ba3bd5641c38b33894fba3af4ea7b3a3bbe09e4f9cebd1bd28bbf,9481711,0x966FE75Fa5D1D8016804e25E56CAea711491Ab78,0x00575cf7B2115De7CCDe34CF68f1E63E54FBAa25,0.0,1.000000011,confirmed
2025-10-24T17:56:42.075961,ethereum_tx,0x570ea367b970f38b4cae5295f0af53755b6427ff2881ef5e97c30e169b39f503,9481711,0x2f1A095A8A9DAfBb157E68B87805b365ECa6d622,0xfD4559b473fbcEABc0F68631646d6CEadF7B7040,0.0,1.000000011,confirmed
2025-10-24T17:56:42.075961,ethereum_tx,0x406a1803a4472388f49aa113d02353265b040c8d887ffe5cc324214d410694ed,9481711,0x27700b0aB537D8bB692cb67EB8403BbF003AB9e5,0x0000000071727De22E5E9d8BAf0edAc6f37da032,0.0,0.100000011,confirmed
2025-10-24T17:56:42.075961,ethereum_tx,0x897475b5d854a22d3e31afbd555f9ae231970d21d7e7995dc9d92a8d4a544d8e,9481711,0x4C99975b63d02c3E9Dce92eDF9B70F0d645aD77E,0x5FF137D4b0FDCD49DcA30c7CF57E578a026d2789,0.0,0.100000011,confirmed
2025-10-24T17:56:42.075961,ethereum_tx,0x517a541af4dfa1e81f928b4fec91579d5f6b4f1b7eca06b0e041e50a05a6b22e,9481711,0x207D430716d4F12e7e6d9acB39BbC73fD4cB4E1C,0xA73aFb610aC79A729A393D679029fCf9618854AD,0.0,0.020000011,confirmed
2025-10-24T17:56:42.075961,ethereum_tx,0xf1876e40b757f99bff7f9ef13981bd9abb5a17faed23bea67c0776c451d629ea,9481711,0x9d4441201b984bdccA21463E82a36B05d90Bf56d,0xf993E10C83Fe26DddFc6cb5E82444C44201e8a9C,1e-06,0.020000011,confirmed
2025-10-24T17:56:42.075961,ethereum_tx,0x40723cc51271bbc5048485806f94618cc9f11340560af817dbaea4837ebe26db,9481711,0xd77657184875239C3cba792d44c0e0A32A93033F,0xf993E10C83Fe26DddFc6cb5E82444C44201e8a9C,1e-06,0.020000011,confirmed
2025-10-24T17:56:42.075961,ethereum_tx,0xe1432931694cb0a995c2dec79ef8b89c73232bdb56544d20d3131dc43ceeb435,9481711,0xecF29A62624fa61c0bAfD1950f3749199D4a636d,0xf993E10C83Fe26DddFc6cb5E82444C44201e8a9C,1e-06,0.020000011,confirmed
2025-10-24T17:56:42.075961,ethereum_tx,0x8e0d9ad54e5eb9ff59bf587bc79ece745dc141b6c154df93971332f4f8eb5288,9481711,0xFe4583B491F74B73f3C25349506633882AE84338,0xf993E10C83Fe26DddFc6cb5E82444C44201e8a9C,1e-06,0.020000011,confirmed
2025-10-24T17:56:42.075961,ethereum_tx,0x1c8e46053aa6a37a9d9bc0f5549315a5027a0eef81c8c7bb88e7bb879c908f7a,9481711,0x406e1f6393e9f484D33E2a24b0E36023973490F0,0x87A3effB84CBE1E4caB6Ab430139eC41d156D55A,0.0,0.001500013,confirmed
2025-10-24T17:56:42.075961,ethereum_tx,0x43aa44a7c5b3b8bd141f7dcf6a87c92f5c48e29cff0616f1c0135317bf5cdd1d,9481711,0x51922763Cd3a015465451F8D2726d643Aa23c568,0x4Cec3461DD63F22554B7fA2AbBA5bBfE9e86DdFD,0.000763640770722665,0.001500011,confirmed
2025-10-24T17:56:42.075961,ethereum_tx,0x632371948cea2bc359239ca5ea21822391f8f5d15d57a47edde402b0cdf9f6b8,9481711,0xd25DB2Ff2263A31b192EE117eB83E7792C01d58f,0x956962C34687A954e611A83619ABaA37Ce6bC78A,0.000217,0.001200012,confirmed
2025-10-24T17:56:42.075961,ethereum_tx,0xd96d5096bad6a68163c906661686f5860c8c90823199ab97a195002b7214a79b,9481711,0x065bb664C4Bf610558297150b4EDF18c8Ba494e8,,8.61e-16,0.001100011,confirmed
2025-10-24T17:56:42.075961,ethereum_tx,0xa4d57f428fd087f8aeaa7aaaf159e16137faebdfc7c6fead97b3b6f95e1ed9de,9481711,0xDB41c0cbFCEf2F0ff1f02Cc5E25A9C6673b4a958,0x3Aa672178Fcc9be783A0ED34DBcAD18c6EDB1903,0.0,0.001100011,confirmed
2025-10-24T17:56:42.075961,ethereum_tx,0x3e07178164f25dde0f27ecf2c4df3093658321ed9d35303b92cd7619fb966e1f,9481711,0x42645cE4Dd0B766dE53ee483cbf54bcEa670f9b2,0xA33ef1855eA9a6d85AAfEcD5027Ffdd7d4A4e266,0.05,0.001100011,confirmed
2025-10-24T17:56:42.075961,ethereum_tx,0xbd6a323437c43301f9e3832738258d5f22ed05c97b3942c07a4105978aa654ca,9481711,0x94eDC8E0D150Ca41Ab78F479dCd202458C9375bF,0xB88Ca91Fef0874828e5ea830402e9089aaE0bB7F,0.0,0.00110001,confirmed
2025-10-24T17:56:42.075961,ethereum_tx,0x9b0f48cfa503f99d8066f5936f50247eb83669848ec1332d9973986d5bdff710,9481711,0xb3a1956Cff1ecc8054B81b0C83b9847CB71384b8,0xCf8EDB3333Fae73b23f689229F4De6Ac95d1f707,0.0,0.001085724,confirmed
2025-10-24T17:56:42.075961,ethereum_tx,0xe6f487cd9f801231b100d2aafbc376c2955551a88adcb3399520246899b8f0ca,9481711,0xb3a1956Cff1ecc8054B81b0C83b9847CB71384b8,0xCf8EDB3333Fae73b23f689229F4De6Ac95d1f707,0.0,0.001085724,confirmed
2025-10-24T17:56:42.075961,ethereum_tx,0xf3da4223db5a68e0feeb4950ca15376ade80eaa0337c272c0a7b7f778057b844,9481711,0xb3a1956Cff1ecc8054B81b0C83b9847CB71384b8,0xCf8EDB3333Fae73b23f689229F4De6Ac95d1f707,0.0,0.001085724,confirmed
2025-10-24T17:56:42.075961,ethereum_tx,0x68baf679a30971ccdd8945a51b8495b930cfe27c9e88e2fd126adb404c7e97fc,9481711,0x2F60ee8adD3CBf1f32F52e0416ED88474702688b,0xE99C54fF96Ae65cd3eE322f368b9f3C2bf20c210,0.0,0.001085274,confirmed
2025-10-24T17:56:42.075961,ethereum_tx,0x3c795f79298efbde5fec5a913c7fff100379455c39cfba8f1f65b4bcfa3bba82,9481711,0xEEfc7e74821e8317245112fC026b1749c47d5496,0x2bc105F4aB8938f639e0fF7746db94f001011A7c,0.0,0.001085274,confirmed
2025-10-24T17:56:42.075961,ethereum_tx,0xea479a04db13ebff49ffe4440f3e5a36ba6dfe40183759a5e7b3385650aa6187,9481711,0x10C8521D9FfB48cEA979EAC53D1634073032AA95,0xE99C54fF96Ae65cd3eE322f368b9f3C2bf20c210,0.0,0.001084572,confirmed
2025-10-24T17:56:42.075961,ethereum_tx,0x61f356d51287f9bc016fed7c0b425aaba07a2c87b9d8ddbec75da4bfa05ad805,9481711,0x1E80906ceC22E1948B679268f3871827A8e4E26e,0x3eDF60dd017aCe33A0220F78741b5581C385A1BA,0.0,0.001052641,confirmed
2025-10-24T17:56:42.075961,ethereum_tx,0x95a0a983529fe9e9cdf00ec25c81acc2a7cb6ff2aa4c647def884a074b249041,9481711,0x0776224Bb3bF69729F940F040d26da325Ca0064d,0x7215691F60C4fA7Bb82c5Ac44c7d57dc32bB0493,0.0,0.001052641,confirmed
2025-10-24T17:56:42.075961,ethereum_tx,0x4e3e725a46e97efece88f1a52b62aeb7f188df5b44c9f6e025fafd74b62bc81d,9481711,0x82530F65F0eD60197bE329DC634D1eD47049E205,0xDA0e6DE79DC5B64A4249ea0ac89801f8A0dd049C,0.0001,0.001000011,confirmed
2025-10-24T17:56:42.075961,ethereum_tx,0xca00c24258d3916fed0db42abf0750e78647c02b62c908d91e6b6f575b88b563,9481711,0x6dBB00C10BDE382b679279C10FADD7c9b42f3fBF,0x6dBB00C10BDE382b679279C10FADD7c9b42f3fBF,0.001,0.001000011,confirmed
2025-10-24T17:56:42.075961,ethereum_tx,0xe122141887381606c9763473e1deba3d804803235263b0fa192233a46d6f7ac4,9481711,0xF4d0dE1B19283a25D01152919f561bEfB30435dE,0xc6255a594299F1776de376d0509aB5ab875A6E3E,0.0,0.001000011,confirmed
2025-10-24T17:56:42.075961,ethereum_tx,0x72d649bd14a847dff75a895d683484eee9fb92d3d2309876bd23e22c658a07ed,9481711,0x72d86ae6Ef263861984Fdee70AF5ee2d65f7c7F8,0x42B35aad89cB87cD589a773785BF5C696042AE53,0.0001,0.001000011,confirmed
2025-10-24T17:56:42.075961,ethereum_tx,0x752cb801603f1252934f3bbd626643c667e114500cb06a6e5d060d4f6294ece8,9481711,0xB027D0d7Bdb782ABa0AB385A8Dc0D125DdE2BDe7,0xb2E77e80372C56373941c02B94A83d37f8bB4Dbc,0.0,0.001000011,confirmed
2025-10-24T17:56:42.075961,ethereum_tx,0x655c327206ffcb7c994f952da48f5d7d9cd117c617ae7e98ccff74ec8ebe6746,9481711,0xC57593a62D0EcdEe960a3D06A689Adc2b69D30C9,0x0000000000000000000000000000000000000000,1e-05,0.001000011,confirmed
2025-10-24T17:56:42.075961,ethereum_tx,0x5d17bad4eacaf251824e48846ec4cffb87f1dd0589a84a61c4c64814075071e9,9481711,0x5a0A47489Ab966A22782FEDc10D0633c10084189,0x87A3effB84CBE1E4caB6Ab430139eC41d156D55A,0.0,0.001000011,confirmed
2025-10-24T17:56:42.075961,ethereum_tx,0xec6ce2698a2698962477a6f01116552e6940924a5a02b444e9cab42af6f9ea90,9481711,0xa529d39ba3A6a46dB12872C6c4Ae663D10489d9e,0x03C66CB1826BDB0395BF31E68Bf7E873e9564fFB,0.0,0.001000011,confirmed
2025-10-24T17:56:42.075961,ethereum_tx,0xfe079e953c0b385b13e4b32978287bf10befdfdb004997b65a3466b3d4b13fe8,9481711,0xF4781425165Ad555F3869A71ED0Aa975873B0Df0,0x08d2b0a37F869FF76BACB5Bab3278E26ab7067B7,1e-05,0.001000011,confirmed
2025-10-24T17:56:42.075961,ethereum_tx,0x7b54f889becbad8633b24e4e512f369d720bb938f3cd37ea89aedac0375a3897,9481711,0xcD12Ed9b63603bc9685Cda552c0156d9b297b41F,0x87A3effB84CBE1E4caB6Ab430139eC41d156D55A,1.8e-05,0.001000011,confirmed
2025-10-24T17:56:42.075961,ethereum_tx,0xf78a5c0c474dce61229c445029b1b993a0222b10af890d6043b5eb6c143176d6,9481711,0x1404eF2b3713cFca2E9dd72b2af58fcE78F2F199,0x03C66CB1826BDB0395BF31E68Bf7E873e9564fFB,0.0,0.001000011,confirmed
2025-10-24T17:56:42.075961,ethereum_tx,0x9f1b6df86faff16711c16df32f0624fe52faff5ae50be4dbb22129a1c39423bd,9481711,0x6E18F4c518EaA71eB6D7154050561F9AFCF31522,0x03C66CB1826BDB0395BF31E68Bf7E873e9564fFB,0.0,0.001000011,confirmed
2025-10-24T17:56:42.075961,ethereum_tx,0x7519415194602210938cea11fce288b9a07a8559a1fdfb20992831a20bc1eddd,9481711,0xF257ef3a9301513815C8Be0356253737ddf7bAb3,0xFDCa1bf1F875476a88E6bcA41d682DC68bD3b181,1.93e-06,0.001000011,confirmed
2025-10-24T17:56:42.075961,ethereum_tx,0x4ab6756f24eeafac754e336ca8de3ee9be403e469c3efd1530bbbd0fafe70518,9481711,0xE31cd01c8EFCe48b083e5b6430005118327C4186,0x121D5B3E040E3360aF0574d9D5203828E02aFA27,2.12e-06,0.001000011,confirmed
2025-10-24T17:56:42.075961,ethereum_tx,0xee1890dff3591d178cafe6f9a049dee0ada2a465f17025900856375c1545c72f,9481711,0x679FD38a8CF5b8FE13d1c3d0B4D46F5514C962bF,0x08d2b0a37F869FF76BACB5Bab3278E26ab7067B7,1.32e-05,0.001000011,confirmed
2025-10-24T17:56:42.075961,ethereum_tx,0xa9b51311b7e3bb547860b59f6b802dc163c278545ebc5decf9808b695fcb1adc,9481711,0x103A891DC96282C42372e0A6aaf6eEe210B8EE3F,0x03C66CB1826BDB0395BF31E68Bf7E873e9564fFB,0.0,0.001000011,confirmed
2025-10-24T17:56:42.075961,ethereum_tx,0xd5ea49e655f83a7d3567480e38538a94dd087364f213aa9b687bed1a9718d11c,9481711,0x72d86ae6Ef263861984Fdee70AF5ee2d65f7c7F8,0x42B35aad89cB87cD589a773785BF5C696042AE53,0.0001,0.001000011,confirmed
2025-10-24T17:56:42.075961,ethereum_tx,0x300f507eea7791e3e6022c7063d07a1976784459514474b414590cd77f97ae07,9481711,0x678f41DFA7f29bDe59A9C3efCf291a336A39D2d7,0x03C66CB1826BDB0395BF31E68Bf7E873e9564fFB,0.0,0.001000011,confirmed
2025-10-24T17:56:42.075961,ethereum_tx,0xc3f4e60ac13108f76e96bcca06c22b072510325cb83d086f8eb0cdd8225ec41d,9481711,0xB3C259f1235A50Bd0B8aA2E588648c106F6F3816,0x0215f8e5e81B75799Ae38232420377339d811796,0.0,0.001000011,confirmed
2025-10-24T17:56:42.075961,ethereum_tx,0x527941e725b88c97ab934e46d32a4e81e55c97d45350bbf7cfd5a299e7800825,9481712,0xe7F65cD5c17fcEF2B4c194cA0576eACd0bfc6f52,0x00074B4a66ed1570B0915Bb596e000380A890e83,0.0,1.000000012,confirmed
2025-10-24T17:56:42.075961,ethereum_tx,0xc7973a7e99979595028c2ed99c7c7f20d13e5bf490e168e358455ceb365cee4c,9481712,0x5Eb2341d1adc7e008fADE9a17f84E1CD09078a5E,0x00Ef1E4644F719F15aBaf4Ec0c5e0CAE7a63f317,0.0,1.000000012,confirmed
2025-10-24T17:56:42.075961,ethereum_tx,0x57cc074d171fa7e2aa5aa021145aabdf85faa9a1354dad4d2c9fb0451d0645a3,9481712,0x55A07F9f7eD7F110c2Ddd8f2f5d8677Dc94aF4E2,0xeA30c4B8b44078Bbf8a6ef5b9f1eC1626C7848D9,0.0,2.200000012,confirmed
2025-10-24T17:56:42.075961,ethereum_tx,0x466e22a589e9085ac86af9755e37100c8873dd2a1b88cdce096c89efbd9b17cb,9481712,0xa47FD6B99483Fc9165aB9c43bF8ec615EeFe441C,0x73B668d8374DDB42c9e2f46fd5B754Ac215495bc,0.0,2.000000012,confirmed
2025-10-24T17:56:42.075961,ethereum_tx,0x14a1bba1b7064b25ec6601c54484878f15642f7164c13e571d59d210bae9653c,9481712,0xb13944620AE764f5dff7B731F542c960CCA96b32,0x73B668d8374DDB42c9e2f46fd5B754Ac215495bc,0.0,2.000000012,confirmed
2025-10-24T17:56:42.075961,ethereum_tx,0x081431b0e7afc4167e8ea569132090e4e350e67574bb776886613a848f372ed4,9481712,0xD4c0B787aA2ff9Eb751Bb515c877EbBF2Daddaae,0x08210F9170F89Ab7658F0B5E3fF39b0E03C594D4,0.0,2.000000012,confirmed
2025-10-24T17:56:42.075961,ethereum_tx,0xdd186b4e14bd16a6b415467e8341bc3772589398dbd3aa05d76dddf586d8f9b8,9481712,0x6a433a9762dE9b9D3aEf3831Adf4753251291405,0xfD4559b473fbcEABc0F68631646d6CEadF7B7040,0.0,2.000000009,confirmed
2025-10-24T17:56:42.075961,ethereum_tx,0xbb76ff99f49a28a7a7017db4ec40cfe9bd2de600d027baa83b92d04f420f9e42,9481712,0x6a433a9762dE9b9D3aEf3831Adf4753251291405,0xfD4559b473fbcEABc0F68631646d6CEadF7B7040,0.0,2.000000009,confirmed
2025-10-24T17:56:42.075961,ethereum_tx,0x73794361f746d88f658429dce6bd2ab5f53fc633695bf19782a0da09533d01fe,9481712,0xe7F38E2D57a0eA80240B5E65A69AF66812CbCd0C,0x013EaE26c166dc0354Bdac0Dc3F4e0C778764399,0.01,2.0,confirmed
2025-10-24T17:56:42.075961,ethereum_tx,0x68365e1d62e2af3f4ebffea4cd9987b2e3370b97ebbee66f8dfc4a8b70f798b8,9481712,0x46C830F3CBc0098bb95d692feE3fd6912b73F295,,0.0,1.500000012,confirmed
2025-10-24T17:56:42.075961,ethereum_tx,0x86a3c90a723437140cbde0fbdb88bacfe9987fe3ff5b49b22021ec9df2117c98,9481712,0xD8615FF65005221fB64B363DDFac0eaD65A13F8A,0x57c5dC670eB6f571bDD8Fc1CF178c46c9A917A74,0.0,1.5,confirmed
2025-10-24T17:56:42.075961,ethereum_tx,0xd252c35f5d0518d1a2bfeb83ddd6af610e7e9c2a060d3fe4f346f161e76565ab,9481712,0x1342AB509342Ce666289e5030570eaA31ab50CC0,0xc6255a594299F1776de376d0509aB5ab875A6E3E,0.0,1.5,confirmed
2025-10-24T17:56:42.075961,ethereum_tx,0x1072f050b7f9043dd501be4ae8c8ea3bdb731c9bd611270ea9b3fa195a8ae9fc,9481712,0x78a6304E9dED5A9cbBBa2D85CD1E3A20e0f68193,0xc6255a594299F1776de376d0509aB5ab875A6E3E,0.0,1.5,confirmed
2025-10-24T17:56:42.075961,ethereum_tx,0x06df130811b83fe01d17873dc69c1915ec56b19f4f6ca4524dcf154f076b05f7,9481712,0xaC56BEED1FCa1878621091c540a3d811D1DE8Dc9,0xc6255a594299F1776de376d0509aB5ab875A6E3E,0.0,1.5,confirmed
2025-10-24T17:56:42.075961,ethereum_tx,0xdb3dff40e5bbf97adb08617e0206e843b646fe4ba807cb3e966b3dde82578746,9481712,0x19A8a65e6c6E12AE5fD83E11a46E384a02E4271D,0x57c5dC670eB6f571bDD8Fc1CF178c46c9A917A74,0.0,1.5,confirmed
2025-10-24T17:56:42.075961,ethereum_tx,0x73952ed1350b5141f3ac16e648628a4168e4e8b22737d1b2261955248803a9da,9481712,0xA7585a65F21F6d8976A601A9ba50aC19bDA362eD,0x2A4496bbC344414e3bDbE6a8E7c40EF007DAeEd1,0.0,1.5,confirmed
2025-10-24T17:56:42.075961,ethereum_tx,0x6e6971c41406252124542aa41370af11bfbfa7ed9f218defdbfc49bcdc4de6ed,9481712,0xF38E5D49F751F3116BC22ab7CBF53B8B97FB29D9,0x2A4496bbC344414e3bDbE6a8E7c40EF007DAeEd1,0.0,1.5,confirmed
2025-10-24T17:56:42.075961,ethereum_tx,0x63af6738f2c51846feaff65f6f6c0b2b2c58d4c95f81044b33a67af83e3afeb5,9481712,0x254f4Fa6a90B6BA10434B2C136742854Dbd649fD,0x2A4496bbC344414e3bDbE6a8E7c40EF007DAeEd1,0.0,1.5,confirmed
2025-10-24T17:56:42.075961,ethereum_tx,0x5e637de317f67b60fee8280501c5e727ba6b40f184e096fe8290f08fb29a0a48,9481712,0x8EE594D10b1c6Fcc7e73B1c5CdAdA929d902289e,0xc6255a594299F1776de376d0509aB5ab875A6E3E,0.0,1.5,confirmed
2025-10-24T17:56:42.075961,ethereum_tx,0x7b5d02c8e172a96d7fc1c8271f7cbc4a6c13cf606e19dd992973699965e6ca34,9481712,0x977193653A657e558D4e8837D54DcB2597E2c36e,0x2A4496bbC344414e3bDbE6a8E7c40EF007DAeEd1,0.0,1.5,confirmed
2025-10-24T17:56:42.075961,ethereum_tx,0x39cb222c448f6236ae658e3f359726c03afd557a74e4614a84c59ec43c8cec14,9481712,0xd1E2F21985265C91Ef95A7f30A523671dA256eE6,0xc6255a594299F1776de376d0509aB5ab875A6E3E,0.0,1.5,confirmed
2025-10-24T17:56:42.075961,ethereum_tx,0x7dfab13324efa94f64c6443bc86d4077fee51304242d54853fce5fa2c75471e3,9481712,0xB78acAdC465E067C9189FF41Ff944AFbaCEb0584,0x2A4496bbC344414e3bDbE6a8E7c40EF007DAeEd1,0.0,1.5,confirmed
2025-10-24T17:56:42.075961,ethereum_tx,0x7529065f4179a3fdbb1230c4df922da7726b79a0988949782a9dcb49cb38908c,9481712,0x2DD1FAcb6C876C6F04e5aE54B6f2C242CaCB4cC9,0xc6255a594299F1776de376d0509aB5ab875A6E3E,0.0,1.5,confirmed
2025-10-24T17:56:42.075961,ethereum_tx,0xf8a0fa381184df53ea46e3f03d973754c82aa0fa8c9b905b7e6645eae2958afc,9481712,0xd6fc7ED61E2f4800bD858956B7Bc3D987CCa75Eb,0x2A4496bbC344414e3bDbE6a8E7c40EF007DAeEd1,0.0,1.5,confirmed
2025-10-24T17:56:42.075961,ethereum_tx,0x8f5b56b776bbe9402f5219295dfa8754e2e704204643f413d3a3d39c0c23be6f,9481712,0x7cd0b66696881b0B952e5C3636BfE7a0Ae4dfFf3,0x57c5dC670eB6f571bDD8Fc1CF178c46c9A917A74,0.0,1.5,confirmed
2025-10-24T17:56:42.075961,ethereum_tx,0xf588dde36012b99bc8d9f4db4d599097a0c0856fa4bdfffb845724ce50a013e0,9481712,0x615569320Cd8abA3a70A2F2FFe4Cfc3E053d6339,0x2A4496bbC344414e3bDbE6a8E7c40EF007DAeEd1,0.0,1.5,confirmed
2025-10-24T17:56:42.075961,ethereum_tx,0x57991b7f8f94d5d16b61f0cf471963d2e852a6107e117c8c89fd9987879a3447,9481712,0x6b10935C128032D490899a82135cB34EED75ec54,0x2A4496bbC344414e3bDbE6a8E7c40EF007DAeEd1,0.0,1.5,confirmed
2025-10-24T17:56:42.075961,ethereum_tx,0xc0ef9c437383c280433d5b4219ec1b60534ed9bee4e980ea3bf953ae93869c22,9481712,0x5013609FFEcb9B9288005d700055D45dab1C6682,0xc6255a594299F1776de376d0509aB5ab875A6E3E,0.0,1.5,confirmed
2025-10-24T17:56:42.075961,ethereum_tx,0x4c9e3285d83f283e3df63a628b2a4555ecdf3ea33d72195ebe3044a5bb54044a,9481712,0xE061F3DC672e97dDf34C1647dC0B6F25F89C392B,0xc6255a594299F1776de376d0509aB5ab875A6E3E,0.0,1.5,confirmed
2025-10-24T17:56:42.075961,ethereum_tx,0x0e9e0bddbe6a11f7013e809d485abb862f92cb576da6a3be745a2e4580653626,9481712,0x0907eEc7791b1497272fa9CEfCBab83f70F5194b,0xc6255a594299F1776de376d0509aB5ab875A6E3E,0.0,1.5,confirmed
2025-10-24T17:56:42.075961,ethereum_tx,0x59ac003d8d6139353343ca21203e8cf3f23236c048b27c0b40c091e582c8e22c,9481712,0xf59Cbe881372CE2E98eF604d203b2d727c993B64,0xc6255a594299F1776de376d0509aB5ab875A6E3E,0.0,1.5,confirmed
2025-10-24T17:56:42.075961,ethereum_tx,0xa7ec28229d0b09c88dd43873132018470ab7ffd8d160dc090ce3a7038886520a,9481712,0x3f1Fb60C13A5b4Dcb7E20dc9B969069C389641cb,0x57c5dC670eB6f571bDD8Fc1CF178c46c9A917A74,0.0,1.5,confirmed
2025-10-24T17:56:42.075961,ethereum_tx,0xc866feed033cf872d31e5a3d1e3d3b1b347c6ecf975c3c8e39a2bce161c8e92f,9481712,0x53e435B8b0a25225D6557e353b0a32e0FeF185B0,0x57c5dC670eB6f571bDD8Fc1CF178c46c9A917A74,0.0,1.5,confirmed
2025-10-24T17:56:42.075961,ethereum_tx,0x114fc1c667d2d2d9da904ddf576c05ad7f3b23107873043177f25b173c62ccc8,9481712,0xBfeb15D280fbFC16288C6AC7004EF873bE551eAa,0x2A4496bbC344414e3bDbE6a8E7c40EF007DAeEd1,0.0,1.5,confirmed
2025-10-24T17:56:42.075961,ethereum_tx,0x9a8c4bb2209b80fd20fa0d0321a01bff2d95fca1f05027e4a2462c025a899fd3,9481712,0xDaeC823329018d0c52f06399Af85f618CE084A5E,0xc6255a594299F1776de376d0509aB5ab875A6E3E,0.0,1.5,confirmed
2025-10-24T17:56:42.075961,ethereum_tx,0x124b9c3c4a175572615c0865abf5394f65a5a14e19419510093a6d7f491464a4,9481712,0x22146a24D0135F17d32F97a3f9Ec3152d3E9C954,0x2A4496bbC344414e3bDbE6a8E7c40EF007DAeEd1,0.0,1.5,confirmed
2025-10-24T17:56:42.075961,ethereum_tx,0x031c9ab51e0dbbfc92b0d270f0a84cdce69db42a226208c4abed53180822426f,9481712,0x3A76FB973Efb6C200c1C971604d920F2A28b2D10,0xC084142720ad7fb2b43769cafcC2777fd86F2fe8,0.0,1.000000012,confirmed
2025-10-24T17:56:42.075961,ethereum_tx,0x74a00a9b4d65e2b085304f4e8d8966bb1a44063c26b490dd14efd39d75d8a748,9481712,0x83e5337E1d8FDd23B05a686eE8ff623586ab2bE3,0x82164A530d9D743Dbd3cf273a563911E177be57b,0.0,1.000000012,confirmed
2025-10-24T17:56:42.075961,ethereum_tx,0xa86dd5524eb1bf2522477f0f94396a4153bc7f8956041b45af303ef6f1064294,9481712,0x05E7Bf2B70C33DCEDEaE8a04a521E73E12E2c982,0x22c33Da6ba6dbf5dE29fe1b367620f7Fc0A10884,0.0,1.000000012,confirmed
2025-10-24T17:56:42.075961,ethereum_tx,0x93395a9a844502ce879c53b2d3382298c6fe07929620403f4afb83a978bd2d80,9481712,0x95f9ea159CA88e1300ef7ff0B5F100D0d1d8aB28,0x6CA09E93aF62167011Ae8Fa4AC616382E93BDDC0,0.0,1.000000012,confirmed
2025-10-24T17:56:42.075961,ethereum_tx,0xee450cc8bf09c9393258efa277f33475cdcf66c24a68039241c38422f832f9ed,9481712,0x331F8071c58E6db2F286597A44EbcDAC75532f7c,0x42eBf272Ce569dc324E7f72a9E98A59CD3a06136,0.0,1.000000012,confirmed
2025-10-24T17:56:42.075961,ethereum_tx,0x880a87d8e96f874365cde60ac5ba56f4b00fc962caae8379778c397b47fd1fc3,9481712,0xF0FEd0C0192539a1076d8BDa1233f414704d98Be,0x00D22efF04CF7d0f5A355A6D9A06E43120398dA6,0.0,1.000000012,confirmed
2025-10-24T17:56:42.075961,ethereum_tx,0x1cb6d3fbc9872a5a124967566e7bfe20a7ee4b7e7fb499f52061f0d6ee0b4e97,9481712,0x7cE347ce7dbf3FC95e1abaa6E9994f4217b03764,0xA73aFb610aC79A729A393D679029fCf9618854AD,0.0,1.000000012,confirmed
2025-10-24T17:56:42.075961,ethereum_tx,0x500ce5226e105feea19b28b24b3528a49b4116b029b36c906ae2ccf5326a4926,9481712,0xA5E891E8371F6D6dB550A7Ddd5287702CA71b4B0,0xf993E10C83Fe26DddFc6cb5E82444C44201e8a9C,1e-06,0.020000012,confirmed
2025-10-24T17:56:42.075961,ethereum_tx,0xfc9b62afa7d4311e6e9083cdd595f97e0a7891d70dd4d841b6d6b71ec02172b2,9481712,0xf3F6c0d91e02bA1424d7E49b600b34E15F5848e7,0xf993E10C83Fe26DddFc6cb5E82444C44201e8a9C,1e-06,0.020000012,confirmed
2025-10-24T17:56:42.075961,ethereum_tx,0xb3acd6db33c3787254ccec13b4ebff8a851156da814348019c9e39833c41aab9,9481712,0xfEf9a45Da05927821f5a9E02dCE97A19f4803D29,0xf993E10C83Fe26DddFc6cb5E82444C44201e8a9C,1e-06,0.020000012,confirmed
2025-10-24T17:56:42.075961,ethereum_tx,0x2c0ad6216eee7e008929ca5a3ec1af357e6684d67662d7de633fce327dba92b3,9481712,0xf10CFf01dfe8F8d90622CEf6EBFf5c125a2fdfAf,0xf993E10C83Fe26DddFc6cb5E82444C44201e8a9C,1e-06,0.020000012,confirmed
2025-10-24T17:56:42.075961,ethereum_tx,0xdd9c2b92396ae4d76083d60fc3786e3881615290e847d6183204cf5228199082,9481712,0xB4fC80AEc34911C5d761259E74aE8a24c2C5D995,0x72de35dC43acfC49B6B21e559F8cA586e0E12011,0.0,0.020000012,confirmed
2025-10-24T17:56:42.075961,ethereum_tx,0xed82d65ed753a998d9ddaea8d0d150383e9af2e1b55c0781f33c2be4f17ac050,9481712,0x2c2ff804eD59BBE2533e0a8210D5a120414D4c93,0xA73aFb610aC79A729A393D679029fCf9618854AD,0.0,0.020000012,confirmed
2025-10-24T17:56:42.075961,ethereum_tx,0xa8d1516fc9b447790c22a78376440c2863bee73fa77ecab8dc582fd00ffdbd3b,9481712,0x87f2DFC3245E808412716e72b124b746aeC4Fb00,0x956962C34687A954e611A83619ABaA37Ce6bC78A,2.848239633874e-06,0.001500016,confirmed
2025-10-24T17:56:42.075961,ethereum_tx,0x704904060342361ee9fc2d4d64ad3e3d0e50ea4379611798452974da3800cb24,9481712,0xe33634f3a237A969920B76FFC2F61FEF37459E10,0x956962C34687A954e611A83619ABaA37Ce6bC78A,2.836395300045e-05,0.001500016,confirmed
2025-10-24T17:56:42.075961,ethereum_tx,0x3d5cfc388fd4cba6bf12f541cfb1c3e22740f8af4b5d4d6fa6f6a84c24febc95,9481712,0x6d7927C0D236388319864007681BC0C6b844Def8,0x12e1181a741b70BE6A9D81f85af3E92B6ba41897,0.0,0.001300014,confirmed
2025-10-24T17:56:42.075961,ethereum_tx,0x7267dcb9c03a3150f9a8d29643f95b449b2341952f74272b569200136cc0ab10,9481712,0x65141CA3329DA9A83458017474b5Bc62097Cf24f,0x69C6b28Fdc74618817fa380De29a653060e14009,1e-18,0.001200012,confirmed
2025-10-24T17:56:42.075961,ethereum_tx,0xf97acbec7e4270de6711f1fb85e5a0246ffad287548a0b20f59a5b442be8fe42,9481712,0x7c6fDCF2Ea8Fa9D7164aFC02D7C7e99204ba1757,0xC959483DBa39aa9E78757139af0e9a2EDEb3f42D,0.0,0.001200012,confirmed
2025-10-24T17:56:42.075961,ethereum_tx,0x27bd2b136c48e58b17aaa142d4ad67ab22e9c58205836fafd4cce86603dfc736,9481712,0x803B34733D802F02e84B87A770F8629987339520,0x956962C34687A954e611A83619ABaA37Ce6bC78A,0.001,0.001200012,confirmed
2025-10-24T17:56:42.075961,ethereum_tx,0x58d0df2cb1263c51628843f3c0314efbf1fcd4a04998d636c9e0ff1e30ff8100,9481712,0x803B34733D802F02e84B87A770F8629987339520,0x956962C34687A954e611A83619ABaA37Ce6bC78A,0.001,0.001200013,confirmed
2025-10-24T17:56:42.075961,ethereum_tx,0x6015714583010c3a3d1615b93916fc355367fba080ccb5a50b077020b8fabd59,9481712,0x9E7138991AAEb8345f2Ce3409Cc094da4C50d042,0xB88Ca91Fef0874828e5ea830402e9089aaE0bB7F,0.0,0.001119946,confirmed
2025-10-24T17:56:42.075961,ethereum_tx,0xc3f1112d6cb621e1a897d1cfea1eb50b6896e36151746c1de8f05729ec12b34d,9481712,0x065bb664C4Bf610558297150b4EDF18c8Ba494e8,,8.61e-16,0.001100012,confirmed
2025-10-24T17:56:42.075961,ethereum_tx,0x8cc11b0a8d94789843ec89ec0d941fe22b6154c859cc02f415423aca24555974,9481712,0xb947EDDe9c797D83f785F491af389316b2BBd9dd,0xaB3599E71EC894De2A30655345F61DFb910e19e3,0.0,0.001100012,confirmed
2025-10-24T17:56:42.075961,ethereum_tx,0x0570edc8cd8dda21e19e939f81c79b05b374922ecf9d0cabb487ef857a6ae4ee,9481712,0x3Da763C42E438eB17880fB6A83040d6cf13eF03b,0xFf00000000000000000000000000000000042069,0.0,0.001100012,confirmed
2025-10-24T17:56:42.075961,ethereum_tx,0x0864130cf7ef6791587a7cc6b2910d338e7d1a1a1d2c7fcb0e80fde56593079a,9481712,0x3Da763C42E438eB17880fB6A83040d6cf13eF03b,0xFf00000000000000000000000000000000042069,0.0,0.001100012,confirmed
2025-10-24T17:56:42.075961,ethereum_tx,0x7ba83e6060f31019b5fd98576df4fc17d5fd7aacedff4e4097e9af3be159f5bd,9481712,0x3DF18832aC69f2667DF5d8E81A19a8D7F7736a9C,,0.0,0.001100012,confirmed
2025-10-24T17:56:42.075961,ethereum_tx,0x0dec425bde85b41382e212ae4dcfa5f051e00da95b2bf68045a74fcf31b48a01,9481712,0xDB41c0cbFCEf2F0ff1f02Cc5E25A9C6673b4a958,0xe5A85D95Cc92105BA00aa27062afF443061C9657,0.0,0.001100012,confirmed
2025-10-24T17:56:42.075961,ethereum_tx,0x80dd1892a75ae0ec15e1499d0b8d45a1d3805a93e114e9401980cdcf8c32eb1a,9481712,0xb3a1956Cff1ecc8054B81b0C83b9847CB71384b8,0xCf8EDB3333Fae73b23f689229F4De6Ac95d1f707,0.0,0.001085725,confirmed
2025-10-24T17:56:42.075961,ethereum_tx,0xd873b9141af53e893c10cf8ed8f8822d14e9d3969843a40829e7f9946bb13c23,9481712,0xb3a1956Cff1ecc8054B81b0C83b9847CB71384b8,0xCf8EDB3333Fae73b23f689229F4De6Ac95d1f707,0.0,0.001085725,confirmed
2025-10-24T17:56:42.075961,ethereum_tx,0x6fd5388cc74cbfcbcd328b6cd007db013b4575753c136fdb291ac312eae2a60d,9481712,0xb3a1956Cff1ecc8054B81b0C83b9847CB71384b8,0xCf8EDB3333Fae73b23f689229F4De6Ac95d1f707,0.0,0.00108751,confirmed
2025-10-24T17:56:42.075961,ethereum_tx,0xfa847c2e937ab623a9c9ee4a8203090656d73aeadcbd43ebb4e50ead3aa00fe8,9481712,0xcf31cA880c6F9d490b3F26861B3915Bc4150fF17,0x3eDF60dd017aCe33A0220F78741b5581C385A1BA,0.0,0.001052642,confirmed
2025-10-24T17:56:42.075961,ethereum_tx,0x5bea02f4fc81a8da64ee190764d7aa0ace44dd6609680948570f9d3f0cbb4fb3,9481712,0x678A28eA79E39428bF1147293279CB20b017fda1,0x7215691F60C4fA7Bb82c5Ac44c7d57dc32bB0493,0.0,0.001052641,confirmed
2025-10-24T17:56:42.075961,ethereum_tx,0x47a5cdad8305969b10b5a13f215d342ce612db5332a46aaaed8d8c06b91759b9,9481712,0xC57593a62D0EcdEe960a3D06A689Adc2b69D30C9,0x0000000000000000000000000000000000000000,1e-05,0.001000012,confirmed
2025-10-24T17:56:42.075961,ethereum_tx,0x39ab5ac4aeca1f7f254f36f0f897d8c66ba2b372274606f2e6f11cfaef7d3acf,9481712,0x6bE643AC3FAB8082d3687756F0E11Edc425aCA25,0x0000000000000000000000000000000000000000,1.38e-05,0.001000012,confirmed
2025-10-24T17:56:42.075961,ethereum_tx,0x49686cc93175a0210aa17e4d68602c7c97a442d03fec5dd20fedd3ad99e1a022,9481712,0xc7de6d3E168da1896058CDF128A6ACc0f8002a86,0x03C66CB1826BDB0395BF31E68Bf7E873e9564fFB,0.0,0.001000012,confirmed
2025-10-24T17:56:42.075961,ethereum_tx,0x9a2648588335e2d3167ff69502d84c605e9fc1ed206160e976b8526bbd999ff4,9481712,0x5a0A47489Ab966A22782FEDc10D0633c10084189,0x87A3effB84CBE1E4caB6Ab430139eC41d156D55A,0.0,0.001000012,confirmed
2025-10-24T17:56:42.075961,ethereum_tx,0x56017271c4857cd8a67d71cfaccab6d9fda6741637982c4c78217395f32d9ebf,9481712,0xE31cd01c8EFCe48b083e5b6430005118327C4186,0x6c4d54482Fd0E504E679F909CdA74f1B12AeF170,1.47e-06,0.001000012,confirmed
2025-10-24T17:56:42.075961,ethereum_tx,0x89fe6f12ccfea9510b8837d2b842941b9ff72012b3455e15933eb660f25bb4fb,9481712,0xEbb572059363FA4FfF24781b24650Dc8ea74d33F,0xeE567Fe1712Faf6149d80dA1E6934E354124CfE3,0.0,0.001000012,confirmed
2025-10-24T17:56:42.075961,ethereum_tx,0x8795a205bc2fa0d39d5715a33d62e5cce5efa087fefe7e1a811410ca8d8e1413,9481712,0xc3e879a4971a76b73769A7A0e60f77Eb94DA2f41,0x03C66CB1826BDB0395BF31E68Bf7E873e9564fFB,0.0,0.001000012,confirmed
2025-10-24T17:56:42.075961,ethereum_tx,0x9f4584489c3dafb5c8c7f4c619c55fb437861f30fac3e4d755a45bae2c7b8a87,9481712,0x8dFed54095b3401e81568cf1b91383fE2ea03e1F,0x03C66CB1826BDB0395BF31E68Bf7E873e9564fFB,0.0,0.001000012,confirmed
2025-10-24T17:56:42.075961,ethereum_tx,0xcc12ae111a20dee18f385c2489a37825fa3df47f950d76bf5712ff6395c9eebe,9481712,0xBaC2a502Ca502AEF519cDB850D4816b8Cb718760,0xb748eA66B15059219cDF629ede655bB65954Dc0E,1.8e-06,0.001000012,confirmed
2025-10-24T17:56:42.075961,ethereum_tx,0x104041a1c781987f0ed9258ced78f573d9eeaf91830aa378f381aaca7bf88893,9481712,0x7cB6063e1057E2e08BBA2e45C218068C5aF29B1E,0xc6255a594299F1776de376d0509aB5ab875A6E3E,0.0,0.001000012,confirmed
2025-10-24T17:56:42.075961,ethereum_tx,0x5b0dd5a7e9d7a5bb5b41aa68c7b5bd6f9eeeb2b372eae257f5147803c4fb9bbf,9481712,0x3080E44A5E748C9D42d183a90b9163e5155cd41B,0x03C66CB1826BDB0395BF31E68Bf7E873e9564fFB,0.0,0.001000012,confirmed
2025-10-24T17:56:42.075961,ethereum_tx,0x2cd99ecd69432731d35fdd9d8eccc7726ae8fb949856742a00ccf4efc2f28a79,9481712,0xf43ad333c369c76c608b7c284b622975982BDf21,0xc6255a594299F1776de376d0509aB5ab875A6E3E,0.0,0.001000012,confirmed
2025-10-24T17:56:42.075961,ethereum_tx,0xa9ad2cd627fcbe67cd99ad0b1aaf12c896f30dc84e9f0b9d62981f258b6a1c2a,9481712,0x72d86ae6Ef263861984Fdee70AF5ee2d65f7c7F8,0x42B35aad89cB87cD589a773785BF5C696042AE53,0.0001,0.001000012,confirmed
2025-10-24T17:56:42.075961,ethereum_tx,0x88fdaa4e404eeb064151c2022b0b84de7f3a49eed80d1bf2133272f0017c17e2,9481712,0x49E8d6086D2029C4334188571bf5b22597d596c4,0x49E8d6086D2029C4334188571bf5b22597d596c4,0.0001,0.001000012,confirmed
2025-10-24T17:56:42.075961,ethereum_tx,0x223e8067e722ff99bf34ff01265b0f12ec50ccee09699a9a14326938c2ea43f6,9481712,0x82530F65F0eD60197bE329DC634D1eD47049E205,0xDA0e6DE79DC5B64A4249ea0ac89801f8A0dd049C,0.0001,0.001000012,confirmed
2025-10-24T17:56:42.075961,ethereum_tx,0xa823bb09c8ee8cc946aff04953a0983e05427154968981d189f26904d40f06e9,9481712,0x2c06b1d706Fa7fcfa882EB4ce7F2fe27d58E08F4,0x08d2b0a37F869FF76BACB5Bab3278E26ab7067B7,4e-05,0.001000012,confirmed
2025-10-24T17:56:42.075961,ethereum_tx,0xcca77f0da744630665b870c493a6e66184f8d7c76f20520947328c1e30e49174,9481712,0x05D890e81A0215DF0A751861ec3221E332F83647,0x08d2b0a37F869FF76BACB5Bab3278E26ab7067B7,6.88e-05,0.001000012,confirmed
2025-10-24T17:56:42.075961,ethereum_tx,0x21a5953c78d837cea618494c3a43f28ee5c48f36075b2be2ef72ef7256a9bb5b,9481712,0x6b6163E355Ff7C95A9c2Ac83c8074F811aC80b98,0x08d2b0a37F869FF76BACB5Bab3278E26ab7067B7,1.3e-05,0.001000012,confirmed
2025-10-24T17:56:42.075961,ethereum_tx,0x2d1792a72e1ff757bbde6c30a5b02886a1840a0acc49d3f50984b5665cb51971,9481712,0xE87AF25BC489154B9f9C600b4e3d958af85bA995,0x08d2b0a37F869FF76BACB5Bab3278E26ab7067B7,4.52e-05,0.001000012,confirmed
2025-10-24T17:56:42.075961,ethereum_tx,0x4163d6887210c7f35b447d98f0fc03027216fab970b9313e11db4ae9ec1e9410,9481712,0x95428FeA02C3FD130D8a545E49e22caeBEc85B6f,0x853758425e953739F5438fd6fd0Efe04A477b039,0.0001,0.001000011,confirmed
2025-10-24T17:56:42.075961,ethereum_tx,0xd705d48b57ac22c60bb30b1a1cea395d2069117d258e2da26856fed5ad6d8784,9481712,0x70F9d4C312f6D59154ac747473D70B9F196D6DBC,0x853758425e953739F5438fd6fd0Efe04A477b039,0.0001,0.00100001,confirmed
2025-10-24T17:56:42.075961,ethereum_tx,0x4ab38bca8208d18f57f19aef9472c63a3df74c4f66672e9b28a9bdf4c425de02,9481712,0x78FfaCe2CB28B23c98ecB1FbB74863613C5c5F66,0x853758425e953739F5438fd6fd0Efe04A477b039,0.0001,0.00100001,confirmed
2025-10-24T17:56:42.075961,ethereum_tx,0xd7c53f5d5a2d3e42e8a08859983676cb0c586835f08164f0f3fd19e235a2a990,9481712,0x6d50EDC485a5c5C8E57e45994de1C8f8A11A7cee,0x33C35F0d5242fBdB46712135533e70203D86D1a5,2.2e-05,0.00100001,confirmed
2025-10-24T17:56:42.075961,ethereum_tx,0x18f1f860a1e02e3e5f1618f15af4575250ac71d08482a3f2329d180306ce55c6,9481712,0x4edB0DEC19a121f80C67Bba245217D81157ECd1d,0xE3e52c9A4820F278A5EdadeD49A4e220616A70e1,2.49999997899979,0.00100001,confirmed
2025-10-24T17:56:42.075961,ethereum_tx,0x529217cfa391d2f0322538bcd44ccdd58c1b802d74d6fef5e80b1dbac2bf5749,9481712,0x3b881921674eaD4899A7965aEF04C0fcF971c99E,0x87A3effB84CBE1E4caB6Ab430139eC41d156D55A,0.0,0.001000009,confirmed
2025-10-24T17:56:42.075961,ethereum_tx,0x183e0fb719e84ac2f361fa16391b0462b64715092f7e6c2d01907ff54f6ce4d2,9481712,0xEc806232FACa1c70418F7Da967392f3C502C6B11,0x95628D27D71ACc9D19580d65157ca063B74b5176,0.0,0.001000009,confirmed
2025-10-24T17:56:42.075961,ethereum_tx,0x61be825c43e2450a426e9b193c18f4a2f9fd9395ec0513af3d3e354a4ba47b81,9481712,0x60CCDB308E8916b6Fa8d5AD32cbbA0b5F3C20D4f,0x81F96212cf3149861B79D13EB0A09249b768A4c8,4.83e-06,0.001000009,confirmed
2025-10-24T17:56:42.075961,ethereum_tx,0x385d3971218cec6853b883b7d103f7b64fa73852f223c1b02dc002e32cd81f6c,9481712,0xD08a5A94a086a831c2Eb08B93cAB4Ff054182da7,0x853758425e953739F5438fd6fd0Efe04A477b039,0.0001,0.001000009,confirmed
2025-10-24T17:56:42.075961,ethereum_tx,0x1408fd82de11968714030f0d0ce23d5ea56fb1dd57a3f8b8250c82bef9f2cccd,9481712,0x56723acfaC076C8d5C36F8056E2Be9DF659C3b14,0x853758425e953739F5438fd6fd0Efe04A477b039,0.0001,0.001000009,confirmed
2025-10-24T17:56:42.075961,ethereum_tx,0x8ffcb2354df185ded6bc031f9ca4f6db46b4a77776bf70f1d107a94dc5768dbb,9481712,0x95DeBD421419966cbfF6F81215d041Ac12731C05,0x853758425e953739F5438fd6fd0Efe04A477b039,0.0001,0.001000009,confirmed
2025-10-24T17:56:42.075961,ethereum_tx,0xf6e8706d0de57f44d9cb9ec0d33d81620f2fa4acda5d4328f16296c293a7ac32,9481712,0x3DFA664c6E5E46aF399C2612054607EB1E94c6bB,0x853758425e953739F5438fd6fd0Efe04A477b039,0.0001,0.001000009,confirmed
2025-10-24T17:56:42.075961,ethereum_tx,0x17fffc9d52591d4ec13bd8fae3b1536c53b8afb38e12701c2e01dc562ee3d7d4,9481712,0xbd9fd62b549b792Cc223E11F4DCF9F873691A600,0x853758425e953739F5438fd6fd0Efe04A477b039,0.0001,0.001000009,confirmed
2025-10-24T17:56:42.075961,ethereum_tx,0xf6493267a387b311e522d4d8784f945e5d5a34fd6d20ba048e5c611e07b085d4,9481712,0x61A3349B76cfE1B88959537d6EB1a06E0fD4E6F6,0xBe746C7FE0e41084763cD4815B0fA89f90bE00d3,0.0,0.001000009,confirmed
2025-10-24T17:56:42.075961,ethereum_tx,0x0a004785ce2467d014560bd0ab2f5fb3b06d57c250bf15318245a6ff30af1344,9481712,0x71A6D6a1ca08FFC667F85050f72d9aAE327Aa29A,0x8241343EbD9B7Cd034A3f245761D1C2E53d794ba,1.7e-05,0.001000009,confirmed
2025-10-24T17:56:42.075961,ethereum_tx,0x2aa1b9029ae43b0e8ce81e2a8c8bd21a5831decdfa8bf9a937a7863bf2dce3e2,9481712,0x56e12027eCD8856faFCd16B8eBCeF236A4484653,0x956962C34687A954e611A83619ABaA37Ce6bC78A,1e-07,0.001,confirmed
2025-10-24T17:56:42.075961,ethereum_tx,0xf3dd21c238b831f21e954fca2e4faed8d7e0c15946a17d4b770a03f4cebfe7ab,9481712,0x8A4c8aC9632B636481aC5fDF2ca3a1D7EA9896F3,0x956962C34687A954e611A83619ABaA37Ce6bC78A,1e-06,0.001,confirmed
2025-10-24T17:56:42.075961,ethereum_tx,0x3fa7b8ab30a3259c3bdba6d5670e145069cc7affa62dc389720fc6166cc33afe,9481712,0x8356B1EE8Ab99dE3583F0A01e2d247959B665173,0x956962C34687A954e611A83619ABaA37Ce6bC78A,1e-07,0.001,confirmed
2025-10-24T17:56:42.075961,ethereum_tx,0x950798662e1eea8d2ee8db835bd0baee580e0737a9d55ab3818ab8042ba8cb29,9481712,0x369fbf121668CE13D47A6B1B7c80decdDE711dE5,0x956962C34687A954e611A83619ABaA37Ce6bC78A,1e-07,0.001,confirmed
2025-10-24T17:56:42.075961,ethereum_tx,0x9533d00f0b3a9727c4c525fbbd5220f4bbc694a7ea7c3293dadbf232ccc03ee9,9481712,0x7f132C78348c1e5a6b1E271bDf247092aFF9188f,0x956962C34687A954e611A83619ABaA37Ce6bC78A,1e-05,0.001,confirmed
2025-10-24T17:56:42.075961,ethereum_tx,0x6baeeaa6c9fb776325a28fbf9f46e8a238621e0a9290f8679c0fcd180a4e41a9,9481712,0xb9e7Fe837AFf9f83f9Dd825Be3aad02301B5AE7C,0x956962C34687A954e611A83619ABaA37Ce6bC78A,1e-05,0.001,confirmed
2025-10-24T17:56:42.075961,ethereum_tx,0xf22feaadb0fd2d4d219f9a5142def4ef9502f07827b53e4f2f05662396798f4d,9481712,0xaf1F4C454d2571758C08bE5C336c3eFf998aC754,0x956962C34687A954e611A83619ABaA37Ce6bC78A,0.0001,0.001,confirmed
2025-10-24T17:56:42.075961,ethereum_tx,0xb15c01c84ac644e82b4873c261e1d7c19a167a62afb9869dfc6794c77270d80e,9481712,0x55FE1ab3390E3d66064D4f4F11B92c2ED0F03C20,0x956962C34687A954e611A83619ABaA37Ce6bC78A,1e-06,0.001,confirmed
2025-10-24T17:56:42.075961,ethereum_tx,0xdf671c3a04a7208ae388981df6aaa8c4f49b7000173a838da3c424fbdc370920,9481712,0x2ad00354A9332E69E9e12A0d79D82709Dd66Ea50,0x956962C34687A954e611A83619ABaA37Ce6bC78A,1e-07,0.001,confirmed
2025-10-24T17:56:42.075961,ethereum_tx,0xdcffce0458f5b1b3a5229136db3f333362e332734f8ab3bac8a6514bc4fbc59e,9481712,0x9C8FaA60ac71ad698FA1E9ba77C7F409eF4834cf,0x956962C34687A954e611A83619ABaA37Ce6bC78A,0.000132,0.001,confirmed
2025-10-24T17:56:42.075961,ethereum_tx,0x51a7c4b51aaf973dbd796ca5c3a2336e078c16842a7a0623503860a164342953,9481712,0x7E503029C6410f7859759E9afC2c18bF7C5A4954,0x956962C34687A954e611A83619ABaA37Ce6bC78A,1e-07,0.001,confirmed
2025-10-24T17:56:42.075961,ethereum_tx,0x634a5b59c1a9d31e31530ccb904a01cf49583320345424a62d73cc886e8995e6,9481712,0xF8AB8193475Ee88eAA793F9974F913339a07b6c2,0x956962C34687A954e611A83619ABaA37Ce6bC78A,1e-07,0.001,confirmed
2025-10-24T17:56:42.075961,ethereum_tx,0xcf9f5841eca3683bb2beaca02da35c1d9018a5a7a2c96c82b83574de82ff74f2,9481712,0x4762AF5868dCb9c59B3F8cA8d701C603c1E6BA3F,0x956962C34687A954e611A83619ABaA37Ce6bC78A,1e-07,0.001,confirmed
2025-10-24T17:56:42.075961,ethereum_tx,0x0455590a3ce5dc4c34ee640e64813b0acfa3691962987e87d7221ee4daaa18d1,9481712,0x9EAb6c8B74Cbc66757E6276F34537C7eb887bA9F,0x956962C34687A954e611A83619ABaA37Ce6bC78A,3e-06,0.001,confirmed
2025-10-24T17:56:42.075961,ethereum_tx,0xf802bfb1fab111d8dde3ce1950bbbda214ff14e095f46d6f5e1bd2338415117a,9481712,0x4C795bbe90Dd52690B193B870345997aCf349FcF,0x956962C34687A954e611A83619ABaA37Ce6bC78A,0.0001,0.001,confirmed
2025-10-24T17:56:42.075961,ethereum_tx,0x47fbe85f86350d894163cc26c597cfaf0f01b2bc4ba22d00ae5b1b6eb7dd28b1,9481712,0xae1e2D6e677893daFFcC7aC140694Ee91CB4Aab1,0x956962C34687A954e611A83619ABaA37Ce6bC78A,1e-06,0.001,confirmed
2025-10-24T17:56:42.075961,ethereum_tx,0x45a8907b496b0a4b718e61b3ad028a2ef6156152329a9c7551362f3093fca856,9481712,0xf73eaE94c3D61212c84e3CC0EC9dF181828Fc1A5,0x956962C34687A954e611A83619ABaA37Ce6bC78A,1e-06,0.001,confirmed
2025-10-24T17:56:42.075961,ethereum_tx,0x6310bcdae9a5fef4305ba61ce83c68a750d3e288727b6d8e6c59092936ce15b2,9481712,0x692552746c5E8C07aDd3AaB850608102CD445821,0x956962C34687A954e611A83619ABaA37Ce6bC78A,1e-06,0.001,confirmed
2025-10-24T17:56:42.075961,ethereum_tx,0xcdb821dbefb1c185b00cfd143f85cad3f5833e403ad4c563f06eb09c5ab08a69,9481712,0x9dc66AB5cDf7Fac6d01b994284950d8585ff7022,0x956962C34687A954e611A83619ABaA37Ce6bC78A,1e-07,0.001,confirmed
2025-10-24T17:56:42.075961,ethereum_tx,0x93f0b74b715d6ac39b9a26d403ad2918fc755cc6d3c7033704186e42f8a404a5,9481712,0x9dA7810c4b81C5241ddEd3486543B3F878f8484d,0x956962C34687A954e611A83619ABaA37Ce6bC78A,0.001,0.001,confirmed
2025-10-24T17:56:42.075961,ethereum_tx,0xe55f44588c9e46d8fee7d44500cfc70db21e9fc4e284f9581633a91737911e93,9481712,0x13e6009357AF52E7D564b5914aa97719C8304A28,0x956962C34687A954e611A83619ABaA37Ce6bC78A,1e-05,0.001,confirmed
2025-10-24T17:56:42.075961,ethereum_tx,0x8b32e2ac4e19feabe4ed581c28835203ea0a66df004955633521749d4b52f34c,9481712,0xC5fE9494c40662D15fc0969fECBcd1D918bCA071,0x956962C34687A954e611A83619ABaA37Ce6bC78A,1e-07,0.001,confirmed
2025-10-24T17:56:42.075961,ethereum_tx,0xa0193e5859aede73bdf436890148a132208c3f212731eb518c1afc0eef2b3431,9481712,0x77aBc139707A39e181C21d1ad91E6Cc8cd90a0cf,0x956962C34687A954e611A83619ABaA37Ce6bC78A,1e-06,0.001,confirmed
2025-10-24T17:56:42.075961,ethereum_tx,0x8845fa769a0ac76388a8f95e0a075f6dc70945c3026769a1e8a6122a23a5cbce,9481712,0xe50159568fb20b6bdf8DE7654Cf797eCed843583,0x956962C34687A954e611A83619ABaA37Ce6bC78A,1e-07,0.001,confirmed
2025-10-24T17:56:42.075961,ethereum_tx,0x053ad71228f19d413fd0fce93ff2060c56cf8c531fd42224bbe52dca0dbed998,9481712,0x1CEC97bfF5D6440659c56FB200A66c45152c7298,0x956962C34687A954e611A83619ABaA37Ce6bC78A,1e-06,0.001,confirmed
2025-10-24T17:56:42.075961,ethereum_tx,0xce95d2ace815a2d23ff21b9b51b855f143def748e704666a4c484b7946dc6f7e,9481712,0x4a00929c5b6aEcACbfD8acdFE2336b1Eb0f1F539,0x956962C34687A954e611A83619ABaA37Ce6bC78A,1e-06,0.001,confirmed
2025-10-24T17:56:42.075961,ethereum_tx,0x5fa5e17f7b07d575771034bb8611bd85a8f855439e99abd846d404601e58f791,9481712,0x3147f2B54f644d58360c70FCA54826d0dd36f0aD,0x956962C34687A954e611A83619ABaA37Ce6bC78A,0.0001,0.001,confirmed
2025-10-24T17:56:42.075961,ethereum_tx,0x1caf2331ab48c036ebb40bbf3ec1bd04de95d8985d1aed1f4540f7acf4d5306c,9481712,0x33a7C77d74A3FF7D1644DBFbbe1d59b942ca4982,0x956962C34687A954e611A83619ABaA37Ce6bC78A,1e-07,0.001,confirmed
2025-10-24T17:56:42.075961,ethereum_tx,0x5067dc2db1655c31c33a26977f24084bc9c6736275cf6508f34108d8ba292e7f,9481712,0xE1Be830A56cf5979333feD8b6be88e1e2E45178A,0x956962C34687A954e611A83619ABaA37Ce6bC78A,1e-06,0.001,confirmed
2025-10-24T17:56:42.075961,ethereum_tx,0x8bdebaec86271fcbcf60aa6c5f0dfe3d8549538f5b54839e7259b5f31a5830b4,9481712,0xafdcCe1Cad7a083860D73f2d62C2090292DBA171,0x956962C34687A954e611A83619ABaA37Ce6bC78A,1e-05,0.001,confirmed
2025-10-24T17:56:42.075961,ethereum_tx,0xc18b43cb89b0fed7e972ffdfe603901b7992f2fd51b214a023e98fc5dab965a6,9481712,0x45cA74a9894B8bDaDE92CDB407A86ECC552dd495,0x956962C34687A954e611A83619ABaA37Ce6bC78A,0.01,0.001,confirmed
2025-10-24T17:56:42.075961,ethereum_tx,0x6507d1da39606c896e689191a8135f34b3b2c55cb93ed4764e34c0cda0bd53b0,9481712,0x3E2aEB729b82Edb5ce1Af01c02746625C71C79f5,0x956962C34687A954e611A83619ABaA37Ce6bC78A,1e-07,0.001,confirmed
2025-10-24T17:56:42.075961,ethereum_tx,0x262fa58d5f32916b36e67a3f62997782f9fc71e44bb07abb92b6c32267e2bc4b,9481712,0x8Dfe90E5a0E285741723cdDEa9615ECbF6E2A2cb,0x956962C34687A954e611A83619ABaA37Ce6bC78A,1e-07,0.001,confirmed
2025-10-24T17:56:42.075961,ethereum_tx,0xfc8520a11cbe0405e269e1895e4c805fca7408953374f4395c86084c4bae938f,9481712,0x1F8A262E5A472191842c8B7dd1c312D85f7E6bA3,0x956962C34687A954e611A83619ABaA37Ce6bC78A,1e-07,0.001,confirmed
2025-10-24T17:56:42.075961,ethereum_tx,0xd46959a7e96e7fd8de2b81d7c437876ecaa22fbf4b252fccf7fa5f3619a71be7,9481712,0xe03F5Eea59b3e719653d522811A49E089FA0DE8e,0x956962C34687A954e611A83619ABaA37Ce6bC78A,0.001,0.001,confirmed
2025-10-24T17:56:42.075961,ethereum_tx,0xcb9d4d512f2fce6b984e5b74a7b80d9059a01c98c6457883d68961156ba8e7f0,9481712,0x3B290E03716f3B5AD76477aE17694Af5411dDb63,0x956962C34687A954e611A83619ABaA37Ce6bC78A,0.001,0.001,confirmed
2025-10-24T17:56:42.075961,ethereum_tx,0xab1970298eecbd817b9155f2efcd6cdbcf81a58d605d3cb563f5316ec7ceefbf,9481712,0x7E71608178d18B56C7E478867D6777b90f46C71A,0x956962C34687A954e611A83619ABaA37Ce6bC78A,0.0001,0.001,confirmed
2025-10-24T17:56:42.075961,ethereum_tx,0xc1f3a01b1887e5b619f1bcc4660c8da5724afa07ea62d89bca0bb902d4e7e204,9481712,0xa4805028337F9D084CeF6dFB0fcf6F3D46b27041,0x956962C34687A954e611A83619ABaA37Ce6bC78A,1e-06,0.001,confirmed
2025-10-24T17:56:42.075961,ethereum_tx,0x4a95fe777c9e76e9782097b282ea9e984ad1a84d690df9c3c5cefb881a1cd5f9,9481712,0xDE3f5aa919f3310500D433fdf5F739Ba443ECAce,0x956962C34687A954e611A83619ABaA37Ce6bC78A,1e-06,0.001,confirmed
2025-10-24T17:56:42.075961,ethereum_tx,0xae1699a14cf75e0a9452d0008d9817f3f691b0c471858ded1d7595221c6bf489,9481712,0x65163C4765c42a07aff72A1235C1F87F7660Aa0E,0x956962C34687A954e611A83619ABaA37Ce6bC78A,1e-07,0.001,confirmed
2025-10-24T17:56:42.075961,ethereum_tx,0x28ae0f9d3c9b617f14965d2b0a9d14e74de415286733b5166d7dc6550cb0b2f1,9481712,0xd57BF2C627cE7a928319E1e89c400c5A076326D5,0x956962C34687A954e611A83619ABaA37Ce6bC78A,0.0001,0.001,confirmed
2025-10-24T17:56:42.075961,ethereum_tx,0x5fc8c258f1c22954d9ebc2de615504db57e8136ca6fe11f3ba3d4a1ad4f41d17,9481712,0xbA288D5841f1d2702A096679C01838cB945CBc6B,0x956962C34687A954e611A83619ABaA37Ce6bC78A,0.0002,0.001,confirmed
2025-10-24T17:56:42.075961,ethereum_tx,0xfb3848c577873312091a3bd9973cc42b6de9c8c6031616481466861fb9f93f3d,9481712,0x275825447F8D5C145F07ecE6Dfc08E3C0da5AbCe,0x956962C34687A954e611A83619ABaA37Ce6bC78A,1e-07,0.001,confirmed
2025-10-24T17:56:42.075961,ethereum_tx,0x89d4001ea3b0e54745a07fa0f8fb6558f2033a01fd9a8c4865938d8323d6dadc,9481712,0x94b6cEfE36Ef5FB68F3e6a04DB85219404b74126,0x329630163D90404ae55D11BE8Cc76B0479555282,0.0,0.001,confirmed
2025-10-24T17:56:42.075961,ethereum_tx,0xb9251badf9959c095b142feeed4c5d587fde9a60e80fa42714652a4f972d1ee5,9481712,0x311Fd929c00DBF325a30879cffF5167cf20e626a,0x956962C34687A954e611A83619ABaA37Ce6bC78A,0.0001,0.001,confirmed
2025-10-24T17:56:42.075961,ethereum_tx,0x6ec85f802aae64a3f0e5a2450cc6fa3f2cf5bb6db118e35872c77f37b172808a,9481712,0xc6AA7B2aD49d9aB8c22136f70f43261e94023688,0x956962C34687A954e611A83619ABaA37Ce6bC78A,1e-07,0.001,confirmed
2025-10-24T17:56:42.075961,ethereum_tx,0x98b834dd2d064e2baf85f2e498831f6e6be12db5d5b0f9dfc2470e8a94c0ec99,9481712,0xFe770D41c852a753884dCB3f40927caa2fb67060,0x956962C34687A954e611A83619ABaA37Ce6bC78A,0.0,0.001,confirmed
2025-10-24T17:56:42.075961,ethereum_tx,0x742503b02256c6b51cf58bd29be7d965f86392dc49f9b5e5c28e2c66a5c1ac79,9481712,0xd3D5592BF9e6bf8e515150c0B851A886be348ef6,0x956962C34687A954e611A83619ABaA37Ce6bC78A,1e-06,0.001,confirmed
2025-10-24T17:56:42.075961,ethereum_tx,0x3afc6586e51063ced428618418ead10e1cdca1de0698af19068e4939f860fde3,9481712,0xFaC00ef28d9f11633F6dBEC6d9258c38DD7E4Ed1,0x956962C34687A954e611A83619ABaA37Ce6bC78A,1e-07,0.001,confirmed
2025-10-24T17:56:42.075961,ethereum_tx,0xa2f46cc146f8c553c8cffc1a8ec6693a651a134eaf7ac1e3a0e2362420673946,9481712,0x7c81307C2d31E49CcA45Fa465E4cA233171Dd61A,0x956962C34687A954e611A83619ABaA37Ce6bC78A,1e-07,0.001,confirmed
2025-10-24T17:56:42.075961,ethereum_tx,0x91c092b514b26eacffff362491da27cb66004fb66a3a064b24e6bd76022db386,9481712,0xcC05E956be7B2F3AdCD13cc6005C1C87bc3E5F78,0x956962C34687A954e611A83619ABaA37Ce6bC78A,0.0001,0.001,confirmed
2025-10-24T17:56:42.075961,ethereum_tx,0xbe1cdf88a7ad8993a119a7e16d50ecf6d9182bbbcc8e43a0213b877ce2538bc7,9481712,0x2821D10D3501974d55dFb1FF04EA063455DC8677,0x956962C34687A954e611A83619ABaA37Ce6bC78A,0.0001,0.001,confirmed
2025-10-24T17:56:42.075961,ethereum_tx,0x52b59262aebca885f6996f6b2db055cc2a2451d8caa4d885beb68870c6e971c4,9481712,0x71A6D6a1ca08FFC667F85050f72d9aAE327Aa29A,0x8241343EbD9B7Cd034A3f245761D1C2E53d794ba,1.7e-05,0.001,confirmed
2025-10-24T17:56:42.075961,ethereum_tx,0x3cd91cc1d75f4363821e172ca72718836ddb6b7e861f5de29084612fa7055bf8,9481712,0xC7a0a399b846fd6c539A351f4e0Ff5bc2af14854,0x956962C34687A954e611A83619ABaA37Ce6bC78A,1e-07,0.001,confirmed
2025-10-24T17:56:42.075961,ethereum_tx,0x6096a816d1d5dee8904f9a3e456b8197a9f07a8d0287652b3ddc9df247b124b6,9481712,0x78Bdc100555672a193359bd3e9CD68F23015A051,0xF3fB62E0CC08eB1fE9fa090aa4f18A09B49e4f96,0.0,2e-08,confirmed
2025-10-24T17:56:42.075961,ethereum_tx,0x1110c9f616625fe95a02d7efa6e24bf76bccfef5d8fe46e7da6f0d14841122b6,9481713,0x0a9C2Cc7842C288f1E67010B86B8dA287c2BC5Bc,0xcA11bde05977b3631167028862bE2a173976CA11,0.0,3.000000012,confirmed
2025-10-24T17:56:42.075961,ethereum_tx,0x0a256fef3ae1d1a636c0f690f5a62b012217f8b8a9e183751fe9333c285910c0,9481713,0x7FA3e6393D8aA34b95F87c4f875A14223C4FAEf0,0x00d6dD19efaecf34B4D15994AF160FedA3f7dcAC,0.0,2.000000012,confirmed
2025-10-24T17:56:42.075961,ethereum_tx,0x0f1272163555f343049e2efa3a2ad2f9c4727e1fbe5e02377ef9690e6c39ca3d,9481713,0xCAe48CC52Cb22Fea40077434DBDd3BbA56eE1A03,0x000D51c298a9B0AcbDa440e1dd2E0812d7790e3f,0.0,2.000000012,confirmed
2025-10-24T17:56:42.075961,ethereum_tx,0xc3e38d2ed08a07590829c301b9893f78cb2ffbdbcda0843da8ecc4bf7cae48b0,9481713,0x0632215e32658508fC985BB80f22eE71377F7aAE,0xFF00000000000000000000000000000000743111,0.0,1.000000012,confirmed
2025-10-24T17:56:42.075961,ethereum_tx,0x47df782e4b644c843b8a22ca58c6c90a7c92f322ee9067d9cc1c9821014bdea6,9481713,0xe1ee4fF2833f1F35F4a095FEed8C91901469908A,0xe837cA440131639A392d1408877ef74f14fb9bbb,0.0,1.000000012,confirmed
2025-10-24T17:56:42.075961,ethereum_tx,0x778258e24ca55bd46fe4e267f7e492af639677de55fdf919df2bade70fed3bcf,9481713,0x3C95c2633296B264d051498C4b2e982EbB526A53,0x3C95c2633296B264d051498C4b2e982EbB526A53,0.0,4.1,confirmed
2025-10-24T17:56:42.075961,ethereum_tx,0xca96eb0f3f4f6a8e9860866b784bc1ed71f8c32d0b7b6e8ca96f870cef02e5d2,9481713,0x1f75cAB336B00891A682fC5Cc0BF55775ad773F3,0x90Ae1d2ad463E6fD108124F919D80CfaCE23fD96,0.0,1.501,confirmed
2025-10-24T17:56:42.075961,ethereum_tx,0xc21f6d568cc3e704494dd5609e3f7e9b77fdc047fb50a2df1ffdfdf0a347a3f6,9481713,0x93d5b54566176dc5c35AF67f5B415eAB207AC6c4,0xD286ac7948649b1EEF8764f0e22779E7bBDc903d,0.0,1.500000012,confirmed
2025-10-24T17:56:42.075961,ethereum_tx,0x8ff0911b9cf2f3c9a89bd59c5140aa42f4316aaf2418302f95a5e8d6742af965,9481713,0x263FBC06623aA21D07db53229B62Eb0C4Ae8d68a,0xd110672E48c5B29ca911821539b7F202F3d6a9BD,0.0,1.500000012,confirmed
2025-10-24T17:56:42.075961,ethereum_tx,0x7df2cab3333ffdc0e989e06a6732703797c1df2e2349258231718ff0e89df1da,9481713,0xbD7Ff03e7e12bfA5A53611c4912464d798f5e3ad,0xBC04d69Ecd7890699b2BE7924eA86474e15098E6,0.599968499999874,1.500000012,confirmed
2025-10-24T17:56:42.075961,ethereum_tx,0xc264006df23faf0718ec2e9257dff2b07d58d1721e32c7f3610406272dc2eb62,9481713,0xF4d0dE1B19283a25D01152919f561bEfB30435dE,0xc6255a594299F1776de376d0509aB5ab875A6E3E,0.0,1.5,confirmed
2025-10-24T17:56:42.075961,ethereum_tx,0xc8c95b9e80def0b85e4f1fe0968d6a4a11cfe541dc71806fb51ec0d9a940cfb2,9481713,0xB0f1939e10E5c1ff024C5f612C03A6D65EEb827c,0xc6255a594299F1776de376d0509aB5ab875A6E3E,0.0,1.5,confirmed
2025-10-24T17:56:42.075961,ethereum_tx,0x9a17dbb1416ca971085632cbad9452540677462bf0f478eb9783a2b02a07411c,9481713,0x6FC0436e980e1107192441064E9baDe0aB2072df,0x57c5dC670eB6f571bDD8Fc1CF178c46c9A917A74,0.0,1.5,confirmed
2025-10-24T17:56:42.075961,ethereum_tx,0x36e81af611fa2388560376bd7b860adf5fb20623745df4925e5a7b7d12df0c93,9481713,0x929d51c252661D9cD3377DC93878F27185167Db6,0xc6255a594299F1776de376d0509aB5ab875A6E3E,0.0,1.5,confirmed
2025-10-24T17:56:42.075961,ethereum_tx,0x3de5215c9dbac207baf20827920337ca6128e0a7341f0f0ccb63cd998d2428a0,9481713,0x76588bF2aCF1CAb1de32078c71be0943deF8901b,0x2A4496bbC344414e3bDbE6a8E7c40EF007DAeEd1,0.0,1.5,confirmed
2025-10-24T17:56:42.075961,ethereum_tx,0xe9e211ca9ad42bb291d4c9dec911b148d8b0e7a74bc5b1faccb3ef080eb27ecc,9481713,0x01243f3Eca77aA70a4beC9cb7F8cc3EFD7df6411,0x2A4496bbC344414e3bDbE6a8E7c40EF007DAeEd1,0.0,1.5,confirmed
2025-10-24T17:56:42.075961,ethereum_tx,0x085df3f3814a2c50fb4e5d171e786fd11607b2cedde94fd0eec7d5a2da921ade,9481713,0x187B50a35130F8386065fD2a3C538Ea1bc219681,0xc6255a594299F1776de376d0509aB5ab875A6E3E,0.0,1.5,confirmed
2025-10-24T17:56:42.075961,ethereum_tx,0x4b02367a5ca5db9cb969b67d8a58c9b9f45b245093e7a332e36e8ecc481e3f20,9481713,0xAC346feDd3214ff200CB8DE8f8cb0BB5b3928224,0xc6255a594299F1776de376d0509aB5ab875A6E3E,0.0,1.5,confirmed
2025-10-24T17:56:42.075961,ethereum_tx,0xc24202c7320ce0580480e0ca2c3934a5a30fa6510d625b0afee3a78611699711,9481713,0xd45e864a523c68910962F2a06Ad886D436C8523A,0x2A4496bbC344414e3bDbE6a8E7c40EF007DAeEd1,0.0,1.5,confirmed
2025-10-24T17:56:42.075961,ethereum_tx,0x26cbcc5f028838075364751b8c97d2e32a4bbee6c61c6eead42b2a429c8798ca,9481713,0xaC56BEED1FCa1878621091c540a3d811D1DE8Dc9,0xc6255a594299F1776de376d0509aB5ab875A6E3E,0.0,1.5,confirmed
2025-10-24T17:56:42.075961,ethereum_tx,0x9d582f4fed29900f0fe52bb2725d3a83f6f5d885a1e7023f1874b703d70b4cc8,9481713,0xE061F3DC672e97dDf34C1647dC0B6F25F89C392B,0xc6255a594299F1776de376d0509aB5ab875A6E3E,0.0,1.5,confirmed
2025-10-24T17:56:42.075961,ethereum_tx,0x782d01a8786c098e8d99c405903bb9235a787da0877c5bfd15d8813b9c5d0808,9481713,0x5013609FFEcb9B9288005d700055D45dab1C6682,0xc6255a594299F1776de376d0509aB5ab875A6E3E,0.0,1.5,confirmed
2025-10-24T17:56:42.075961,ethereum_tx,0x15d6445fe6dbf5453933b62d15c0ece50964fd441e1f0d30679446ee58f4a277,9481713,0x1342AB509342Ce666289e5030570eaA31ab50CC0,0xc6255a594299F1776de376d0509aB5ab875A6E3E,0.0,1.5,confirmed
2025-10-24T17:56:42.075961,ethereum_tx,0xdc817dcdf9b6350061048936f667a140f2d8decddc69b40c804cd4a0c5e8c244,9481713,0x7cB6063e1057E2e08BBA2e45C218068C5aF29B1E,0xc6255a594299F1776de376d0509aB5ab875A6E3E,0.0,1.5,confirmed
2025-10-24T17:56:42.075961,ethereum_tx,0x2b263051a27d62a6f91097391daaa4c24f1bc43b1a027870c0d983c500c0472b,9481713,0xDaeC823329018d0c52f06399Af85f618CE084A5E,0xc6255a594299F1776de376d0509aB5ab875A6E3E,0.0,1.5,confirmed
2025-10-24T17:56:42.075961,ethereum_tx,0x09703be5c2e8233991ae75b9c378f258b82d9086b1ff838c00f805296944fe05,9481713,0x8EE594D10b1c6Fcc7e73B1c5CdAdA929d902289e,0xc6255a594299F1776de376d0509aB5ab875A6E3E,0.0,1.5,confirmed
2025-10-24T17:56:42.075961,ethereum_tx,0x1e94927dae6365a284ce9dbdab0b27595044c03865d86e7f699a4ef5cc8356a5,9481713,0xB18CC846a310Df5F5D949Dc0d48d5aEa95009bfe,0x2A4496bbC344414e3bDbE6a8E7c40EF007DAeEd1,0.0,1.5,confirmed
2025-10-24T17:56:42.075961,ethereum_tx,0x48e627179d70f8efede85fd9103277016c97c09b099c4a041a360987b03b7fbb,9481713,0x6adbFB2d5D377612c5D3Fd9373934FbdcEaC160F,0x84700d50EaCc439088D87948BbC224fbD2Db60b5,1.17e-05,1.5,confirmed
2025-10-24T17:56:42.075961,ethereum_tx,0x53610c800b8c3d1d51475b6f3165d09e942e438ee8d7080d175db8e16089cc0b,9481713,0x2DD1FAcb6C876C6F04e5aE54B6f2C242CaCB4cC9,0xc6255a594299F1776de376d0509aB5ab875A6E3E,0.0,1.5,confirmed
2025-10-24T17:56:42.075961,ethereum_tx,0xf3cc4df7a423cba4a97ba297ecce46003e66f192a1177840ebba329e85c4b621,9481713,0xf59Cbe881372CE2E98eF604d203b2d727c993B64,0xc6255a594299F1776de376d0509aB5ab875A6E3E,0.0,1.5,confirmed
2025-10-24T17:56:42.075961,ethereum_tx,0xb6e117b66718994a72f5e9390ce8e8df4c302e03a8172ac87f24689e2aab9ae3,9481713,0x915f69d7c1ed69c26182DC7E87e74ac03Be10628,0x34041d45AE65F80b40d01Fcd196C2d53c0e0B2c4,0.0,1.000000012,confirmed
2025-10-24T17:56:42.075961,ethereum_tx,0x9b316a5a43d1303a8c3b86d561bc6190912d070030abc2ed3d82816f8e1d785b,9481713,0xaA8Ca8Eff48E78D2669DC070341d2828AB95D202,0x8a7250b11D3d7DacFE2Da08598EDF391EEb4d924,0.0,1.000000012,confirmed
2025-10-24T17:56:42.075961,ethereum_tx,0xa4bac74cd41c8b8040b57ec2c019ffa924d364453d44b02bf6fa4fd920503d93,9481713,0xF37aaC44E118e33E9f29dA1f970BCF5D28074F14,0x00e9f3641E16dFaB7864f339F4FC2bC75DCC92C6,0.0,1.000000012,confirmed
2025-10-24T17:56:42.075961,ethereum_tx,0x601fff25f098eb9d86c4d80b724bd0b0c28b4df328c0a5bd64c8b727f152572b,9481713,0xA79bF6f2C6cc0e7dc365E71f2a8de6D40C8346c2,0x006BA30148eFe8ce40209432B8fDF6FfE04f939D,0.0,1.000000012,confirmed
2025-10-24T17:56:42.075961,ethereum_tx,0x92939e6bfb788941a16fab346e400f46c2cadb03606d7f407325afd8bd0ea2ee,9481713,0x48BcB4065C0D9194aDa8EDd7FB3E6d8c8C5abBBc,0xBB478d897ffF53fC09a52Dade83032c612F48c93,0.0,1.000000012,confirmed
2025-10-24T17:56:42.075961,ethereum_tx,0x696e37154f64ce09fbea6b712c3b72c2d4793bcd918df4d8859f0877ee85bdc6,9481713,0x919934826c7DE1B30ff94Afe772898B09D502cdF,0xFF00000000000000000000000000000000695569,0.0,1.000000012,confirmed
2025-10-24T17:56:42.075961,ethereum_tx,0x1a174b7b6400d0ad22c091a861062a86c6e12fe6dee8d0ae7dd85fc7e5e7477f,9481713,0xAA397907a6a1DBF181715a282C95E522B84c9375,0x38528f56a7Cd7c3688830bAe68373360b0489033,0.0,1.000000012,confirmed
2025-10-24T17:56:42.075961,ethereum_tx,0x3f0f8c6de38c525b48b8c8fa7e6705780d41be9f00441215fe04a32cc40af931,9481713,0xfC1088eeaBC37E2B04A2E11631B4E8E81523e67E,0x0002f5b812dB3144aB73adC153bc8d876485C4B8,0.0,1.000000012,confirmed
2025-10-24T17:56:42.075961,ethereum_tx,0x255a797823bcbe8969ce95a1e49bf3899ce858b74c407c3400a75f718a42e94a,9481713,0x396F2A890F790470c984249D4302df089440C9A7,0x248894108C9e5c64B195f0482aFf4415021B002E,0.0,1.000000012,confirmed
2025-10-24T17:56:42.075961,ethereum_tx,0xb6389c57f546a992c175309e07e28e14886aa43c6853b99cb7f88deaecf40bf6,9481713,0x7Dd0FB0877da5C00fdacdF69cf51C1229Fa18924,0x1D15a66521BdB3043335734039D428f97bAb3f7e,0.0,1.000000012,confirmed
2025-10-24T17:56:42.075961,ethereum_tx,0xb0e5c60b9155242f193a665efaafc5238db04f1bd68de042b92a1e9923f63ad8,9481713,0x001C124488545022f32c963CAFA2CEf7fCb2796F,0x5627B89Ec33CEce4D22Cf99d6C775490de31d18D,0.0,1.000000012,confirmed
2025-10-24T17:56:42.075961,ethereum_tx,0x6bec14dbbd27f5fcdbcf9108b2c3c0e10a5fe54653990f8caeac99ab2722af65,9481713,0x1223446A7cFd2fCB298A0F872A7ef3876B1eA5d9,0x9f54e6A87429E7bB2fe7B9f0ACCA3A31560FF198,0.0,1.000000012,confirmed
2025-10-24T17:56:42.075961,ethereum_tx,0x0f1bea30f0b27536933db37ed3f8b35665a962fc8488ef274688960769e2098a,9481713,0x0C7A6Eb42aD5508d449eD84d8546C3BDC2056A27,0x7b79995e5f793A07Bc00c21412e50Ecae098E7f9,0.0001,1.0,confirmed
2025-10-24T17:56:42.075961,ethereum_tx,0x67b2b9505a9f097cf2fb0b93ec6e83a63e15b2546ea0008c579feef8c47dc03b,9481713,0xf07d1008B79EF4140AC2e2c410a3FCf1173e74ac,0xb2EaD588f14e69266d1b87936b75325181377076,0.0,0.200880012,confirmed
2025-10-24T17:56:42.075961,ethereum_tx,0x545af9439bd138b95a9537887e2878bb2c68fc9b60163a4124b0e6973bcdcb59,9481713,0xDFA7645851fBd1543591B5CBA7E1026E9e0284EE,0xf993E10C83Fe26DddFc6cb5E82444C44201e8a9C,1e-06,0.020000012,confirmed
2025-10-24T17:56:42.075961,ethereum_tx,0x3da5b4ee318f4f2aa87c58e9da58d7e7eca25decc6810d4e66493284271897b6,9481713,0xc1473943b2512189e5B505a7DAcEdF3D80d3D64E,0xf993E10C83Fe26DddFc6cb5E82444C44201e8a9C,1e-06,0.020000012,confirmed
2025-10-24T17:56:42.075961,ethereum_tx,0xee885294a5ea790b69be072d9c2e305665d3b3d8118095ef859548578917487e,9481713,0xC6f804C54FCC2E4D4f0A21Bd99A94aEB5A05a61d,0xf993E10C83Fe26DddFc6cb5E82444C44201e8a9C,1e-06,0.020000012,confirmed
2025-10-24T17:56:42.075961,ethereum_tx,0xb401caf2d29c917e5f577304abe57d50ce9b40e3b738f86db0cd7ff38cefe8ea,9481713,0x523B171DA0A6E194df3FA57a116f044e31B4E491,0xf993E10C83Fe26DddFc6cb5E82444C44201e8a9C,1e-06,0.020000012,confirmed
2025-10-24T17:56:42.075961,ethereum_tx,0x9936e85c13bfac04df455c93c96f93e974947ee4b0a97c28827329603e44730c,9481713,0xB4fC80AEc34911C5d761259E74aE8a24c2C5D995,0x2606DffB6dfD8e9871CcE1C0A3F153F5d5F65106,0.0,0.020000012,confirmed
2025-10-24T17:56:42.075961,ethereum_tx,0x6b9dec30650bf9919fe71ee271ab14b0e450a575e6f6e690cbeb3d47c25695dc,9481713,0xB4fC80AEc34911C5d761259E74aE8a24c2C5D995,0x72de35dC43acfC49B6B21e559F8cA586e0E12011,0.0,0.020000012,confirmed
2025-10-24T17:56:42.075961,ethereum_tx,0x04169f8288de0f593b78a9284dde84d781dc358a7d5838ce864fe8ef59bbc2fb,9481713,0x4BA56bDa2009816e260921970041d6Eb005D7272,0xC764A997C86dC22B50Eb637626e3f46bfd82534A,0.0,0.001500018,confirmed
2025-10-24T17:56:42.075961,ethereum_tx,0x523f0c099434225d37797785265cce62b14bf5d2adfe4647056da95011ba7059,9481713,0x9E7138991AAEb8345f2Ce3409Cc094da4C50d042,0xc6255a594299F1776de376d0509aB5ab875A6E3E,0.0,0.001117413,confirmed
2025-10-24T17:56:42.075961,ethereum_tx,0xd9a88837e2a90e7d05b5747a19b9d9869fd44ba2e87a4eff009e729e6ffaa453,9481713,0xe9535206db309aa5bF85268890c590B485F2EB63,0x69C6b28Fdc74618817fa380De29a653060e14009,0.0,0.001100012,confirmed
2025-10-24T17:56:42.075961,ethereum_tx,0xb3ca47b37035b92a99fed5f6596775130b3cbc7a4c34b4b035eb6aee3e3220f6,9481713,0x065bb664C4Bf610558297150b4EDF18c8Ba494e8,,8.61e-16,0.001100012,confirmed
2025-10-24T17:56:42.075961,ethereum_tx,0xa24e56c63f6e08bc1757d83262d853b2bdf543bddb8cf510146ce40de1933535,9481713,0x661bA32eb5f86CaB358DDbB7F264b10c5825e2dd,0xcA11bde05977b3631167028862bE2a173976CA11,0.0,0.001100012,confirmed
2025-10-24T17:56:42.075961,ethereum_tx,0x380dc0ea79d69fd02b11678cd0de92b722000c8422536e8820ef52a542bfa7ac,9481713,0x190c79eFF713Eae2BCcD64DC48eE6080C8C5e178,0x83458E8Bf8206131Fe5c05127007FA164c0948A2,0.0,0.001100012,confirmed
2025-10-24T17:56:42.075961,ethereum_tx,0x2fd61e27640005c1afde66fcad15a4c91b5fe9a85b9605ef7f0e94feb55cf960,9481713,0x9484449f2BE7CD6E01eF55bC5438C733e0759e0f,0x0EF0F214cfe8FB8a1aBeD31D39e9d7a2C74D27dc,0.05,0.001100012,confirmed
2025-10-24T17:56:42.075961,ethereum_tx,0x920d443b4ff2a66d9db7a851a288d9cf8a9652a44b882e6f819adf46ffbecf78,9481713,0xDB41c0cbFCEf2F0ff1f02Cc5E25A9C6673b4a958,0xc5445e3F1a7428Fb6C39c3016244799D6Cd47e75,0.0,0.001100012,confirmed
2025-10-24T17:56:42.075961,ethereum_tx,0xc48494ec0389d572fdf4e7a9fa0f402555c335cdf71ef81d2bffd94b6d24fe8f,9481713,0x94eDC8E0D150Ca41Ab78F479dCd202458C9375bF,0xc6255a594299F1776de376d0509aB5ab875A6E3E,0.0,0.001100012,confirmed
2025-10-24T17:56:42.075961,ethereum_tx,0x4644361441acc46fa1fee4b0a4879a1e9220647c90c0d51d53fca9a969807e77,9481713,0x2F60ee8adD3CBf1f32F52e0416ED88474702688b,0xE99C54fF96Ae65cd3eE322f368b9f3C2bf20c210,0.0,0.001093851,confirmed
2025-10-24T17:56:42.075961,ethereum_tx,0xb12e67e31d4d6af2f0e7e0c6a01226cbefee83c7e8039bf139afa763159ee329,9481713,0x715d1084b1237Ba6a61447890F282E2505471EEC,0xb5A49949C49dEDD852F9f0f419b17aD2785032db,0.0,0.00109385,confirmed
2025-10-24T17:56:42.075961,ethereum_tx,0x8df52d9867305015a5c545501c572c99781c3d46f5c73c23956259cf12a242b6,9481713,0x61d8838f9A00250C9AF13D622DA7c08c372ee587,0xCf8EDB3333Fae73b23f689229F4De6Ac95d1f707,0.0,0.00108751,confirmed
2025-10-24T17:56:42.075961,ethereum_tx,0x18fe45af40d93506c6f28baeafe86b93550dc66f074b87fa54efb71832579fe8,9481713,0x1E80906ceC22E1948B679268f3871827A8e4E26e,0x7215691F60C4fA7Bb82c5Ac44c7d57dc32bB0493,0.0,0.001052643,confirmed
2025-10-24T17:56:42.075961,ethereum_tx,0xe2aaed55332941c7f391ff5b9cb535aaf66a3bedf01ed53fdbecc3a116a537c0,9481713,0x96161C5bf5840953694eefB5C5CecB454c74D670,0x3eDF60dd017aCe33A0220F78741b5581C385A1BA,0.0,0.001052643,confirmed
2025-10-24T17:56:42.075961,ethereum_tx,0xf78f5f0f245ae748f6342a6da8ac9784768be53605878cd883f65aae50c571df,9481713,0xC57593a62D0EcdEe960a3D06A689Adc2b69D30C9,0x0000000000000000000000000000000000000000,1e-05,0.001000012,confirmed
2025-10-24T17:56:42.075961,ethereum_tx,0x089a8995fc9455179fed46f021f217c3a0dd01b68930fafbb10a23dbaa2ac6ac,9481713,0xEbb572059363FA4FfF24781b24650Dc8ea74d33F,0xeE567Fe1712Faf6149d80dA1E6934E354124CfE3,0.0,0.001000012,confirmed
2025-10-24T17:56:42.075961,ethereum_tx,0x6c7d067b860b531831ff10f972e79431d821ca762ae56f3be688bf7ebf9cd11c,9481713,0xBaC2a502Ca502AEF519cDB850D4816b8Cb718760,0x756F7598219FcC81AD83027D3aD23852Fe2Bd724,1.7e-06,0.001000012,confirmed
2025-10-24T17:56:42.075961,ethereum_tx,0x657f393d7cbd885e33fe438997cbd78e3aa9f54e89cb59fadd2aae367a4093cc,9481713,0x01BA08b1e8DF90990921D2f9CF17464acb585c2E,0x03C66CB1826BDB0395BF31E68Bf7E873e9564fFB,0.0,0.001000012,confirmed
2025-10-24T17:56:42.075961,ethereum_tx,0xada8b9eb1f7033ac2cc8dfc4cb2d006891ebb70dfb323234f0b193b4ebdc374a,9481713,0xF45d0079365eC1Bb483a36a9597aD97bb6c5bA36,0x03C66CB1826BDB0395BF31E68Bf7E873e9564fFB,0.0,0.001000012,confirmed
2025-10-24T17:56:42.075961,ethereum_tx,0x11518690a540d912ce556f28801e28866ce91141e3929073a244f080b3a4a5d4,9481713,0x0236abd448B0049609688b66b013eFab59fB4E23,0xc6255a594299F1776de376d0509aB5ab875A6E3E,0.0,0.001000012,confirmed
2025-10-24T17:56:42.075961,ethereum_tx,0x038ce65a12519213dcc2e655b13b492db36c797090dbacf7e7e70e9f11ae6325,9481713,0x3FD135710336C3B109Cd4EdC0a893EACB794f0e2,0x03C66CB1826BDB0395BF31E68Bf7E873e9564fFB,0.0,0.001000012,confirmed
2025-10-24T17:56:42.075961,ethereum_tx,0xab6536e8cb6b7b77b029f2d43ab4da77968f9f349df9b58426fefb87f7b53199,9481713,0xE31cd01c8EFCe48b083e5b6430005118327C4186,0x75d5885925Ba2C2533B745F19e17F59f7Da4f662,1.5e-06,0.001000012,confirmed
2025-10-24T17:56:42.075961,ethereum_tx,0xd527c4fbc2ea2418d9d74a981c5eee1764af7569e6cf488d17c5e172a9f5fe9b,9481713,0x00408EfD04BD4B6711f36caC05a35Cb826BC500A,0x03C66CB1826BDB0395BF31E68Bf7E873e9564fFB,0.0,0.001000012,confirmed
2025-10-24T17:56:42.075961,ethereum_tx,0x868b87a8cfac0d8c7dbd11dd975c422cdd40011282edacfbdede04a6fa6e1ff0,9481713,0xcD12Ed9b63603bc9685Cda552c0156d9b297b41F,0x87A3effB84CBE1E4caB6Ab430139eC41d156D55A,0.0,0.001000012,confirmed
2025-10-24T17:56:42.075961,ethereum_tx,0x9cd73558e538061bc1e986233fb514ff67009e40880de6ab7865b1a46c7bcb18,9481713,0x61bd939995e4650F931E0946fDD2B9Ba9E91f077,0x1AAa1167728831A30b2C5E815c38F59257E67EF0,0.0,0.001000012,confirmed
2025-10-24T17:56:42.075961,ethereum_tx,0xff6eb37b25afd3e75bedc888de64672c819de88baeae879a6d7773ca1adefa61,9481713,0x3840D59E77871D7Cf9A03d397785272ECfD94Ee5,0x595609F8B645B7DDF3d382dD382BCC19B9e71748,0.0,0.001000012,confirmed
2025-10-24T17:56:42.075961,ethereum_tx,0x7ddb82035f010e96acfdf2fcbf60abacffcc9077f0883ad0c55cb0f97dea21eb,9481713,0x72d86ae6Ef263861984Fdee70AF5ee2d65f7c7F8,0x42B35aad89cB87cD589a773785BF5C696042AE53,0.0001,0.001000012,confirmed
2025-10-24T17:56:42.075961,ethereum_tx,0x583fb6cc7e6043d21c90c62022cc731896b57762ee04992b69913b1b6d8bacbb,9481713,0x72d86ae6Ef263861984Fdee70AF5ee2d65f7c7F8,0x42B35aad89cB87cD589a773785BF5C696042AE53,0.0001,0.001000012,confirmed
2025-10-24T17:56:42.075961,ethereum_tx,0xc9af083628230cd90adc8db3428998d1a5a20b8179c5c1b4fb4eaf26a5b90e11,9481713,0x72d86ae6Ef263861984Fdee70AF5ee2d65f7c7F8,0x42B35aad89cB87cD589a773785BF5C696042AE53,0.0001,0.001000012,confirmed
2025-10-24T17:56:42.075961,ethereum_tx,0xc4057f3d946d33c81addb57e665937c3a7c38fd7e354506915eb6aed5ebb9288,9481713,0x73DA155ca8351Aa206c9ad1e1510134a3987166a,0x08d2b0a37F869FF76BACB5Bab3278E26ab7067B7,3e-05,0.001000012,confirmed
2025-10-24T17:56:42.075961,ethereum_tx,0x21c063b2cc6a0b06c4534690f9224c5595db1e2e857e7ebe03e3be1f8ee953bb,9481713,0x34EfF639A79f3D1EED43E5da23399350CA027eBC,0xfF8Ca2B4d8122E41441F7ccDCf61b8692198Bd1E,0.0,0.001000012,confirmed
2025-10-24T17:56:42.075961,ethereum_tx,0xe5fd0a83e03dd8f92971d11e0c8a9c1e314799b62f080bbd71c06a4842239d66,9481713,0x60CCDB308E8916b6Fa8d5AD32cbbA0b5F3C20D4f,0xA6872D4d6Dd636EDc78c765fb520CC05Ef0d5594,3.9e-06,0.001000012,confirmed
2025-10-24T17:56:42.075961,ethereum_tx,0x5af48629ebb244758f5e733750b2399fa34ccbf6db441e9b1d3d18ed1b910ad8,9481713,0xEc806232FACa1c70418F7Da967392f3C502C6B11,0x93c31c9C729A249b2877F7699e178F4720407733,0.0,0.001000012,confirmed
2025-10-24T17:56:42.075961,ethereum_tx,0xec514cbde22c982b455b16b7a14d46330bc63c33ff0addebc9e6cdf59c5dd037,9481713,0xE15242D687a282c3F53baC817aa3e4246760794e,0x00C0887713509578a85f49fE6095e7653c7c36Be,0.0,0.001000012,confirmed
2025-10-24T17:56:42.075961,ethereum_tx,0x9c21930f4d4a5316121b9e083be7cf6d452ba4d6efe72b7272727057e0de3b3a,9481713,0x553414E1e58EEd43936eAF873D91b16D23a2a809,0x853758425e953739F5438fd6fd0Efe04A477b039,0.0001,0.001000012,confirmed
2025-10-24T17:56:42.075961,ethereum_tx,0x214c08bdc9ba8c04a3e81db39f41c4fa8c726d5490d448d804ea04d20ecc002b,9481713,0xE38333F7f141Df6EDbfa578D2bcF83889ba8aF7F,0x87A3effB84CBE1E4caB6Ab430139eC41d156D55A,0.0,0.001000011,confirmed
2025-10-24T17:56:42.075961,ethereum_tx,0xcc72fcbdfe1364c82aedabac2482fbb556be48dcbb02ffcd58f40b39ffb2cd5d,9481713,0x13e6009357AF52E7D564b5914aa97719C8304A28,0x956962C34687A954e611A83619ABaA37Ce6bC78A,1e-05,0.001,confirmed
2025-10-24T17:56:42.075961,ethereum_tx,0x02df244211a16a4e16c152ad9c8449526eb6aaa6e718c1bc122462893a037eb5,9481713,0xDF24BCcC365Fa92484153E51769aFeEBA7Bc15fB,0xB19584Be015c04cf6CFBF6370Fe94a58b7A38830,0.0,0.001,confirmed
2025-10-24T17:56:42.075961,ethereum_tx,0xa7dd59df63f44725d7f770d0e2dc58c331643929c30b33b57f6d6c0289a6a361,9481713,0xf73eaE94c3D61212c84e3CC0EC9dF181828Fc1A5,0x956962C34687A954e611A83619ABaA37Ce6bC78A,1e-06,0.001,confirmed
2025-10-24T17:56:42.075961,ethereum_tx,0x6a677ccb28071b434c83037eeb3b14ec6665b75059d92888f05a242a113fdc2d,9481713,0xaf1F4C454d2571758C08bE5C336c3eFf998aC754,0x956962C34687A954e611A83619ABaA37Ce6bC78A,0.0001,0.001,confirmed
2025-10-24T17:56:42.075961,ethereum_tx,0xdecdc9162f0e0bd6f27e28b0ded4d4dc827ee5525fde41ff131e316018f5d162,9481713,0x572e2B3140ea2a46F48E3ffe72e418C0883cE2C3,0x956962C34687A954e611A83619ABaA37Ce6bC78A,1e-07,0.001,confirmed
2025-10-24T17:56:42.075961,ethereum_tx,0x682f28376d4d189f8f4bb16400f4dec663c0ca4e3d3576aa7ae35f774b90d9e4,9481713,0xDA4bc6D9f9E8676502538C7476901CB4c891bc04,0x956962C34687A954e611A83619ABaA37Ce6bC78A,1e-07,0.001,confirmed
2025-10-24T17:56:42.075961,ethereum_tx,0x8fbd43695b0782cff3e79327f18ce797fd2ff3d2322a40356d6f731e2c8274aa,9481713,0x72B9E93C0C31cB605023E86Fcc98dD06c089AfB2,0x956962C34687A954e611A83619ABaA37Ce6bC78A,1e-07,0.001,confirmed
2025-10-24T17:56:42.075961,ethereum_tx,0xb78eef269a7e3e1026c2d1606ecc618f4f41d701bd75a30690b4cc85e4bf6c46,9481713,0xFE167437840f7D1737c9A54fd949b5722C98b523,0x956962C34687A954e611A83619ABaA37Ce6bC78A,1e-06,0.001,confirmed
2025-10-24T17:56:42.075961,ethereum_tx,0x023c695492d80da7a70f79794958473f55f6cc99a881a83f6f818f23deb3a0e6,9481713,0x3147f2B54f644d58360c70FCA54826d0dd36f0aD,0x956962C34687A954e611A83619ABaA37Ce6bC78A,0.0001,0.001,confirmed
2025-10-24T17:56:42.075961,ethereum_tx,0xcb773d8f568d29f3769408c0821d69492cdfb753238d2baf20e0ae1429c2d822,9481713,0xc84F0075128e6e95EC6740F2d2bEab51c367fAAc,0x956962C34687A954e611A83619ABaA37Ce6bC78A,3e-06,0.001,confirmed
2025-10-24T17:56:42.075961,ethereum_tx,0x08081814b6a99a115e5351a5693e45ef38581b0680b0321f90ec972395576f5b,9481713,0x78Bdc100555672a193359bd3e9CD68F23015A051,0xF3fB62E0CC08eB1fE9fa090aa4f18A09B49e4f96,0.0,2.3e-08,confirmed
2025-10-24T17:56:42.075961,ethereum_tx,0x494eff68b3a88074627d892ffedf5f37e9e182d6d8d6a0cbeb28e4c9f870724b,9481714,0xD146CbbfCe8C768667CD8591b1228e1aaa80794D,0xcA11bde05977b3631167028862bE2a173976CA11,0.0,3.000000012,confirmed
2025-10-24T17:56:42.075961,ethereum_tx,0x41c50e703e27a1f2f2cb86cf0627a3028288948e4fe27d75960735be5d89e233,9481714,0xCAe48CC52Cb22Fea40077434DBDd3BbA56eE1A03,0x000D51c298a9B0AcbDa440e1dd2E0812d7790e3f,0.0,2.000000012,confirmed
2025-10-24T17:56:42.075961,ethereum_tx,0x982643528e1325bff6a22e5217b5b5180e5b56870980eaa13631ba7ac6bdc6b8,9481714,0xCAe48CC52Cb22Fea40077434DBDd3BbA56eE1A03,0x000D51c298a9B0AcbDa440e1dd2E0812d7790e3f,0.0,2.000000012,confirmed
2025-10-24T17:56:42.075961,ethereum_tx,0x1a2b64290af7e7637b66818994a58ffc33791205d7962c0b431504e234f6554d,9481714,0xCAe48CC52Cb22Fea40077434DBDd3BbA56eE1A03,0x000D51c298a9B0AcbDa440e1dd2E0812d7790e3f,0.0,2.000000012,confirmed
2025-10-24T17:56:42.075961,ethereum_tx,0x1002fe21491a9caf842905be42b4d076a3d0f4a2dfd66f2cfbd518b025848aa7,9481714,0xCAe48CC52Cb22Fea40077434DBDd3BbA56eE1A03,0x000D51c298a9B0AcbDa440e1dd2E0812d7790e3f,0.0,2.000000012,confirmed
2025-10-24T17:56:42.075961,ethereum_tx,0xb3b816684975a217a11096b06d11ffcc112543e1c1d2e6066c48075ecc1f1534,9481714,0xCAe48CC52Cb22Fea40077434DBDd3BbA56eE1A03,0x000D51c298a9B0AcbDa440e1dd2E0812d7790e3f,0.0,2.000000012,confirmed
2025-10-24T17:56:42.075961,ethereum_tx,0x7392d7c9820b79227ccc79c9165b59a6702c4f67409462176ee0927a5063a58a,9481714,0xCAe48CC52Cb22Fea40077434DBDd3BbA56eE1A03,0x000D51c298a9B0AcbDa440e1dd2E0812d7790e3f,0.0,2.000000012,confirmed
2025-10-24T17:56:42.075961,ethereum_tx,0xcaac05e664b8cda966f8f09e1d6527adbc57727361987e1865072e25ed3a577a,9481714,0xCAe48CC52Cb22Fea40077434DBDd3BbA56eE1A03,0x000D51c298a9B0AcbDa440e1dd2E0812d7790e3f,0.0,2.000000012,confirmed
2025-10-24T17:56:42.075961,ethereum_tx,0xea3e99ccf5e04118cc3c071f0e54710fe9b41945a6bc8d6814455daf3032f7a4,9481714,0xCAe48CC52Cb22Fea40077434DBDd3BbA56eE1A03,0x000D51c298a9B0AcbDa440e1dd2E0812d7790e3f,0.0,2.000000012,confirmed
2025-10-24T17:56:42.075961,ethereum_tx,0x3171636e4ea11b9f608327fc3a4630a3c651ab8dba459aeec6da371bb2ec6b80,9481714,0x2290B45B091ae331d733d4D94e3CbcdF7bD93B15,0x000C27D9F7e0f4C8Df959fC395B84A5a1359d570,0.0,1.000000012,confirmed
2025-10-24T17:56:42.075961,ethereum_tx,0x62fdc00c3ab687a6a455cc56a1450baaaeda57e81fb9828be7e7aaed61ce45d9,9481714,0xCCa7De1de8a01EBF1a4Bb466cFe0199ED3c82747,0x8Aac168A9212685296eE79B0FA2fFcBFF294d963,0.0,1.000000012,confirmed
2025-10-24T17:56:42.075961,ethereum_tx,0x6922f40b17b9c1fbfbbc0f54318fce399539bd2f7a96f2a3d5d9e893e46fbb32,9481714,0xA896970936181ebd5B13D1da98c3409C8068755c,0x005CDbd2Ab08335c0a1E485b9Ac51b0f3E6aE0A9,0.0,1.000000012,confirmed
2025-10-24T17:56:42.075961,ethereum_tx,0x36ae8869767f7de4df0226ca8ffdde75d0ea180a029b4fab9a8e87846e9a59ff,9481714,0x3C95c2633296B264d051498C4b2e982EbB526A53,0x3C95c2633296B264d051498C4b2e982EbB526A53,0.0,4.1,confirmed
2025-10-24T17:56:42.075961,ethereum_tx,0xb10e1842e03d25308a27659da4b29b02bef81886e02ef05c24ac91aeb7c3b22a,9481714,0x105dCd3C471415c1520769089620669826eE2Ac4,0x5aA8058C1E090d8299162b021e32a284Ec55f3D0,1.6035000144603e-05,3.000000012,confirmed
2025-10-24T17:56:42.075961,ethereum_tx,0xc37da67210d49a994ddbe6a6ffd4abc0ef909a5b45d02992360ec926bdededb7,9481714,0x55A07F9f7eD7F110c2Ddd8f2f5d8677Dc94aF4E2,0xeA30c4B8b44078Bbf8a6ef5b9f1eC1626C7848D9,0.0,2.200000012,confirmed
2025-10-24T17:56:42.075961,ethereum_tx,0x0ff3c0fbeaf61d6f374eb9b6e175c66868e75fd0e114862331ec18dd92e59e5f,9481714,0xc28A2Af7965aDEFc19e7644a7DBb80b4e39DD64F,0x73B668d8374DDB42c9e2f46fd5B754Ac215495bc,0.0,2.000000012,confirmed
2025-10-24T17:56:42.075961,ethereum_tx,0x819d4337abb293aba299674b03a42ed3e9c88794965feadc19862d9861b4ca91,9481714,0x9559447e4e0A4013aD325BE945395E247eEf4385,0xc6255a594299F1776de376d0509aB5ab875A6E3E,0.0,1.5,confirmed
2025-10-24T17:56:42.075961,ethereum_tx,0x9291eaca02197897b72c7fb45c4f241f83c71869bb5b4185ce2244e69d5cc3c9,9481714,0xd1E2F21985265C91Ef95A7f30A523671dA256eE6,0xc6255a594299F1776de376d0509aB5ab875A6E3E,0.0,1.5,confirmed
2025-10-24T17:56:42.075961,ethereum_tx,0x6d85aae764f1e6a3180857feacac3ea61dbfaa32935e34e4b5367d29631f9ce9,9481714,0x82be1B555B0Cacf7C8109108D36Fc1917629Fcc4,0x2A4496bbC344414e3bDbE6a8E7c40EF007DAeEd1,0.0,1.5,confirmed
2025-10-24T17:56:42.075961,ethereum_tx,0x3270a39aedfc8a5bcf528d2f9ad69605e99345a6e7c998b6f50b66f97b8e98db,9481714,0x6038C5D29d96c3f8ee219E6553C38dE08aDFFC86,0x2A4496bbC344414e3bDbE6a8E7c40EF007DAeEd1,0.0,1.5,confirmed
2025-10-24T17:56:42.075961,ethereum_tx,0xc8726c283acb98a9ff2f6ebbfca850a1bc3fa5903fd0a9d4d1f78d0ff6aaf197,9481714,0xaC56BEED1FCa1878621091c540a3d811D1DE8Dc9,0xc6255a594299F1776de376d0509aB5ab875A6E3E,0.0,1.5,confirmed
2025-10-24T17:56:42.075961,ethereum_tx,0x34f2736084b157ecacef345d7e4fa41ee8768aa7a4a5b10f56372056724aa4eb,9481714,0xC43AC93336B9ad39B1a8b7cf873ccAaf5bd7b9F6,0x57c5dC670eB6f571bDD8Fc1CF178c46c9A917A74,0.0,1.5,confirmed
2025-10-24T17:56:42.075961,ethereum_tx,0x1b4e36b0a562d3478be653f5eacbd752f6e206f40ded9d2e08de9ec161391f0b,9481714,0xE061F3DC672e97dDf34C1647dC0B6F25F89C392B,0xc6255a594299F1776de376d0509aB5ab875A6E3E,0.0,1.5,confirmed
2025-10-24T17:56:42.075961,ethereum_tx,0x649aa3d6b1989f568f9199ed8c391c80247de9994707d8d40abbb33c1228d4ee,9481714,0x187B50a35130F8386065fD2a3C538Ea1bc219681,0xc6255a594299F1776de376d0509aB5ab875A6E3E,0.0,1.5,confirmed
2025-10-24T17:56:42.075961,ethereum_tx,0x70145eadd263420e44771ab92e79bfc0e1849db94333332f3b3b5ec8ec4f9c03,9481714,0x7cB6063e1057E2e08BBA2e45C218068C5aF29B1E,0xc6255a594299F1776de376d0509aB5ab875A6E3E,0.0,1.5,confirmed
2025-10-24T17:56:42.075961,ethereum_tx,0xd9966c807e352459546e81799c9a97dc0b4cf2f078061345ea795fcc49db0a49,9481714,0x8EE594D10b1c6Fcc7e73B1c5CdAdA929d902289e,0xc6255a594299F1776de376d0509aB5ab875A6E3E,0.0,1.5,confirmed
2025-10-24T17:56:42.075961,ethereum_tx,0xc2f9e818df0405f648d989c0a622aa62cf9ffeac04e300e6f561d84a5e94f2a6,9481714,0xBfeb15D280fbFC16288C6AC7004EF873bE551eAa,0x2A4496bbC344414e3bDbE6a8E7c40EF007DAeEd1,0.0,1.5,confirmed
2025-10-24T17:56:42.075961,ethereum_tx,0x862a08a91d7424f787b9ca94deab6da82abeea80edd381f3ce2c766de0cf073b,9481714,0xF38E5D49F751F3116BC22ab7CBF53B8B97FB29D9,0x2A4496bbC344414e3bDbE6a8E7c40EF007DAeEd1,0.0,1.5,confirmed
2025-10-24T17:56:42.075961,ethereum_tx,0x487f53feb86e28d2d4ccd7643a73479d6a403fc65327197206fb56a9ea6cb03d,9481714,0x0236abd448B0049609688b66b013eFab59fB4E23,0xc6255a594299F1776de376d0509aB5ab875A6E3E,0.0,1.5,confirmed
2025-10-24T17:56:42.075961,ethereum_tx,0xf066a8a836638c6336c818081510ac74bfe27e7ce7dbed18284d8e971acf2d99,9481714,0xf59Cbe881372CE2E98eF604d203b2d727c993B64,0xc6255a594299F1776de376d0509aB5ab875A6E3E,0.0,1.5,confirmed
2025-10-24T17:56:42.075961,ethereum_tx,0xff5879a40f6fc7261ca7e8b68a19f950df0e06ab489536aec6b886ed34f6e931,9481714,0x5013609FFEcb9B9288005d700055D45dab1C6682,0xc6255a594299F1776de376d0509aB5ab875A6E3E,0.0,1.5,confirmed
2025-10-24T17:56:42.075961,ethereum_tx,0x7f1039c73c37d849f329b6ab1aca3b2295a9616696366a56166bac9a47a0655d,9481714,0xF0FEd0C0192539a1076d8BDa1233f414704d98Be,0x00D22efF04CF7d0f5A355A6D9A06E43120398dA6,0.0,1.000000012,confirmed
2025-10-24T17:56:42.075961,ethereum_tx,0x28550b83e6563bf364c22284cda14748627433fcc7bb0b3a935d3804aa9f4750,9481714,0xb1075D9660449f03398f65eE63ffAf33B047Ee95,0x7dBEFA0f7173011EA412aF855E44C20189a3F9c0,0.0,1.000000012,confirmed
2025-10-24T17:56:42.075961,ethereum_tx,0xbd831949107b3152e3a850d389d05de59011bf27aa1a777d9de49e66062f57de,9481714,0x0a62Ab09C1e26Fec0d31DE5caA15AEcC9143AAdd,0x0053F4C6Dc77F13299336248208AaE839196a724,0.0,1.000000012,confirmed
2025-10-24T17:56:42.075961,ethereum_tx,0x07a8689ccee0907547bcf493f8794ec7ef4a8bc6a65705527918e5c59f77304b,9481714,0x1a8f1cec95Fa6f418756bb99c3D67544b9d46F6F,0x00a431E8Bcf6B683F52FDb687101826D374ba8aC,0.0,1.000000012,confirmed
2025-10-24T17:56:42.075961,ethereum_tx,0xc06aeb93f61455ac7ec023db0d6775c236d1183986570c017fbd53405c1f05f2,9481714,0x05a43918b6886C7a77EBF093Fa1af2daCAEF6058,0x00d0fD03FB25e20697C131F4365003D718f7935a,0.0,1.000000012,confirmed
2025-10-24T17:56:42.075961,ethereum_tx,0xc9e155d945ccc5a40c0735656c3573c842c25424f31ed552a02a49461cfbcefd,9481714,0x5433Edc9F6490408a2D01DA6292c18Ead2AaeA6f,0x7976dFd7fB1293F61aD32c4396B89fCB65D07246,0.0,1.000000012,confirmed
2025-10-24T17:56:42.075961,ethereum_tx,0x09053c8f16b3cd9937d1c245771d6abb81b880801de953369eb226df3961d92d,9481714,0xd8C6b66B1eB5B531bde6e23cEe270122b247E568,0x4444bfACa0A3846D85C803aCb3225eB203fa111e,0.0,1.000000012,confirmed
2025-10-24T17:56:42.075961,ethereum_tx,0x197c51e40dda7a97ad03e7e16102e5d7db444288bb6c0b558c550c65f54a2743,9481714,0x9d84f24065e86E7144175d712B30Df7eE94D4a90,0xa33216da8A8A6d6aEA6f0DB67f2a33a976aAA538,0.0,1.000000012,confirmed
2025-10-24T17:56:42.075961,ethereum_tx,0x28c335cf8a7914cc7249fbaffbc9cf23ae0aff9ae02590a7fccd8a855e423479,9481714,0xf07d1008B79EF4140AC2e2c410a3FCf1173e74ac,0x158379286D7083dDA05930CD3C6374954Fb511aA,0.0,0.35755278,confirmed
2025-10-24T17:56:42.075961,ethereum_tx,0x4d370f15a8b17ee2ebba70705ecb6c18314b05db458ca4d8a5e44b13dcb8b089,9481714,0x84c1e9394adF1F13F5883286cb218148EB26932b,0xf993E10C83Fe26DddFc6cb5E82444C44201e8a9C,1e-06,0.020000012,confirmed
2025-10-24T17:56:42.075961,ethereum_tx,0xe48763afa0418e2c9eca4f960b166494dea20884a654ab39c62806e7f5c21b86,9481714,0x612d7E036CFc49A3d40A5Ffa6E2b62a0257D25C2,0xf993E10C83Fe26DddFc6cb5E82444C44201e8a9C,1e-06,0.020000012,confirmed
2025-10-24T17:56:42.075961,ethereum_tx,0x224aab373970233b02c1c34120f63222d5afa897b864ff75dec94cc17198933f,9481714,0xD6753c0b292f4D0d9cdEAB87D2e2143f09fE7DF9,0xf993E10C83Fe26DddFc6cb5E82444C44201e8a9C,1e-06,0.020000012,confirmed
2025-10-24T17:56:42.075961,ethereum_tx,0x42657fc121a7c14cc75ee1c0793563c50b8efc660a8f8d51d3de3a8efdc69e51,9481714,0xBd9339D2F648C0165b39934880043a4734bfBd2f,0xf993E10C83Fe26DddFc6cb5E82444C44201e8a9C,1e-06,0.020000012,confirmed
2025-10-24T17:56:42.075961,ethereum_tx,0x2e82a5746fd658094507253774bb4c289bee6c75d8da1d33c757b10fd74287c4,9481714,0xBCaC76ab96E7162CeC96ff9A14357356D548a0B8,0xcA11bde05977b3631167028862bE2a173976CA11,0.0,0.008800012,confirmed
2025-10-24T17:56:42.075961,ethereum_tx,0x6151a61d2dbbd091e5d6b3668b1fcbcf3b15628b4345a44bdf71ed55a4d668af,9481714,0x5EB677dCb0B89c1200bE74F76801A3486d8D0281,0x956962C34687A954e611A83619ABaA37Ce6bC78A,2.108166658818e-06,0.001500018,confirmed
2025-10-24T17:56:42.075961,ethereum_tx,0xe1d7df6f144b831c3d9b7670648263127199765a1b732da9193fc7808d973878,9481714,0xaDC4a8209Cc7F4bDaEFAAcc65B8246F5a082B9cb,0x956962C34687A954e611A83619ABaA37Ce6bC78A,2.2895773893745e-05,0.001500018,confirmed
2025-10-24T17:56:42.075961,ethereum_tx,0xce3ae732e4539d18a8fa58517795cb8fe6085eb6e6447cc123cf9d8b0dac3c9d,9481714,0x90306f2cC5DFACcaFD35F75DD552e19f92a6b168,0xb3926deF2e0989B0700a57034C9A211bfBcF858B,0.0,0.001200014,confirmed
2025-10-24T17:56:42.075961,ethereum_tx,0x6dfc90cf96f7f75ac60ce148c9870cfaf4a66f6dc0104b32234cc95a288bd76f,9481714,0x050EBA46265667EFe3a64Ac709e74B94d7E074E7,0x1872A7Be2973A0B5f6C883d770c882Adcd39d934,0.12499997177567072,0.001200014,confirmed
2025-10-24T17:56:42.075961,ethereum_tx,0x067a56431ef60c37a58188777023642ae0f42fa763aaddd686432379467293f2,9481714,0xd25DB2Ff2263A31b192EE117eB83E7792C01d58f,0x956962C34687A954e611A83619ABaA37Ce6bC78A,0.000218,0.001200014,confirmed
2025-10-24T17:56:42.075961,ethereum_tx,0x31295645e22d8dee950edddc90130f9fd07a3409708125c476fe69553e81672c,9481714,0x04Fd524825e80dC8a8E63c778ADb46CEe91A02e3,0xc6255a594299F1776de376d0509aB5ab875A6E3E,0.0,0.001200014,confirmed
2025-10-24T17:56:42.075961,ethereum_tx,0x627fd705b9a1c414f4455b945fcbf1bb1c3909887cfcfec3f8dd71abbcabef56,9481714,0xE4765a5D7335DAd51b3058d0b8eDeE540D149a21,0x83458E8Bf8206131Fe5c05127007FA164c0948A2,1e-18,0.001200012,confirmed
2025-10-24T17:56:42.075961,ethereum_tx,0x59a06b9da37bc507533d5756dd9825b4899521bafc02b091d5941811a48497d5,9481714,0x3Da763C42E438eB17880fB6A83040d6cf13eF03b,0xFf00000000000000000000000000000000042069,0.0,0.001100012,confirmed
2025-10-24T17:56:42.075961,ethereum_tx,0x83184b8e7f7db94b3acc211d371e499470dd68420136b6750beefde3e571d284,9481714,0x065bb664C4Bf610558297150b4EDF18c8Ba494e8,,8.61e-16,0.001100012,confirmed
2025-10-24T17:56:42.075961,ethereum_tx,0xfcda80a54e2434dc8447eb98b40ff16119622e0a1c665708fb08f50220ffeec3,9481714,0x439c49A42c293d28dB1927B5DD54092a824CF333,0x1c938325E9346272D714F433B1bF72EC627Ac808,0.0,0.001100012,confirmed
2025-10-24T17:56:42.075961,ethereum_tx,0xb6f7cfaaf7752c5863cb224109d5e89058211f83f8a28f8f93fb4d34b0639c91,9481714,0x3Da763C42E438eB17880fB6A83040d6cf13eF03b,0xFf00000000000000000000000000000000042069,0.0,0.001100012,confirmed
2025-10-24T17:56:42.075961,ethereum_tx,0xd9524fb1007396f238da07533a78221933e2369968ff917f18297b50a5dfd775,9481714,0xb3a1956Cff1ecc8054B81b0C83b9847CB71384b8,0xCf8EDB3333Fae73b23f689229F4De6Ac95d1f707,0.0,0.001100012,confirmed
2025-10-24T17:56:42.075961,ethereum_tx,0xec14715966419eada8b19fa6be9e90836b49783227938e7064c76e64c7ad6508,9481714,0xb3a1956Cff1ecc8054B81b0C83b9847CB71384b8,0xCf8EDB3333Fae73b23f689229F4De6Ac95d1f707,0.0,0.001100012,confirmed
2025-10-24T17:56:42.075961,ethereum_tx,0xa4348edb92798aafb0f9fba023ed6308a7712a4392de375a6ade863f89e2776d,9481714,0xDB41c0cbFCEf2F0ff1f02Cc5E25A9C6673b4a958,0xc5445e3F1a7428Fb6C39c3016244799D6Cd47e75,0.0,0.001100012,confirmed
2025-10-24T17:56:42.075961,ethereum_tx,0xf9725a3c09b712de6dadfa7588f9ae562fae40fd7bfe5ae80c7618a3a3e88b3a,9481714,0x7Ed746476A7F6520BABD24eeE1fDbCD0F7FB271f,0x87AeD9A6256166E45f3cA0D7b516a8c115a612c0,0.1,0.001000012,confirmed
2025-10-24T17:56:42.075961,ethereum_tx,0x9527f11407d7118d6a638129e1a9a128c0d6f265f808ef09f1274dac0bbb8b6b,9481714,0xC57593a62D0EcdEe960a3D06A689Adc2b69D30C9,0x0000000000000000000000000000000000000000,1e-05,0.001000012,confirmed
2025-10-24T17:56:42.075961,ethereum_tx,0x5110dfa407bafdb7f0a70209343e2944fac601e0ff6e0c664a216c1415c43d08,9481714,0x2885d814ac723fd206022F07B0976117E6672eAc,0xc6255a594299F1776de376d0509aB5ab875A6E3E,0.0,0.001000012,confirmed
2025-10-24T17:56:42.075961,ethereum_tx,0x8803fcf08ba4cf868b089c4294b017271bb3b6f026ca05ecf5ce13e0fe650b46,9481714,0x9a0dAF21FeF5aa49df88d9123FdBF260b5075430,0x87A3effB84CBE1E4caB6Ab430139eC41d156D55A,0.000795,0.001000012,confirmed
2025-10-24T17:56:42.075961,ethereum_tx,0xfefe304f3f80dcd6027a72666d7ac3069635eae315be616b5368bdb6181f8b0f,9481714,0xBeAf29aAc99763A38eB1FD82440630B9757cfAB3,0x03C66CB1826BDB0395BF31E68Bf7E873e9564fFB,0.0,0.001000012,confirmed
2025-10-24T17:56:42.075961,ethereum_tx,0x6559ceb82191b36036c4ae136a2c9d76afdb00b6734e03ca288ad171317e3d64,9481714,0x72d86ae6Ef263861984Fdee70AF5ee2d65f7c7F8,0x42B35aad89cB87cD589a773785BF5C696042AE53,0.0001,0.001000012,confirmed
2025-10-24T17:56:42.075961,ethereum_tx,0x230c520ef5768643236a477bfcca85db0e72a0d997509657192fb329777c9cf7,9481714,0xcD12Ed9b63603bc9685Cda552c0156d9b297b41F,0x87A3effB84CBE1E4caB6Ab430139eC41d156D55A,0.0,0.001000012,confirmed
2025-10-24T17:56:42.075961,ethereum_tx,0x40acb5cb85031291a0f52cca332d3bf3b227f4303c6c48e01412f0c739260722,9481714,0x7609Ab4fBF557eC0b46c34f69028b76CDb8012fb,0x03C66CB1826BDB0395BF31E68Bf7E873e9564fFB,0.0,0.001000012,confirmed
2025-10-24T17:56:42.075961,ethereum_tx,0x2b9a21a3d647e0523011d4a21beccf89fa059a694b819894f872bea1805c8796,9481714,0x1fFD7C562335D06D5439E40Ca3d5c04a708B63A5,0xEA0A0f1EfB1088F4ff0Def03741Cb2C64F89361E,0.0,0.001000012,confirmed
2025-10-24T17:56:42.075961,ethereum_tx,0x5c08bba32433396a0f9e7696dfac4d32db40dda5d477cfe94a30bf0a597abd6f,9481714,0x82530F65F0eD60197bE329DC634D1eD47049E205,0xDA0e6DE79DC5B64A4249ea0ac89801f8A0dd049C,0.0001,0.001000012,confirmed
2025-10-24T17:56:42.075961,ethereum_tx,0x876165a38566a27fda62bd28dfcd1ba318551c973e8f61fbf253906b313771a5,9481714,0xDE4De8B961feC1a704932eC41fd9E72776F724be,0x03C66CB1826BDB0395BF31E68Bf7E873e9564fFB,0.0,0.001000012,confirmed
2025-10-24T17:56:42.075961,ethereum_tx,0x7fba3f62010a341af5555950f601332ce8e8304a52efc454ec3f6c5b74ab15b7,9481714,0x6e4F977ed2a9846913413DcDbdcEdDECb2029BA7,0x6b064654159A49AfbC9d797FEB79cc8d8f228e36,1.15e-06,0.001000012,confirmed
2025-10-24T17:56:42.075961,ethereum_tx,0xcca733bd93341d8ad75eb8e6fb1eba971cded4a4c30f0e18a542afe46f817316,9481714,0x679FD38a8CF5b8FE13d1c3d0B4D46F5514C962bF,0x08d2b0a37F869FF76BACB5Bab3278E26ab7067B7,1.94e-05,0.001000012,confirmed
2025-10-24T17:56:42.075961,ethereum_tx,0x1ced588c5edbea9224e7e4b9631f781ba27510a3eb157da6cf1091375fb41a30,9481714,0xF4781425165Ad555F3869A71ED0Aa975873B0Df0,0x08d2b0a37F869FF76BACB5Bab3278E26ab7067B7,4e-05,0.001000012,confirmed
2025-10-24T17:56:42.075961,ethereum_tx,0xc23cda9f7aa03cde66032437dc0f8843695069d7dd2d26d636559312607fba70,9481714,0x3e23263e40cCfc6e977B3984E882F0751E5463e8,0x87A3effB84CBE1E4caB6Ab430139eC41d156D55A,0.0,0.001000012,confirmed
2025-10-24T17:56:42.075961,ethereum_tx,0x5606598ab8080250074ba8b6ae8a99fe34dbd739390d5bc1b61c65a3e0077b07,9481714,0x6d50EDC485a5c5C8E57e45994de1C8f8A11A7cee,0x6d50EDC485a5c5C8E57e45994de1C8f8A11A7cee,2e-05,0.001000012,confirmed
2025-10-24T17:56:42.075961,ethereum_tx,0xd940d97a95058ff06dc3f8e1ed44a9664988aacaa0f8153d643e372db2d5e314,9481714,0xe3D778090f41cBa68e16CC872884553c47e157Cd,0x6a76BCe9aeA6F041d4FB7D281B8F244f12BB226d,2.91e-06,0.001000012,confirmed
2025-10-24T17:56:42.075961,ethereum_tx,0xb33e707c28e0d93f926e6a4e7a1af10026029e1730a6dc34ce8788c555c04b57,9481714,0xc6AA7B2aD49d9aB8c22136f70f43261e94023688,0x956962C34687A954e611A83619ABaA37Ce6bC78A,1e-07,0.001,confirmed
2025-10-24T17:56:42.075961,ethereum_tx,0xea47cbbb2f7a65cd99a26b59ee2496a3a673f7848463765df1a7e5e7be9b51bb,9481714,0x7f132C78348c1e5a6b1E271bDf247092aFF9188f,0x956962C34687A954e611A83619ABaA37Ce6bC78A,1e-05,0.001,confirmed
2025-10-24T17:56:42.075961,ethereum_tx,0x17683e59090bd5b3353ad75516b1a473ed6507bef0d5ecd61139373b4ad099de,9481714,0xC1b38C327e5ad86Ef1995Fa79e1477D269eF31A2,0x956962C34687A954e611A83619ABaA37Ce6bC78A,1e-06,0.001,confirmed
2025-10-24T17:56:42.075961,ethereum_tx,0xf3573e1751e3c80e47ecc8344bbef823efbf2aa59702d634e734b1e581f4bb96,9481714,0x8356B1EE8Ab99dE3583F0A01e2d247959B665173,0x956962C34687A954e611A83619ABaA37Ce6bC78A,1e-07,0.001,confirmed
2025-10-24T17:56:42.075961,ethereum_tx,0x400ffb5f3a53d68566291e7f1463da745dac5d35ce5b6612346d596a245570ef,9481714,0x7c81307C2d31E49CcA45Fa465E4cA233171Dd61A,0x956962C34687A954e611A83619ABaA37Ce6bC78A,1e-07,0.001,confirmed
2025-10-24T17:56:42.075961,ethereum_tx,0xcff48e90bd7ac8397a4256557475b48b0cdf4d5ee8f45451735c99836675253d,9481714,0xF8AB8193475Ee88eAA793F9974F913339a07b6c2,0x956962C34687A954e611A83619ABaA37Ce6bC78A,1e-07,0.001,confirmed
2025-10-24T17:56:42.075961,ethereum_tx,0x89ce04a90bf8a77baccbd72f784773643b327ef1d8b0e68bcf47e631cd8feb28,9481714,0x2483145Bb8A65bA4C7aA43A6370A053261e836Fd,0x956962C34687A954e611A83619ABaA37Ce6bC78A,1e-06,0.001,confirmed
2025-10-24T17:56:42.075961,ethereum_tx,0xa684f92fb09506f4db8d1c520ffd09c9a86d170d489fcf95a4993383aba33a00,9481714,0x3E2aEB729b82Edb5ce1Af01c02746625C71C79f5,0x956962C34687A954e611A83619ABaA37Ce6bC78A,1e-07,0.001,confirmed
2025-10-24T17:56:42.075961,ethereum_tx,0x59c19ecce3cd25362ce50a87c9044c603fadd6c7c75de49f38489b11945acc35,9481714,0x4771Fc9d3BcE5BaF9146A1354f41843d3D3C7121,0x956962C34687A954e611A83619ABaA37Ce6bC78A,1e-06,0.001,confirmed
2025-10-24T17:56:42.075961,ethereum_tx,0x95ea6b32080e99813f0cf9df449936e17400695b398912f726bfc3ddadc59ae5,9481714,0x4762AF5868dCb9c59B3F8cA8d701C603c1E6BA3F,0x956962C34687A954e611A83619ABaA37Ce6bC78A,1e-07,0.001,confirmed
2025-10-24T17:56:42.075961,ethereum_tx,0x13a3df340868598e959c607cbe66373c9fcc679dd5c6ed5bae3c2ae7fdbfa85a,9481714,0xf73eaE94c3D61212c84e3CC0EC9dF181828Fc1A5,0x956962C34687A954e611A83619ABaA37Ce6bC78A,1e-06,0.001,confirmed
2025-10-24T17:56:42.075961,ethereum_tx,0xa9c3f8cf2e76b83ae54377c301291280727a93167436a2375e83b74073e25812,9481714,0x13e6009357AF52E7D564b5914aa97719C8304A28,0x956962C34687A954e611A83619ABaA37Ce6bC78A,1e-05,0.001,confirmed
2025-10-24T17:56:42.075961,ethereum_tx,0x9ab650807fbe0c4389ecf418592cffba42c3709b93f4b115b97e9a85735e5c6b,9481714,0xB5A6Dde2B290D9C0559fBb14a0118BAF5CDC75c3,0x956962C34687A954e611A83619ABaA37Ce6bC78A,3e-06,0.001,confirmed
2025-10-24T17:56:42.075961,ethereum_tx,0x9f8a32979002b4600120a47e648e84dd363ee98146f8d8aa6b98ecb29972c571,9481715,0x0eC71544c1D9D0E3749E00C06bb4E84fb2d2eA62,0xcA11bde05977b3631167028862bE2a173976CA11,0.0,3.000000012,confirmed
2025-10-24T17:56:42.075961,ethereum_tx,0xf8560f418d9e8aa3635caa5b7d50c1905d29056ddd4fb8a55811b6218411422d,9481715,0x5408806e3ED05423A6C112194b08d21d858193cD,0xfF00000000000000000000000000000033611633,0.0,2.000000012,confirmed
2025-10-24T17:56:42.075961,ethereum_tx,0xb6e1cd5f39e8b11f56281e841f0ae447d22f6804a978bb61b5ae314fccf40eee,9481715,0xb11d9C4C19f8D166E6682e61312b7908667da870,0x91DACC369076e3FE987585D8AE602Aa09A3c4B56,3.7e-11,10.030943068,confirmed
2025-10-24T17:56:42.075961,ethereum_tx,0x52b816f39d542c05875dd3c3c6cc2ce093f009330d547c14f75ec766ca293a4a,9481715,0x98DA5D3b0Cc6368cba6dD7D86924C22C5a7FcB08,0x9394F3510C4AF2990D86dE164285c87e8Cc3a981,0.0,3.000000012,confirmed
2025-10-24T17:56:42.075961,ethereum_tx,0xa1a17fa68518d370da767db2d27a1ecd9dea16f9ef0b8a03a68cfcbbb4553502,9481715,0xB3A4e46b180887e27ea1881CF7A413775210440E,0x2BC718C1E90E8eF61457EE8eF3A3CB1E5056F63E,0.0,2.500000012,confirmed
2025-10-24T17:56:42.075961,ethereum_tx,0x2d5a88b7b604b754f385abb79ff49d65f5b4618023991eecd18722bc7ce92e05,9481715,0x5a7439cD04f06Fc586B8Fea048bE4380550eb685,0xffD8e69183221c2363b0ae9166742f220fBFF844,0.0,1.500000012,confirmed
2025-10-24T17:56:42.075961,ethereum_tx,0xde3e408b6a9cd98f096529c8b14be19b346366ce5edcf26eb96d444f38302c5c,9481715,0xf3663B762f74994C12ab04E2F508285e1669ef6B,0x87A3effB84CBE1E4caB6Ab430139eC41d156D55A,0.032193823808319456,1.500000012,confirmed
2025-10-24T17:56:42.075961,ethereum_tx,0x04d917c32fb6a87d7cb9609d3760ce6ae6638cfeddbdc165b16691758eed33d9,9481715,0x46771FD464d3f1e455150c71A79881ef080D8E5e,0xc6255a594299F1776de376d0509aB5ab875A6E3E,0.0,1.500000012,confirmed
2025-10-24T17:56:42.075961,ethereum_tx,0xeaf298febfe1cc831d2c00bbe22784d81545b6e8a7e6fb8bc341944bfc6025f6,9481715,0x2DD1FAcb6C876C6F04e5aE54B6f2C242CaCB4cC9,0xc6255a594299F1776de376d0509aB5ab875A6E3E,0.0,1.5,confirmed
2025-10-24T17:56:42.075961,ethereum_tx,0xe44ab48408b0efc4787723272d5bc9ca390e03a71346310196f15e64c690c7ad,9481715,0x19A8a65e6c6E12AE5fD83E11a46E384a02E4271D,0x2A4496bbC344414e3bDbE6a8E7c40EF007DAeEd1,0.0,1.5,confirmed
2025-10-24T17:56:42.075961,ethereum_tx,0x5fca0f124991b51262cb71770eb82e4a56c7f814d0f50a8d38bfb26b38259b48,9481715,0xF4d0dE1B19283a25D01152919f561bEfB30435dE,0xc6255a594299F1776de376d0509aB5ab875A6E3E,0.0,1.5,confirmed
2025-10-24T17:56:42.075961,ethereum_tx,0xdfeb63c2cb887e6b751ba3fb3980b4aa43954148dc686e2fb5c3827ee2df557b,9481715,0x929d51c252661D9cD3377DC93878F27185167Db6,0xc6255a594299F1776de376d0509aB5ab875A6E3E,0.0,1.5,confirmed
2025-10-24T17:56:42.075961,ethereum_tx,0x00de01b556e1f86d7576f456df58abd3964be1ae4e53b84f18ddf88dd3e8b462,9481715,0x977193653A657e558D4e8837D54DcB2597E2c36e,0x2A4496bbC344414e3bDbE6a8E7c40EF007DAeEd1,0.0,1.5,confirmed
2025-10-24T17:56:42.075961,ethereum_tx,0x38c47d38626db2bd67874f96f82d386c519d6222da460adb2223e63b40bdbc21,9481715,0x53e435B8b0a25225D6557e353b0a32e0FeF185B0,0x2A4496bbC344414e3bDbE6a8E7c40EF007DAeEd1,0.0,1.5,confirmed
2025-10-24T17:56:42.075961,ethereum_tx,0xaa419a7c4e27b09d2e1745c3b9304212ee2e0ba9cd9dabedccf5f150fc3b0389,9481715,0xB0f1939e10E5c1ff024C5f612C03A6D65EEb827c,0xc6255a594299F1776de376d0509aB5ab875A6E3E,0.0,1.5,confirmed
2025-10-24T17:56:42.075961,ethereum_tx,0x5b8c8333d46375600b3b81b9d5c127c27c7dc18ac93aa75efcff11e08776a196,9481715,0xD8615FF65005221fB64B363DDFac0eaD65A13F8A,0x2A4496bbC344414e3bDbE6a8E7c40EF007DAeEd1,0.0,1.5,confirmed
2025-10-24T17:56:42.075961,ethereum_tx,0x7b82ae7d9fd197d82dcf14ee28ca458f5c32bb8093372f50af5efdb42e5e8ab8,9481715,0x3f1Fb60C13A5b4Dcb7E20dc9B969069C389641cb,0x2A4496bbC344414e3bDbE6a8E7c40EF007DAeEd1,0.0,1.5,confirmed
2025-10-24T17:56:42.075961,ethereum_tx,0x39ddc6b4746d97da96fb3e3a78ea1639e8f7e4c195dd8952586197026ab483f9,9481715,0x5BAC2361073aAC279fDD97531705bb97a19Aa54E,0xc6255a594299F1776de376d0509aB5ab875A6E3E,0.0,1.5,confirmed
2025-10-24T17:56:42.075961,ethereum_tx,0x61e55f21ad66b78bf92cd71b137d294fd32f50ef598015550d60630a335af8df,9481715,0xd1E2F21985265C91Ef95A7f30A523671dA256eE6,0xc6255a594299F1776de376d0509aB5ab875A6E3E,0.0,1.5,confirmed
2025-10-24T17:56:42.075961,ethereum_tx,0xd6baaa4707b3f6f206a190b6d5946af73d01239b6b6296eca916f0aea3779a0d,9481715,0x9559447e4e0A4013aD325BE945395E247eEf4385,0xc6255a594299F1776de376d0509aB5ab875A6E3E,0.0,1.5,confirmed
2025-10-24T17:56:42.075961,ethereum_tx,0x255858a58009518021675cc48371d1784851494966ea78744c9b60e1f026945f,9481715,0xda2F2F5d7FC91628fbdB642AD6A2B6Da3D97A441,0x2A4496bbC344414e3bDbE6a8E7c40EF007DAeEd1,0.0,1.5,confirmed
2025-10-24T17:56:42.075961,ethereum_tx,0x39ce1883516322bf273ed77b72dcf3fc4730a2ab4bcdeaff3db01586be08045a,9481715,0xE061F3DC672e97dDf34C1647dC0B6F25F89C392B,0xc6255a594299F1776de376d0509aB5ab875A6E3E,0.0,1.5,confirmed
2025-10-24T17:56:42.075961,ethereum_tx,0xdfa5a4e71e6b4e90bfccd7fe32516b841dfb17493cbb9f0cae0dada16e4d27b5,9481715,0xb3C8127e6E66c886ac556df7b91fac68D8641358,0xc6255a594299F1776de376d0509aB5ab875A6E3E,0.0,1.5,confirmed
2025-10-24T17:56:42.075961,ethereum_tx,0x31e4da4d739d7962bdb9e964ff48e9043d20e57506fbb9a2611c061fc20df632,9481715,0xa02Ed275979e51d387f3694424021da4d784442F,0x57c5dC670eB6f571bDD8Fc1CF178c46c9A917A74,0.0,1.5,confirmed
2025-10-24T17:56:42.075961,ethereum_tx,0x3d9bed19996f60b2d400f74ddae133066338975e5e4e8589dba1b33bfe4d85c7,9481715,0xAC346feDd3214ff200CB8DE8f8cb0BB5b3928224,0xc6255a594299F1776de376d0509aB5ab875A6E3E,0.0,1.5,confirmed
2025-10-24T17:56:42.075961,ethereum_tx,0x3a94899ae64983dd49382674fd525b6c2dd38ccdbb561d26616cdbcc61908580,9481715,0x6adbFB2d5D377612c5D3Fd9373934FbdcEaC160F,0xAc7B6047b057155347e74bA37DfbbC3bCbDEDAcA,1.1e-05,1.5,confirmed
2025-10-24T17:56:42.075961,ethereum_tx,0x2956ba4c3ec1b3f628c5a8a44596b8cfa6cb4beae5aa2692e760c7e240e15b3f,9481715,0x2885d814ac723fd206022F07B0976117E6672eAc,0xc6255a594299F1776de376d0509aB5ab875A6E3E,0.0,1.5,confirmed
2025-10-24T17:56:42.075961,ethereum_tx,0x6db02796c68b7b93b971783bc507e34e34d02b43d4d82e7d98129674c62a2d45,9481715,0xAD1fe5D86ecb9903Ac72aa87CcFB9EcF3B0aDE78,0x57c5dC670eB6f571bDD8Fc1CF178c46c9A917A74,0.0,1.5,confirmed
2025-10-24T17:56:42.075961,ethereum_tx,0x05187f037693acb91d274f7ebb6df0b281c177a076f3ff558a33c77952f52a05,9481715,0x155f043Fb533cAeB7E63CA878350c3a0962A2BFA,0x7Ce85ea5c1469dD5e33dC75398423290F3c85869,0.0,1.000000012,confirmed
2025-10-24T17:56:42.075961,ethereum_tx,0x9431fc43f944b978b1f12ba81099eb23335220383316f6fbc1f714c59cfea68f,9481715,0x8af645D7C3cBe1800231db7EE8D9B42C06B7F6a5,0x2797A59Bc4dfEFE2cA903E855e895Efc8E46B51a,0.0,1.000000012,confirmed
2025-10-24T17:56:42.075961,ethereum_tx,0x854e97a4f1d89ea8d1e5afd7914a80e9fcc8a52bbfb190d8f147e7837ae6e962,9481715,0xaC07470Df2E9a22061a64C467d56fD11658e8619,0x3F9659ce01aE8285Bc30efe232cE5166f80e1789,0.0,1.000000012,confirmed
2025-10-24T17:56:42.075961,ethereum_tx,0xea0cdbdee51ab1e86f2a4b1f3f511d91f2c25380c0a0e6930bb888fc1c495677,9481715,0x45A9E762151139bA4059404989DcFAb068D69823,0xFf00000000000000000000000000260011155008,0.0,1.000000012,confirmed
2025-10-24T17:56:42.075961,ethereum_tx,0xd60580cfe54c5cd86433b2f184bf6280918adeaa8643cc879f4347f40dd26f65,9481715,0x81D8061076ba0A19c110b5BFf2b9Dd03F8446aa1,0x9d2D950Ff3EE1B75875b8C0FA318644f437924C8,0.0,1.000000012,confirmed
2025-10-24T17:56:42.075961,ethereum_tx,0xd225e5667af50424ba275cfc94186632315c9fdd267bc347306adb878eda02dc,9481715,0xd62316C1F20B40FD1263E6Cd5bD71C3C19f282AD,0xff94B3795ACCE6d3691Fb4538646A91561E95e7D,0.0,1.000000012,confirmed
2025-10-24T17:56:42.075961,ethereum_tx,0xae588bca83350680463c635ad70a7018fa38af5d6a054868f0a91aa0aba9ed64,9481715,0xC06c40AD6B4538cBdDCEEBaC89FB2b5b085458dB,0x0045E29aa425DeC2683F6bB48b444dEa4159584E,0.0,1.000000012,confirmed
2025-10-24T17:56:42.075961,ethereum_tx,0x686a2c62193bdc6fd3746f1e795a9c46d15e989ac0942aff95c82da856a21667,9481715,0xa029e2E511d10CC73b681a7BA0A0cb443AE956Ed,0x5F9364fd5F86091f0c654910c9Db71D3E2c889c3,0.0,1.000000012,confirmed
2025-10-24T17:56:42.075961,ethereum_tx,0x4bcb97bdfe8cccad1b20dae74f141c9d37fd114b6468d6851c7e1c5a52d2f7c6,9481715,0xA7491647b383e087616079c6C2A65D8966C066dF,0x00cCafF4914230F00Ec83Ae7553E3C97e884cCFC,0.0,1.000000012,confirmed
2025-10-24T17:56:42.075961,ethereum_tx,0x99ffe3f82caeeb7a2fd2a07280b03007c3159746e24dcd2197e47c733267fe19,9481715,0xfd53470828BE7b9b3E39670323C0Bc1F1a3B7B7d,0xade2208f895c258133da617d414d61446364C7Fc,0.0,1.000000012,confirmed
2025-10-24T17:56:42.075961,ethereum_tx,0x8faf511661fcae073655c81b631e390349d63c80a4b3a76988e57a728dd162d7,9481715,0xC79bd3d98A61E4f27DFb588Da795bF696378B38f,0x7b79995e5f793A07Bc00c21412e50Ecae098E7f9,1e-07,1.0,confirmed
2025-10-24T17:56:42.075961,ethereum_tx,0xa971b49aee94d099fcd23fc4a230d21ccb07e9eece61543f6cfa650fa30e3361,9481715,0x0C7A6Eb42aD5508d449eD84d8546C3BDC2056A27,0xF40E9240464482db4B0e95bEAcb14C3dE04C5715,0.0,1.0,confirmed
2025-10-24T17:56:42.075961,ethereum_tx,0xdbe7df5e3733365d96d6d62b31593de9e15f26ce3bd6a0c7384f006c8e93e60b,9481715,0x2594d4892804cc9DE7a9b6f2528dc20a855c8664,0x9f54e6A87429E7bB2fe7B9f0ACCA3A31560FF198,0.0,0.100000012,confirmed
2025-10-24T17:56:42.075961,ethereum_tx,0xcfc70712db32fcd97ce6022ef428d78d3e995d182826fffcae84d58037cf40ee,9481715,0x2567fF4BE9f21B1239c93aa3507DD2AC3d54B4f1,0xd9de332c023Dc4372fAE306C3779e0659f0f8F6B,0.0,0.0500006,confirmed
2025-10-24T17:56:42.075961,ethereum_tx,0x03612374f01aee12c3a900cf658db6d71a84123b28484666cf2ca24854f449b2,9481715,0x5844B19EC8b63810d51049FC0874AbeC4B5769Dd,0xf993E10C83Fe26DddFc6cb5E82444C44201e8a9C,1e-06,0.020000012,confirmed
2025-10-24T17:56:42.075961,ethereum_tx,0xc34e3c264e244b44d83c7fa222d330129ff17d9aab6d70002231ebca5c05f1f5,9481715,0x0e00b62607C139b867e4777598495C0C74213975,0xf993E10C83Fe26DddFc6cb5E82444C44201e8a9C,1e-06,0.020000012,confirmed
2025-10-24T17:56:42.075961,ethereum_tx,0x3f532b222a6d5f5292d7ad823ee6fc0d911daecbd330012e6c773bf5933071a9,9481715,0xA6Fc9560c67d64285231D5CcEe91077A90F670f2,0xf993E10C83Fe26DddFc6cb5E82444C44201e8a9C,1e-06,0.020000012,confirmed
2025-10-24T17:56:42.075961,ethereum_tx,0x8ec549d212e5c812a1250516ec82b63b7ca34c8de558b3c48e530aa685dbea4a,9481715,0x205bFAc55514b95AA8273A33FEC77dA2e1c12fcE,0xf993E10C83Fe26DddFc6cb5E82444C44201e8a9C,1e-06,0.020000012,confirmed
2025-10-24T17:56:42.075961,ethereum_tx,0x22e4a8b2cb6078350e577a8d99aa71744c4e022d3a86087e90e5954cdf1b6851,9481715,0x53cd0054f240BF1726A7d9561299400e6F570510,0xb625417CB1Dd9e503f31B19639BeDa9d8347d966,0.0,0.020000012,confirmed
2025-10-24T17:56:42.075961,ethereum_tx,0x7c9cb8f33bd435bdd5b1224fa3570bcf7e574c42674931322660cab8dea5cf3f,9481715,0x45D462AfdcF2c9C197aDFD74AD26Ccac989814e3,0xDeC46644624972bb67B0A155335fCb35918A476C,0.0,0.010000012,confirmed
2025-10-24T17:56:42.075961,ethereum_tx,0x65c8c4289cda10028fdcb2c3603ecf7ec11baac63ee7f4ba1e37f997a43e253f,9481715,0x4BA56bDa2009816e260921970041d6Eb005D7272,0xC764A997C86dC22B50Eb637626e3f46bfd82534A,0.0,0.001500018,confirmed
2025-10-24T17:56:42.075961,ethereum_tx,0x54e1765a85cfbbbee122f8f1c7607da78c1e88b7e9ce5175f661a90a297c8213,9481715,0x6d7927C0D236388319864007681BC0C6b844Def8,0x12e1181a741b70BE6A9D81f85af3E92B6ba41897,0.0,0.001300015,confirmed
2025-10-24T17:56:42.075961,ethereum_tx,0xbdef46c7b19f163e89313bfaffc37f175793a78b1c7cec7528ec29bec4e04713,9481715,0xd6F7B4fEbE08454BFE5aF0bE5fD40A2F8Ee80b6c,0x3a5acf46ba6890B8536420F4900AC9BC45Df4764,0.0,0.001250012,confirmed
2025-10-24T17:56:42.075961,ethereum_tx,0xf44e203802bd48c93ca62ec3c1d4b09d6e22fc0527199ba5423c308bc8e881c9,9481715,0x803B34733D802F02e84B87A770F8629987339520,0x956962C34687A954e611A83619ABaA37Ce6bC78A,0.001,0.001200014,confirmed
2025-10-24T17:56:42.075961,ethereum_tx,0x9f82be666638a6cfecb7d59de4e0d7a4a25c80a0a0dbd1cdc3e5b89157534608,9481715,0x803B34733D802F02e84B87A770F8629987339520,0x956962C34687A954e611A83619ABaA37Ce6bC78A,0.001,0.001200014,confirmed
2025-10-24T17:56:42.075961,ethereum_tx,0xdaff2f4809bc5b6a823fdd646bceb1b91df34e89780a38d7736bf995086172cf,9481715,0x60F23CA1e62192daEf151D7F081EB5f1a36F0fdC,0x6Fe389dF63a2A62E2316EbBB35ae79706Ecf0EEf,0.0,0.001200012,confirmed
2025-10-24T17:56:42.075961,ethereum_tx,0xc8ef2bd5849a404787e66d1373a04724f5199f23bd73bcfc792b6af3c85d73d2,9481715,0x1741EB7468A490b4A9BA6f4CC7A47B82EcD65c4c,0xd0dbB2486e3Fbf371D1B2e35Fa330bef6529d2f4,0.0,0.001200012,confirmed
2025-10-24T17:56:42.075961,ethereum_tx,0x784957aebf81d81445955bb2adce15baaf385386c41e48d66cbed49495581d26,9481715,0x7cE347ce7dbf3FC95e1abaa6E9994f4217b03764,0xA73aFb610aC79A729A393D679029fCf9618854AD,0.0,0.001150011,confirmed
2025-10-24T17:56:42.075961,ethereum_tx,0x7736d2d77c6ece5394a3a5512a5b061d2d02a7ad5a9e18ce1a54d0b3e0075367,9481715,0x207D430716d4F12e7e6d9acB39BbC73fD4cB4E1C,0xA73aFb610aC79A729A393D679029fCf9618854AD,0.0,0.001150011,confirmed
2025-10-24T17:56:42.075961,ethereum_tx,0x2f40b0a27d8961eb6db112b7816a6ea67b3f56b69552bdd46fc5c8f88030c339,9481715,0x15095Ec8FB1Fc9C664b3223459dFF43158ACe7aD,0x7B79d864558A88c7947d188a3dF04215786b0Eb9,0.05,0.001100012,confirmed
2025-10-24T17:56:42.075961,ethereum_tx,0x10a3e0b574b00daabad0f7bc0ef7cbf62f0d095aef52371b49ed01078672fdb3,9481715,0x065bb664C4Bf610558297150b4EDF18c8Ba494e8,,8.61e-16,0.001100012,confirmed
2025-10-24T17:56:42.075961,ethereum_tx,0x5393b63cba2cc79cb1e63de7bf9d5441fa4cd3667353af73c00acc9e0d0c412e,9481715,0xcBa32D8a1824983dFdccaf711Db60C669B4Fc79E,0x15B0E3766B144fbB190AeA6F01d8676af20C5aef,0.0,0.001100012,confirmed
2025-10-24T17:56:42.075961,ethereum_tx,0x9c5210e5deb388ec46b4f0b141c28de43393e1d7c457583790b9afadf172311f,9481715,0x3Da763C42E438eB17880fB6A83040d6cf13eF03b,0xFf00000000000000000000000000000000042069,0.0,0.001100012,confirmed
2025-10-24T17:56:42.075961,ethereum_tx,0x3c20f3bbf63e0e8790b3accc0af688906159c98b38e542656ecd82ecf7722e37,9481715,0xb3a1956Cff1ecc8054B81b0C83b9847CB71384b8,0xCf8EDB3333Fae73b23f689229F4De6Ac95d1f707,0.0,0.001100012,confirmed
2025-10-24T17:56:42.075961,ethereum_tx,0x3363e87866e55b4b6853b67f486998c6a1d489eb468e8d71b7b26c9074554d7e,9481715,0x61d8838f9A00250C9AF13D622DA7c08c372ee587,0xCf8EDB3333Fae73b23f689229F4De6Ac95d1f707,0.0,0.001100012,confirmed
2025-10-24T17:56:42.075961,ethereum_tx,0x57607064a568533bd7254564da5118e8921ddf5e936b7f70f2ae7ae5ee830bbb,9481715,0xDB41c0cbFCEf2F0ff1f02Cc5E25A9C6673b4a958,0xc5445e3F1a7428Fb6C39c3016244799D6Cd47e75,0.0,0.001100012,confirmed
2025-10-24T17:56:42.075961,ethereum_tx,0xa3697f833631eec441beb2cf3baac71a53273e8094cb5ed2dd5dba3d6373c1a0,9481715,0xcf31cA880c6F9d490b3F26861B3915Bc4150fF17,0x7215691F60C4fA7Bb82c5Ac44c7d57dc32bB0493,0.0,0.001052644,confirmed
2025-10-24T17:56:42.075961,ethereum_tx,0xf93144f759dfaf3b2b49511e674173bac3272b747045ef0421cb7dde44b9372a,9481715,0x96161C5bf5840953694eefB5C5CecB454c74D670,0x7215691F60C4fA7Bb82c5Ac44c7d57dc32bB0493,0.0,0.001052644,confirmed
2025-10-24T17:56:42.075961,ethereum_tx,0x45bf6d44b91e99281500d58f45192b0f85782ab857fcfc6a53cbb98ccc073b10,9481715,0x3C8447800519991636Da6e7f58AC6c9d1331a74d,0x3eDF60dd017aCe33A0220F78741b5581C385A1BA,0.0,0.001052644,confirmed
2025-10-24T17:56:42.075961,ethereum_tx,0xbb86090244e107c8355527dc3144d0e5697b6c3f5c85a968c46824fbbbb0df83,9481715,0xC57593a62D0EcdEe960a3D06A689Adc2b69D30C9,0x0000000000000000000000000000000000000000,1e-05,0.001000012,confirmed
2025-10-24T17:56:42.075961,ethereum_tx,0x24ea8fa79991c6b621213b0b5bb4097f6158d9694286deb7f00ac61c18cbc935,9481715,0x6bE643AC3FAB8082d3687756F0E11Edc425aCA25,0x0000000000000000000000000000000000000000,2.12e-05,0.001000012,confirmed
2025-10-24T17:56:42.075961,ethereum_tx,0xe49a50a72e39fcc00102d51b233295f0fd53147f60fb0ac243a18b5d5b592e8a,9481715,0xbc44f611180A1CF389C56AB344Dc5250bC3f4Ca0,0x03C66CB1826BDB0395BF31E68Bf7E873e9564fFB,0.0,0.001000012,confirmed
2025-10-24T17:56:42.075961,ethereum_tx,0x2b8246171559311ae78d27df92a26708870a797499ce244a5aab9a86e8e6022f,9481715,0xCFbC7ebdffEcC15CdF8Ac7535e011b1452fFdc80,0x03C66CB1826BDB0395BF31E68Bf7E873e9564fFB,0.0,0.001000012,confirmed
2025-10-24T17:56:42.075961,ethereum_tx,0xe9fe03405a98e5a0ab3bb3335643f123e323ce4b2240b0e9f0f14f621a2dd466,9481715,0x436eDa28C856018fab5F97f013dCCFe96700c503,0x03C66CB1826BDB0395BF31E68Bf7E873e9564fFB,0.0,0.001000012,confirmed
2025-10-24T17:56:42.075961,ethereum_tx,0xfc3ec378d7c1c0a10fa406c5929ca7f8b7fa481bf97e96a9fcf8dc1be12b8087,9481715,0xE1F7651F26f7b6c4cF0B7559cD156c77661B7D44,0x03C66CB1826BDB0395BF31E68Bf7E873e9564fFB,0.0,0.001000012,confirmed
2025-10-24T17:56:42.075961,ethereum_tx,0xe0594d92bc0ef032e253509588c991b7b4eed71d019b5531f1b64fa854c1a658,9481715,0xA75a0Ef3051F8446713615A783c2C0B07e9b5E72,0x03C66CB1826BDB0395BF31E68Bf7E873e9564fFB,0.0,0.001000012,confirmed
2025-10-24T17:56:42.075961,ethereum_tx,0x3d8d01f008ab4b4cdd78c6a5bf56ef45f9234767dcb11eb2b05003dc66fb0221,9481715,0x6e4F977ed2a9846913413DcDbdcEdDECb2029BA7,0x4B602b279c9715ED981C73774A49194E5C4c3968,1.64e-06,0.001000012,confirmed
2025-10-24T17:56:42.075961,ethereum_tx,0x1339006ea44819cb841aeb9bf9cffd2e5e70d7d23e7b40c410657a85ac98e788,9481715,0xeE4096A96345A1d9c0809685E9A8Fe89cE1B24c6,0x03C66CB1826BDB0395BF31E68Bf7E873e9564fFB,0.0,0.001000012,confirmed
2025-10-24T17:56:42.075961,ethereum_tx,0x4a0f161f54be928d6dc2614ffd4df85e9155e314098c2ff57f1254bd8cb77dea,9481715,0x1274165FF8713E744fa9791075E494cD9e5784E9,0xcA11bde05977b3631167028862bE2a173976CA11,0.0,0.001000012,confirmed
2025-10-24T17:56:42.075961,ethereum_tx,0x50be1b402b214f2bbd1c41fa25a7b15e1c781266dae00e128b65229a3da8a55e,9481715,0xA97b4249DABD30e7459806F03D805486e618b102,0x03C66CB1826BDB0395BF31E68Bf7E873e9564fFB,0.0,0.001000012,confirmed
2025-10-24T17:56:42.075961,ethereum_tx,0x98274015ce7309477ae1d9e7e05ddcfac1666068a84554b9946f4e70be601779,9481715,0xfb07d0F89E26D2269A890a63d15c7db46a95a472,0x03C66CB1826BDB0395BF31E68Bf7E873e9564fFB,0.0,0.001000012,confirmed
2025-10-24T17:56:42.075961,ethereum_tx,0xd402d86838ec1cc2297362b6156f8ecccd9e48d5931f9426e66a01f517fbcea7,9481715,0x6ab39B399C15d8d1bBBbB810d09231d46E8CF082,0x03C66CB1826BDB0395BF31E68Bf7E873e9564fFB,0.0,0.001000012,confirmed
2025-10-24T17:56:42.075961,ethereum_tx,0x7ecec62bd100812f4d3c81086d6b0a5e550496c16c4f9c08ce4b4d8c2051cb68,9481715,0x23aA96992b3D541B57A40c402DD3309fCC92B5ce,0x03C66CB1826BDB0395BF31E68Bf7E873e9564fFB,0.0,0.001000012,confirmed
2025-10-24T17:56:42.075961,ethereum_tx,0x2018446e3756e4a2709d8da4a32af33f468a2a7aa88c2fe16b3a9a74f663facf,9481715,0x6dBB00C10BDE382b679279C10FADD7c9b42f3fBF,0x7169D38820dfd117C3FA1f22a697dBA58d90BA06,0.0,0.001000012,confirmed
2025-10-24T17:56:42.075961,ethereum_tx,0x2257cff147ebc16503de43231a71f22b17c2c4b10d035c57bac5fa8f66a1689a,9481715,0x53cEc8F4AF71677Db80B6bD066536570637b4D5A,0x03C66CB1826BDB0395BF31E68Bf7E873e9564fFB,0.0,0.001000012,confirmed
2025-10-24T17:56:42.075961,ethereum_tx,0x12ef48c7410bf0948bc06e6eed3d4e1db9438121c8b55d42501df1eb2678b981,9481715,0x2c06b1d706Fa7fcfa882EB4ce7F2fe27d58E08F4,0x08d2b0a37F869FF76BACB5Bab3278E26ab7067B7,3e-05,0.001000012,confirmed
2025-10-24T17:56:42.075961,ethereum_tx,0x5b1998ec56e9e0a51b17ecb93b1d7b64d4856901d146f30a3fcc52ef2ff4a8dc,9481715,0x05D890e81A0215DF0A751861ec3221E332F83647,0x08d2b0a37F869FF76BACB5Bab3278E26ab7067B7,4.48e-05,0.001000012,confirmed
2025-10-24T17:56:42.075961,ethereum_tx,0x7eca4c1ad3429e6530a34b099cf75d4d99e6644e50002632e8e88540cd065f60,9481715,0x4c5C93E3cbc8cD29F7438cE433027dc1358e7129,0x08d2b0a37F869FF76BACB5Bab3278E26ab7067B7,2.18e-05,0.001000012,confirmed
2025-10-24T17:56:42.075961,ethereum_tx,0x8b00191d5a71c4eb75f730fa53118c840b42f4c5303ef46ff9ec1ea32ae74bef,9481715,0xE87AF25BC489154B9f9C600b4e3d958af85bA995,0x08d2b0a37F869FF76BACB5Bab3278E26ab7067B7,1.92e-05,0.001000012,confirmed
2025-10-24T17:56:42.075961,ethereum_tx,0xe837bf1dba723a6f5dce7f5a200533cc20376ded9419422f35270f3f0c5bb23c,9481715,0xcB499cf9d71FBD345e9BF8A37434e5C92d290Efc,0xb3975b4294ed871013d2B47ADe5da9015Df5C54a,0.0,0.001000012,confirmed
2025-10-24T17:56:42.075961,ethereum_tx,0x5218713da7a621a8f29387253b38b6168342fcc04fda3e091784f118a09f6577,9481715,0xE4072D84A3f761C300eF6d7dFB7E9e87e3296eec,0xFeD59209D941e99DF011F43a3e463Ed6C1DE5688,0.0,0.001000012,confirmed
2025-10-24T17:56:42.075961,ethereum_tx,0x66f877ae57b3bc253bb02bb8f56da4cbf195f764da67bb26ae802bf3cf9cdd09,9481715,0xd756119012CcabBC59910dE0ecEbE406B5b952bE,0xADF5aadbe080819209BF641fDf03748bb495c6f3,0.0,0.001000012,confirmed
2025-10-24T17:56:42.075961,ethereum_tx,0x56eb7f92c23e8801749fe5353aacf49e667aa95141a4ccd7b060742cc52e68ea,9481715,0xe3D778090f41cBa68e16CC872884553c47e157Cd,0x0546Ec59B592a454DCEEBD6255b65c30D5Fb43eb,3e-06,0.001000012,confirmed
2025-10-24T17:56:42.075961,ethereum_tx,0xce3450c12bf59f695c7692c24164234a284df2eb660199c763d6ac5c420e9719,9481715,0x71A6D6a1ca08FFC667F85050f72d9aAE327Aa29A,0x71A6D6a1ca08FFC667F85050f72d9aAE327Aa29A,8.5e-05,0.001000012,confirmed
2025-10-24T17:56:42.075961,ethereum_tx,0x29a674e7b5ed44666a0a353c3621cc104aa69895b75429a95f2136a53d2a4a0a,9481715,0xD4b28dB22FC35A43Fa62Cc7C6C8D451Eb63b580E,0x792abbcC99c01dbDec49c9fa9A828a186Da45C33,0.0,0.001000012,confirmed
2025-10-24T17:56:42.075961,ethereum_tx,0x8c2a1729270785fdd03d6397d25903c63609f61ab99bb30299940aee5e0f8431,9481715,0xbA288D5841f1d2702A096679C01838cB945CBc6B,0x956962C34687A954e611A83619ABaA37Ce6bC78A,0.0002,0.001,confirmed
2025-10-24T17:56:42.075961,ethereum_tx,0x516049942cbed9a7a3881d561f4999df079fb86ef2817d40685f946a12bb78fe,9481715,0x3147f2B54f644d58360c70FCA54826d0dd36f0aD,0x956962C34687A954e611A83619ABaA37Ce6bC78A,0.0001,0.001,confirmed
2025-10-24T17:56:42.075961,ethereum_tx,0xe06c9cb69caa14f631d22d6721304100f52faddd64c2f72f4c1b69088c2176e5,9481715,0x27897De37D7F8FE1bB5005Be80C22E01B1e9f09c,0x956962C34687A954e611A83619ABaA37Ce6bC78A,1e-06,0.001,confirmed
2025-10-24T17:56:42.075961,ethereum_tx,0x18a3406bb6d1ca89071059df1b2826cd9cb3de4e2cdb8c0d78106e12c5955187,9481715,0xe03F5Eea59b3e719653d522811A49E089FA0DE8e,0x956962C34687A954e611A83619ABaA37Ce6bC78A,0.001,0.001,confirmed
2025-10-24T17:56:42.075961,ethereum_tx,0x9208bf838a8679905ccbf32cca0c3567b7492384e89ad6f1a86cff2cf4a1f261,9481715,0x9C8FaA60ac71ad698FA1E9ba77C7F409eF4834cf,0x956962C34687A954e611A83619ABaA37Ce6bC78A,0.000132,0.001,confirmed
2025-10-24T17:56:42.075961,ethereum_tx,0x60f11afcf09389214da35b7a2953e5e89bd005b77f6e38905b8fdfffb7a45d45,9481715,0x1173dDf41d180D670F5B6Ac3fe00054F7D69bD0b,0x956962C34687A954e611A83619ABaA37Ce6bC78A,1e-06,0.001,confirmed
2025-10-24T17:56:42.075961,ethereum_tx,0x2ae26d3ca14a16bb5629551816f40d06a8b83df4b0d75c8538038f3b2771efe2,9481715,0xE1Be830A56cf5979333feD8b6be88e1e2E45178A,0x956962C34687A954e611A83619ABaA37Ce6bC78A,1e-06,0.001,confirmed
2025-10-24T17:56:42.075961,ethereum_tx,0x106b1d2c6bda62b7cc003ff3e885ddb1f69a2b224ece57402412f07f7baf2909,9481715,0xFaC00ef28d9f11633F6dBEC6d9258c38DD7E4Ed1,0x956962C34687A954e611A83619ABaA37Ce6bC78A,1e-07,0.001,confirmed
2025-10-24T17:56:42.075961,ethereum_tx,0x6891bd7285b1cae30ddfed4a8781db34e312ee006a585f0f99f95c5bd95a6b99,9481715,0x2483145Bb8A65bA4C7aA43A6370A053261e836Fd,0x956962C34687A954e611A83619ABaA37Ce6bC78A,1e-06,0.001,confirmed
2025-10-24T17:56:42.075961,ethereum_tx,0xe223fc81e0fdf3a6061d4dd7d4ffd0debce435a0f6cb45f9be7f7314bf5a2657,9481715,0xF7067502F610fBcFA7158416af7550c0Bb24C020,0x956962C34687A954e611A83619ABaA37Ce6bC78A,1e-07,0.001,confirmed
2025-10-24T17:56:42.075961,ethereum_tx,0x5b966f2d0065cc81d33da81b460836a3ca1284c5076e91a78b1515c4882f3567,9481715,0x7E71608178d18B56C7E478867D6777b90f46C71A,0x956962C34687A954e611A83619ABaA37Ce6bC78A,0.0001,0.001,confirmed
2025-10-24T17:56:42.075961,ethereum_tx,0x884b542764f30b4bb01cd62c821d5be1d4b3b4905a83dcab44af1ed5126b490f,9481715,0x65163C4765c42a07aff72A1235C1F87F7660Aa0E,0x956962C34687A954e611A83619ABaA37Ce6bC78A,1e-07,0.001,confirmed
2025-10-24T17:56:42.075961,ethereum_tx,0xc089a67ed0fcb9b9c1e9ed78b84e887f256694e08f5ce05ca47f174fb2d98ed6,9481715,0x94B794E59838De302CCf043d1c7C5E14fc6473A1,0x956962C34687A954e611A83619ABaA37Ce6bC78A,1e-07,0.001,confirmed
2025-10-24T17:56:42.075961,ethereum_tx,0x14143d5e5b43b38b50bc1959120eae9eeaf4df50610272769c7af72abb41ef7a,9481715,0xDA4bc6D9f9E8676502538C7476901CB4c891bc04,0x956962C34687A954e611A83619ABaA37Ce6bC78A,1e-07,0.001,confirmed
2025-10-24T17:56:42.075961,ethereum_tx,0x6663b539b62b1134d08a26a398580dee1662283d6e84d71c57054d92f2efc89f,9481715,0x664DA9c1047e851B81b03700E197149b328b06CF,0x956962C34687A954e611A83619ABaA37Ce6bC78A,3e-06,0.001,confirmed
2025-10-24T17:56:42.075961,ethereum_tx,0x25cfc32afe90b0bbbc07a14d228ce990ac9c53b9433378da2c5c23014c4a188d,9481715,0x7c81307C2d31E49CcA45Fa465E4cA233171Dd61A,0x956962C34687A954e611A83619ABaA37Ce6bC78A,1e-07,0.001,confirmed
2025-10-24T17:56:42.075961,ethereum_tx,0xaff72fcbcb302345a986e7bd6a6a9eb7ba77354828cc17e868107452f1e2be4c,9481715,0xC1b38C327e5ad86Ef1995Fa79e1477D269eF31A2,0x956962C34687A954e611A83619ABaA37Ce6bC78A,1e-06,0.001,confirmed
2025-10-24T17:56:42.075961,ethereum_tx,0x232a872cdd8d3e7a8002aab438a932b5c0124a95eb9c7dd5f8b5a990ea4d1540,9481715,0x13e6009357AF52E7D564b5914aa97719C8304A28,0x956962C34687A954e611A83619ABaA37Ce6bC78A,1e-05,0.001,confirmed
2025-10-24T17:56:42.075961,ethereum_tx,0x55c5d02fd5f7447767d37b3a2105cfee82adcb43a3e8f413799057c61c6a5dbb,9481715,0x5AaDFd3688f2b04093E77bBd0f7F6a3671267B23,0x956962C34687A954e611A83619ABaA37Ce6bC78A,1e-06,0.001,confirmed
2025-10-24T17:56:42.075961,ethereum_tx,0xae0ea5f0c7ed8fbe6eb256a2a07de15a209fdd94ffd74ba7bb9c8afd4bbbee17,9481716,0x7A43fD33e42054C965eE7175dd4590D2BDba79cB,0xfF00000000000000000000000000000011763072,0.0,32.000000012,confirmed
2025-10-24T17:56:42.075961,ethereum_tx,0x1ab6f9990d249b531e6fcd871f39302682d609ad0c185e0b52d1effe2389cc58,9481716,0x3C95c2633296B264d051498C4b2e982EbB526A53,0x3C95c2633296B264d051498C4b2e982EbB526A53,0.0,4.1,confirmed
2025-10-24T17:56:42.075961,ethereum_tx,0x2831c5aabccca0c11962b22ec4e9e978990c655713d5033632efc2d17e9d33c8,9481716,0xA879C36734e6D03B80B33d409890965229DDD6B8,0xcA11bde05977b3631167028862bE2a173976CA11,0.0,3.000000012,confirmed
2025-10-24T17:56:42.075961,ethereum_tx,0xd95e7e441bce4534f92a3f357aa1e33b939e5fe3f4bedec9dd5d210e8b7f0532,9481716,0xB3A4e46b180887e27ea1881CF7A413775210440E,0x025Ce546F76B2C4632E07742492dA1cD843df3d9,0.0,2.500000012,confirmed
2025-10-24T17:56:42.075961,ethereum_tx,0x793153ce67798a74fac3e9d1776e5123727194b7d2a47c8ae27424b5c390360b,9481716,0xfa96E2167a154C8fD54E62dCC6111D33a2fC23Da,0xacCF775075A3CE991F713515D14Df53308E36Ec8,0.0562027499997165,2.000000012,confirmed
2025-10-24T17:56:42.075961,ethereum_tx,0x61788df551a5d2be96cd2ad8277fe84dc10fabc704a58d783d38626ef3bbab92,9481716,0xb2150bB6F727CcDEB939aE95f00BaeeE02414DB2,0x73B668d8374DDB42c9e2f46fd5B754Ac215495bc,0.0,2.000000012,confirmed
2025-10-24T17:56:42.075961,ethereum_tx,0xfbab311680571a6e39af1e8c8d2fb487e5fa9124b4b32e58e6711e15d0c595af,9481716,0xDfd411B4EEd1263c8d3E57BFeBB08DBFfC2eD5A1,0xBC04d69Ecd7890699b2BE7924eA86474e15098E6,0.599968499999748,1.500000012,confirmed
2025-10-24T17:56:42.075961,ethereum_tx,0x741361c3cd200562463fd0413ce90eadb0ba33d1597bcff4a2449eb6b11281cc,9481716,0x17cFDEfD3244c292654f0D423734dADdbd3CDC68,0xAeD454fd6e7167eC1AF28e5C90351EA00a2d450d,0.0,1.500000012,confirmed
2025-10-24T17:56:42.075961,ethereum_tx,0x7ab5d80cd34d5758aaaaf12bbe45c1dd9a6833770e711ab54bc8b324fcf117ec,9481716,0x263FBC06623aA21D07db53229B62Eb0C4Ae8d68a,0x5cFA7ffA14d6dd40551832b9D4c2eCff3db7d3fB,0.0,1.500000012,confirmed
2025-10-24T17:56:42.075961,ethereum_tx,0x5202be54d6f3ac1c1f01815d5580b040da173c3e2129d32b571682e6dc959a32,9481716,0x7cB6063e1057E2e08BBA2e45C218068C5aF29B1E,0xc6255a594299F1776de376d0509aB5ab875A6E3E,0.0,1.5,confirmed
2025-10-24T17:56:42.075961,ethereum_tx,0x20061ddd8cc8e8fc80f866f87d5a6cf354b7c957393741f339b1ab901284d185,9481716,0xAFBe647c86E0C913e02f16917D30C8d3BaB1E2A7,,0.0,1.5,confirmed
2025-10-24T17:56:42.075961,ethereum_tx,0xd2cd915f97cfce7dc60fdc986f06981a04d15f42ac043f352316b60359959db7,9481716,0x187B50a35130F8386065fD2a3C538Ea1bc219681,0xc6255a594299F1776de376d0509aB5ab875A6E3E,0.0,1.5,confirmed
2025-10-24T17:56:42.075961,ethereum_tx,0xcad4ecb361849b7629cab7e3f90bfe572c82b5c05dea4692705546a802444baf,9481716,0x8EE594D10b1c6Fcc7e73B1c5CdAdA929d902289e,0xc6255a594299F1776de376d0509aB5ab875A6E3E,0.0,1.5,confirmed
2025-10-24T17:56:42.075961,ethereum_tx,0x46aed6b579437c014ff96127828ba8310750c6e29f426dc5ef383c272b983208,9481716,0x0236abd448B0049609688b66b013eFab59fB4E23,0xc6255a594299F1776de376d0509aB5ab875A6E3E,0.0,1.5,confirmed
2025-10-24T17:56:42.075961,ethereum_tx,0x90d693f6317c217608205e33e6695931f1fb59f952019cb4ce2fcd0b4ba3925a,9481716,0xf59Cbe881372CE2E98eF604d203b2d727c993B64,0xc6255a594299F1776de376d0509aB5ab875A6E3E,0.0,1.5,confirmed
2025-10-24T17:56:42.075961,ethereum_tx,0x1f14d525e142a725e3f341185bf74d0d7735ff95a671118380743ad1b2c61a09,9481716,0xad816c1F0F29f9F289e7397dbeE3D749fB468719,0xc6255a594299F1776de376d0509aB5ab875A6E3E,0.0,1.5,confirmed
2025-10-24T17:56:42.075961,ethereum_tx,0x9e28ffad8fdc91f98068d213227c84e67f93d6dc133b5f32c2a5d57cb873114f,9481716,0xA7585a65F21F6d8976A601A9ba50aC19bDA362eD,0x2A4496bbC344414e3bDbE6a8E7c40EF007DAeEd1,0.0,1.5,confirmed
2025-10-24T17:56:42.075961,ethereum_tx,0x44bbd184a5a38235b801e93cf5195090d221687eec017b96d0a2df49370f1cd6,9481716,0x76588bF2aCF1CAb1de32078c71be0943deF8901b,0x2A4496bbC344414e3bDbE6a8E7c40EF007DAeEd1,0.0,1.5,confirmed
2025-10-24T17:56:42.075961,ethereum_tx,0xe0b6ce604174704ec6b9a930ec7486e084b4c6b71e31e4ad4a6c950c96fa238d,9481716,0xaC56BEED1FCa1878621091c540a3d811D1DE8Dc9,0xc6255a594299F1776de376d0509aB5ab875A6E3E,0.0,1.5,confirmed
2025-10-24T17:56:42.075961,ethereum_tx,0x5636a434c0544259018560c313620999abc8900b7981ac657799f2e24f890305,9481716,0x5013609FFEcb9B9288005d700055D45dab1C6682,0xc6255a594299F1776de376d0509aB5ab875A6E3E,0.0,1.5,confirmed
2025-10-24T17:56:42.075961,ethereum_tx,0xcff826c31f059221cc97bf0ae5e25a95ee763e64aa30a8bd70887bee57c0c28a,9481716,0x6FC0436e980e1107192441064E9baDe0aB2072df,0x2A4496bbC344414e3bDbE6a8E7c40EF007DAeEd1,0.0,1.5,confirmed
2025-10-24T17:56:42.075961,ethereum_tx,0x61a192af36b64784b2f0e790754fd408d347ba4f63ad831c2209231522b091a2,9481716,0x6D436Dc5CC05Ee73C098423Bb7a6DcCd410454a1,0xA7469B55872A9Bd508A8449790b09e683E1821A0,1e-05,1.5,confirmed
2025-10-24T17:56:42.075961,ethereum_tx,0x21cc52de3c0245170cbcb50fe9f1de1e945b03ce2939f6c22afa5513cb0171df,9481716,0xdDC1dc7F02067EEe8c49ae57E73fCbf138f46Bc0,0x57c5dC670eB6f571bDD8Fc1CF178c46c9A917A74,0.0,1.5,confirmed
2025-10-24T17:56:42.075961,ethereum_tx,0x0377b8e7d58505062c9883c2a0c4ef322e507032f6628ec39b354055485b942c,9481716,0x7cd0b66696881b0B952e5C3636BfE7a0Ae4dfFf3,0x2A4496bbC344414e3bDbE6a8E7c40EF007DAeEd1,0.0,1.5,confirmed
2025-10-24T17:56:42.075961,ethereum_tx,0x6a4c8812dbbaa75b4d9631f60d03fb4929d4aab1fc5533587a76df737a14350d,9481716,0x51e12d8529737Bd96d4fF11D79d7eF22Ef922219,0x2A4496bbC344414e3bDbE6a8E7c40EF007DAeEd1,0.0,1.5,confirmed
2025-10-24T17:56:42.075961,ethereum_tx,0x37317d9e9a1a012d751f671e2e4d8684e0d4d73ac2b4cb37cea528d79778d8ca,9481716,0x2885d814ac723fd206022F07B0976117E6672eAc,0xc6255a594299F1776de376d0509aB5ab875A6E3E,0.0,1.5,confirmed
2025-10-24T17:56:42.075961,ethereum_tx,0xa0be8be42f8cdaf8b314ddfdc6a9b88eb93dfe774cf22108d8cb6e7eaa235662,9481716,0xA6e49d578d8e38F1660a5c297194F5930baeAEeC,0x57c5dC670eB6f571bDD8Fc1CF178c46c9A917A74,0.0,1.5,confirmed
2025-10-24T17:56:42.075961,ethereum_tx,0xdc331e0e4c72395a9550364d067e63f6d1337f890232be9bc1c91e923e676d7e,9481716,0xE061F3DC672e97dDf34C1647dC0B6F25F89C392B,0xc6255a594299F1776de376d0509aB5ab875A6E3E,0.0,1.5,confirmed
2025-10-24T17:56:42.075961,ethereum_tx,0x90965b289fed3e0bd246391e4434ca4962d139728fd2c0d866998b69910e3ff2,9481716,0xBfeb15D280fbFC16288C6AC7004EF873bE551eAa,0x2A4496bbC344414e3bDbE6a8E7c40EF007DAeEd1,0.0,1.5,confirmed
2025-10-24T17:56:42.075961,ethereum_tx,0xf60fbc1d0fc520c25c5cfeff24af939f1181db7f1240d4ecfdbab5080fbb4e74,9481716,0xeeD730dEF0186134EC0A6923d83d0d2D7CFb2d7E,0x57c5dC670eB6f571bDD8Fc1CF178c46c9A917A74,0.0,1.5,confirmed
2025-10-24T17:56:42.075961,ethereum_tx,0x99fe175b9711fc12876faa7228b42b2d38adbd887d0e59598af81be34ac70fea,9481716,0x8B2469FCD41957b75445b3518636aEFc520AE29e,0x0eB811a98C9bDD85D3c3824Db948010403E08118,0.0,1.000000012,confirmed
2025-10-24T17:56:42.075961,ethereum_tx,0xf5b89b4b9df52f5f354757d35f67c3a58b158a280923fdd5dfa6dce581e4e987,9481716,0xF0FEd0C0192539a1076d8BDa1233f414704d98Be,0x00D22efF04CF7d0f5A355A6D9A06E43120398dA6,0.0,1.000000012,confirmed
2025-10-24T17:56:42.075961,ethereum_tx,0x80edd3c9c912b939d639a2143c86de6052ce2473f1e273dd5b642f49f9dbe9ab,9481716,0x3c31c5a151A64e30fcf8907cD1D0B0102D70F62b,0xa0A5b581D8a614F5d52b0d98c8f95242aA09cc4E,0.0,1.000000012,confirmed
2025-10-24T17:56:42.075961,ethereum_tx,0x052f5a87cc380918eabf4b0b0d3998da8c5ca5ed8f7df61ae0c61189d47b5568,9481716,0x31C226f971b5eC98Ac3858CE21993Ca9f53419AD,0x66495C2f6Be1FAA2EEA943F4f6e3bCB3418978fd,0.0,1.000000012,confirmed
2025-10-24T17:56:42.075961,ethereum_tx,0x31edd3ed06b840692b3d55d84b2b8b451c2e8cfb2e73b1dd0277749efd8a9cc0,9481716,0xEbDf9256B79b2ca70Dfc4392280f4D39C64E48E4,0x157dF160081dC8b97900F4D0D276ed8DEa29976d,0.0,1.000000012,confirmed
2025-10-24T17:56:42.075961,ethereum_tx,0xd9addca4afe436e1a164ca2bfbe8c1a015254ac0a40058d3d5e501c2c73dddd6,9481716,0xb2248390842d3C4aCF1D8A893954Afc0EAc586e5,0x6c97864CE4bEf387dE0b3310A44230f7E3F1be0D,0.0,1.000000012,confirmed
2025-10-24T17:56:42.075961,ethereum_tx,0x08079bf76b2099cf18a240465db6813e686fbf3f2e13470c899d0d47bb9e1db9,9481716,0x41663e2efc1A969a11a7E3Bc27D5332bbde93b0F,0x0081d2898dD96c237BdDEE928a92fd4099A72B96,0.0,1.000000012,confirmed
2025-10-24T17:56:42.075961,ethereum_tx,0x27f76187aeff5f720197f5487a0b4e8b610bc0e0e45e126c3b01159de9aa8463,9481716,0xA2D5278471e1C6B50b538a18f3C1C40a4CCa3386,0x7f5C1a58014E9DE69663CAc441bfa4C5d94b7E64,0.0,0.050000012,confirmed
2025-10-24T17:56:42.075961,ethereum_tx,0x00dc404f2c4a4871d4da2e08223f9be1ad2918b2d231aec43e813b6ac34a7e96,9481716,0xD36f99087f8AC34685877Dcd4E95616A3f3Ed0e6,0xf993E10C83Fe26DddFc6cb5E82444C44201e8a9C,1e-06,0.020000012,confirmed
2025-10-24T17:56:42.075961,ethereum_tx,0xafbf1d13a9a91852aae109a7e86bc6339bdfd4726d996387a93476534e3bee81,9481716,0x4FA0A7dFCd9E448fb11ca05f61f60Db6736606AA,0xf993E10C83Fe26DddFc6cb5E82444C44201e8a9C,1e-06,0.020000012,confirmed
2025-10-24T17:56:42.075961,ethereum_tx,0x24fd7fa728e30101e40fc6bac6eff8945a0fe2d39852536c8eee754881002f03,9481716,0xC660cFB5e953b04412b66F4f1aa8cCBB08116F7C,0xf993E10C83Fe26DddFc6cb5E82444C44201e8a9C,1e-06,0.020000012,confirmed
2025-10-24T17:56:42.075961,ethereum_tx,0x8179ae0ab55058483ba77c5c5baca22bb7ffb1be40382902c1c41f4820d0b32b,9481716,0x16e48a5e0cf09cf78899Fb40DcC76dB45A91099F,0xf993E10C83Fe26DddFc6cb5E82444C44201e8a9C,1e-06,0.020000012,confirmed
2025-10-24T17:56:42.075961,ethereum_tx,0x229c5c289c3ba5ab6d4f27618412b73b74313d2474cc55d5c745f38fe4c2a175,9481716,0x64b4381b60808f6F5b595B5410984A8d5282eaf0,0x282c64A247681e10288864A9E86854Bc76fA48b5,0.0,0.002000012,confirmed
2025-10-24T17:56:42.075961,ethereum_tx,0x2e08ead4c81e671473212ded4e988d4e558156c1c989140c7bd0085e5fea87af,9481716,0xF6ed0cCE36100b2aBb8A654e1C030A5140f2F4e0,0x956962C34687A954e611A83619ABaA37Ce6bC78A,2.477107795307e-06,0.001500018,confirmed
2025-10-24T17:56:42.075961,ethereum_tx,0xd655b599dae143119c3d4d2392cc5865a11df761c4b2c982e320952ac84cc5f0,9481716,0x5339Ed4756AA62dC977030a6763465d83D00e894,0x956962C34687A954e611A83619ABaA37Ce6bC78A,2.303708851372e-05,0.001500018,confirmed
2025-10-24T17:56:42.075961,ethereum_tx,0xc093ffa4ab0d70abb69aaaeb29f9d107c404ceef8cc7040332e064a98bbed5cd,9481716,0x4BA56bDa2009816e260921970041d6Eb005D7272,0xC764A997C86dC22B50Eb637626e3f46bfd82534A,0.0,0.001500018,confirmed
2025-10-24T17:56:42.075961,ethereum_tx,0xf26e29bdcbc7e13f603400a542ddc808dee79e5e0e8b73ecd93c76aa060c769b,9481716,0x7e62c5e7Eba41fC8c25e605749C476C0236e0604,0xBdCC405C59ED6075088E600f25DF922d76bCcB64,0.0,0.001300015,confirmed
2025-10-24T17:56:42.075961,ethereum_tx,0xec762c54ee6db9e6328e558928e4cb5df26287742f03e357f785d07d4adb0676,9481716,0xba89D66aC9549E5AAbb2e23528702cbb974BdE68,0xc6255a594299F1776de376d0509aB5ab875A6E3E,0.0,0.001200014,confirmed
2025-10-24T17:56:42.075961,ethereum_tx,0x4f79e0c5086bec93927da8fd746d229274559d64ded806b412308561699c47d0,9481716,0x7c6fDCF2Ea8Fa9D7164aFC02D7C7e99204ba1757,0x6Ae43d3271ff6888e7Fc43Fd7321a503ff738951,0.0,0.001200014,confirmed
2025-10-24T17:56:42.075961,ethereum_tx,0xeaddd41237123a0a7bc03b7e83d4d6146eb8f2c5e80de313cc3db92790520f9f,9481716,0x94eDC8E0D150Ca41Ab78F479dCd202458C9375bF,0xc6255a594299F1776de376d0509aB5ab875A6E3E,0.0,0.001100013,confirmed
2025-10-24T17:56:42.075961,ethereum_tx,0x31940bcdcb4272cd827dd7ac7f9394ca065ce1a46fd9f0350e3307178f55a951,9481716,0xb3a1956Cff1ecc8054B81b0C83b9847CB71384b8,0xCf8EDB3333Fae73b23f689229F4De6Ac95d1f707,0.0,0.001100012,confirmed
2025-10-24T17:56:42.075961,ethereum_tx,0xa40e5c10bf2961c73f438b05d23ad572c6c2dae45851e7424fce0f3caad94073,9481716,0xDB41c0cbFCEf2F0ff1f02Cc5E25A9C6673b4a958,0xc5445e3F1a7428Fb6C39c3016244799D6Cd47e75,0.0,0.001100012,confirmed
2025-10-24T17:56:42.075961,ethereum_tx,0x3e781cd115f49361a8eb07fcf9963a23224565aadb1587e10803cdd3cb5bc69e,9481716,0x065bb664C4Bf610558297150b4EDF18c8Ba494e8,,8.61e-16,0.001100012,confirmed
2025-10-24T17:56:42.075961,ethereum_tx,0x0be1e59ba14b5ea3512c5d14cafde58ddfb9f54d29c98c685a1745a5a09d693d,9481716,0xCd8080b5A4e828232a6390Fb0D5dcA790AE90C85,0xa7155e6e596D9B92Ec05602e1Db3616322Fdc2d3,0.0,0.001100012,confirmed
2025-10-24T17:56:42.075961,ethereum_tx,0x40c477436621272fd473fd61d2207fa5590257a711472d9d4cae1ad31684a2f9,9481716,0x61d8838f9A00250C9AF13D622DA7c08c372ee587,0xCf8EDB3333Fae73b23f689229F4De6Ac95d1f707,0.0,0.001100012,confirmed
2025-10-24T17:56:42.075961,ethereum_tx,0xc8a30cbaa8851f2842acb08c00ea8ebccbf8d187c84af3791e8f221ab32496a4,9481716,0x61d8838f9A00250C9AF13D622DA7c08c372ee587,0xCf8EDB3333Fae73b23f689229F4De6Ac95d1f707,0.0,0.001100012,confirmed
2025-10-24T17:56:42.075961,ethereum_tx,0x62327e78078b684712e68d3b9b20707284797aeb1dfcd55a60992db2254953d3,9481716,0x3Da763C42E438eB17880fB6A83040d6cf13eF03b,0xFf00000000000000000000000000000000042069,0.0,0.001100012,confirmed
2025-10-24T17:56:42.075961,ethereum_tx,0xdc31ffb6c3d14f6fb822f53b366c5f31a8d6dc5539b24995361830a0d57293b9,9481716,0x61d8838f9A00250C9AF13D622DA7c08c372ee587,0xCf8EDB3333Fae73b23f689229F4De6Ac95d1f707,0.0,0.001100012,confirmed
2025-10-24T17:56:42.075961,ethereum_tx,0xed4eb065797666b42530befe8b34954425c1fcc004695fba7888c5eb66115231,9481716,0xb3a1956Cff1ecc8054B81b0C83b9847CB71384b8,0xCf8EDB3333Fae73b23f689229F4De6Ac95d1f707,0.0,0.001100012,confirmed
2025-10-24T17:56:42.075961,ethereum_tx,0x2778654c825d4f9050aa4ffe77a53146ee5289f3f32a1174e5cb71455f250aaf,9481716,0xb3a1956Cff1ecc8054B81b0C83b9847CB71384b8,0xCf8EDB3333Fae73b23f689229F4De6Ac95d1f707,0.0,0.001100012,confirmed
2025-10-24T17:56:42.075961,ethereum_tx,0x550698657cd71b64fca2410615bfb9752bc0ecc4b20829353fd9e34a6e17c482,9481716,0x715d1084b1237Ba6a61447890F282E2505471EEC,0xb5A49949C49dEDD852F9f0f419b17aD2785032db,0.0,0.001095806,confirmed
2025-10-24T17:56:42.075961,ethereum_tx,0x7613ff2bca926f8baf033018d6f61a48d7cf745a28bf4fb0865d9d050f7dac9d,9481716,0x700052713B68C61B576E35DecbE204B62Fd18cE4,0x3eDF60dd017aCe33A0220F78741b5581C385A1BA,0.0,0.001052644,confirmed
2025-10-24T17:56:42.075961,ethereum_tx,0xb3a785476c1fab589f8f147e99cfceb2902a0a7b4e453478f3568a3da522566b,9481716,0xe0d65D18f6146Bdd1Ac232c0d96A9277302acFe9,0x03C66CB1826BDB0395BF31E68Bf7E873e9564fFB,0.0,0.001000012,confirmed
2025-10-24T17:56:42.075961,ethereum_tx,0xe506ecea33ba3bafb82733f72d63c4e45e8f88c9a0a898b3ec6a01c57a6c3bdd,9481716,0x7B58F0Cc7bDb0FeC8341346b8A986A416210859f,0x03C66CB1826BDB0395BF31E68Bf7E873e9564fFB,0.0,0.001000012,confirmed
2025-10-24T17:56:42.075961,ethereum_tx,0x11e708aa634e9e382fe68897b15b0704970ff20e1060a94e90ebd103b51ec64d,9481716,0x73DA155ca8351Aa206c9ad1e1510134a3987166a,0x08d2b0a37F869FF76BACB5Bab3278E26ab7067B7,4e-05,0.001000012,confirmed
2025-10-24T17:56:42.075961,ethereum_tx,0x67bebc4c1ca61d326c4a486116c5861ded47f05ab39a6310f98fd8ce8f7d62bc,9481716,0x74C6FB2697c45EFEC2473F4709aCC82C4aEf0233,0x87A3effB84CBE1E4caB6Ab430139eC41d156D55A,0.0,0.001000012,confirmed
2025-10-24T17:56:42.075961,ethereum_tx,0x5dd6d9f5f8b061808c995a63392e71f59e91ff6939c40bbde1574815c12c3a9f,9481716,0xF070CfC4b21f44Ac23f1B2326356adce8c882d4E,0x03C66CB1826BDB0395BF31E68Bf7E873e9564fFB,0.0,0.001000012,confirmed
2025-10-24T17:56:42.075961,ethereum_tx,0x8453bdaacee27134a7bbbe7d6ddfe85b4500b79d5e3821c0fc0d9dcbdd37ec30,9481716,0x2617aBd88f8b040C11106CBAD560CF4Af76BE92A,0x03C66CB1826BDB0395BF31E68Bf7E873e9564fFB,0.0,0.001000012,confirmed
2025-10-24T17:56:42.075961,ethereum_tx,0x98906875996a5b784d2fc3b0e61d879572e4e477bbed6e149260665e7920d15f,9481716,0xB3C259f1235A50Bd0B8aA2E588648c106F6F3816,0x0215f8e5e81B75799Ae38232420377339d811796,0.0,0.001000012,confirmed
2025-10-24T17:56:42.075961,ethereum_tx,0x85ed5bbd7ad459506d0d2a84585e9354d97d000a258fa1f6d18a9b995baadb4d,9481716,0xC57593a62D0EcdEe960a3D06A689Adc2b69D30C9,0x0000000000000000000000000000000000000000,1e-05,0.001000012,confirmed
2025-10-24T17:56:42.075961,ethereum_tx,0xa043ca57f267f034715c6fc85d3783ae93614c07a609d5f4f7583ff7cc50ea1b,9481716,0xD8FfA37398d4A6E15535BF43bcF5D7484fF46947,0x03C66CB1826BDB0395BF31E68Bf7E873e9564fFB,0.0,0.001000012,confirmed
2025-10-24T17:56:42.075961,ethereum_tx,0x119c5bb626a76f9e2753b548f8c68201c7a6b0638ddfd6f6d34d45b9a6e1a07f,9481716,0x4d85Dc5d33FBAF530bB3D4BA4f6061dd8d18b332,0x853758425e953739F5438fd6fd0Efe04A477b039,0.0001,0.001000012,confirmed
2025-10-24T17:56:42.075961,ethereum_tx,0xa65dd0377c5d484c09a15816b3f83bf1fc844e349128d791e2b6df8fc56bd405,9481716,0xEE5C0c29fB478a94D9a1c626c524122060Eeb860,0xF0111EdE031a4377C34A4AD900f1E633E41055Dc,0.0,0.001000012,confirmed
2025-10-24T17:56:42.075961,ethereum_tx,0x3a38ab639d4c7de1e8bd2a5a4ef7a93000e3081fd6f6526ffb5abfecf34fe385,9481716,0xD685f9864a17883E2F258Ba458bF7EE72400e455,0x03C66CB1826BDB0395BF31E68Bf7E873e9564fFB,0.0,0.001000012,confirmed
2025-10-24T17:56:42.075961,ethereum_tx,0x8bd1a1f58038aaaf6057246b5f1c1e9de70d8e0bff40378a2d71941387b50a0f,9481716,0x6d50EDC485a5c5C8E57e45994de1C8f8A11A7cee,0x32149efBd92bbE6D36c216bfBBD99A9ECe61DD7d,2e-05,0.001000012,confirmed
2025-10-24T17:56:42.075961,ethereum_tx,0xc9ee4b89913adbadb5207aeb393b6afa9144b0eabfd9b9ce6fd917260f4db077,9481716,0xd21389B1C6CfF8fA13C2eF198e019bA905F97f25,0x87A3effB84CBE1E4caB6Ab430139eC41d156D55A,0.0,0.001000012,confirmed
2025-10-24T17:56:42.075961,ethereum_tx,0x5b9a107106db3e15ec6a748a3dd98d88b39d32066b71e2f26cba0c06b5cf3dbb,9481716,0x78E4857Dbfc5805c286613C8c76aeD2B83007605,0x03C66CB1826BDB0395BF31E68Bf7E873e9564fFB,0.0,0.001000012,confirmed
2025-10-24T17:56:42.075961,ethereum_tx,0x7c491cdb9dc33abc0da4725c8e2f561210d45dda4bca16ae7cd940e69b41e439,9481716,0x26362A003a15cd930ecCF70c264809D555b733F0,0x03C66CB1826BDB0395BF31E68Bf7E873e9564fFB,0.0,0.001000012,confirmed
2025-10-24T17:56:42.075961,ethereum_tx,0x758dd6456dee5969a58414f1d918aef314e21e5bc6d39fd0357c0e08fd00566e,9481716,0xEF1337B82Fe04760fFcFF692F48917b0FE8D1015,0x03C66CB1826BDB0395BF31E68Bf7E873e9564fFB,0.0,0.001000012,confirmed
2025-10-24T17:56:42.075961,ethereum_tx,0x2af290d56266840167aa47993cb173299942c14be152c615e5df6db1f9a84e69,9481716,0xf4ed8A41Ed73Bb61815a42aEC9519cBB0a32469C,0x03C66CB1826BDB0395BF31E68Bf7E873e9564fFB,0.0,0.001000012,confirmed
2025-10-24T17:56:42.075961,ethereum_tx,0x24da61b50ebd7ecde3ba543b862bcc26866076c6c5e2444d5abb6fd0cd856806,9481716,0x192a242B0d356dc8A2b5a582b0eBC369a77573A5,0x81f3843aF1FBaB046B771f0d440C04EBB2b7513F,0.1,0.001000012,confirmed
2025-10-24T17:56:42.075961,ethereum_tx,0xcf7e434798f1516096d4f9602fd7fa8d19d522148ae3eefbe5848da621a6e97f,9481716,0x4F429218D6cDF66e605fe90994cDed4ab84c587C,0x03C66CB1826BDB0395BF31E68Bf7E873e9564fFB,0.0,0.001000012,confirmed
2025-10-24T17:56:42.075961,ethereum_tx,0x42d1d8f1939f224af200005cc47fc3c770388939595a7d2998bf9d2ff41368f3,9481716,0xFa8F5fB2d389825F49D9654dfb8DC182F0F99C45,0x03C66CB1826BDB0395BF31E68Bf7E873e9564fFB,0.0,0.001000012,confirmed
2025-10-24T17:56:42.075961,ethereum_tx,0x2aaf5a0d322d7e2a520ab8de2452cb71ebd1b26a222ea67aca6f4a3501359cb2,9481716,0xFc7d646C40798e1C19Aa77c0B2af120a0Acd9611,0x03C66CB1826BDB0395BF31E68Bf7E873e9564fFB,0.0,0.001000012,confirmed
2025-10-24T17:56:42.075961,ethereum_tx,0x46eef24781b1bc703edb5c54ea00af1356ba53f65888f03c324ebfbdc92ba5d4,9481716,0xdBB0b086550c9338fF4668B28D444a0153271ade,0x853758425e953739F5438fd6fd0Efe04A477b039,0.0001,0.001000012,confirmed
2025-10-24T17:56:42.075961,ethereum_tx,0xe54c9a9f0f0c93e19ed169ed5bb295a055fd7419b2c66f391e0d5410a0b8cbd9,9481716,0x9a0dAF21FeF5aa49df88d9123FdBF260b5075430,0x87A3effB84CBE1E4caB6Ab430139eC41d156D55A,0.0,0.001000012,confirmed
2025-10-24T17:56:42.075961,ethereum_tx,0x291cb6d1078c7794d951d3833758d4502fd383680195df3cb00156a757588744,9481716,0xC3894c80479bFc2305260dAfFCAd4eA4Bb0c70ed,0x03C66CB1826BDB0395BF31E68Bf7E873e9564fFB,0.0,0.001000012,confirmed
2025-10-24T17:56:42.075961,ethereum_tx,0xebdd6c00d72f2c7172587453d61243cc314d5ed245c6cc22c7265662b0ba89e4,9481716,0x89138c9802C8d5b799C28013448a8e996071b767,0x837F5936457a07AD9488682009e084F54A200818,3.82e-06,0.001000012,confirmed
2025-10-24T17:56:42.075961,ethereum_tx,0x051f688c33cb47946bf8eb86b31ab247f9253533855f7d1964dbc1f1b4a01cf0,9481716,0x4d00D817F9f7D1b235F8C74c4792A6990FFfFeA0,0x71ca88376e61703317B68Eb845d4971433cD926D,1.28e-06,0.001000012,confirmed
2025-10-24T17:56:42.075961,ethereum_tx,0x2ccd66bb2ef1c72d0ff3c7a347837fdb7970559411d1b72713b0e0a28a9c10c1,9481716,0xcD12Ed9b63603bc9685Cda552c0156d9b297b41F,0x87A3effB84CBE1E4caB6Ab430139eC41d156D55A,1.2e-05,0.001000012,confirmed
2025-10-24T17:56:42.075961,ethereum_tx,0x0f1f500d5483011bfdeb3f53087304fd514b30f31cb82c1a768005bc196e3007,9481717,0x7A43fD33e42054C965eE7175dd4590D2BDba79cB,0xfF00000000000000000000000000000011763072,0.0,16.000000012,confirmed
2025-10-24T17:56:42.075961,ethereum_tx,0xadf3252ee0e77e1452c48a28fc6296d035289c12c57462d7499ec9f7c212f056,9481717,0xC36DAbF473Ed31e1A355b7c40588Ee570DEf5020,0xcA11bde05977b3631167028862bE2a173976CA11,0.0,3.000000012,confirmed
2025-10-24T17:56:42.075961,ethereum_tx,0xd0acf24768d43a35afd18a21ff6ac8ba15ad2fa7fcb928676109bb21d763884e,9481717,0x55A07F9f7eD7F110c2Ddd8f2f5d8677Dc94aF4E2,0xeA30c4B8b44078Bbf8a6ef5b9f1eC1626C7848D9,0.0,2.200000012,confirmed
2025-10-24T17:56:42.075961,ethereum_tx,0x7e960a6838ef721738f7e75ceccb1ee04bed6bb7420e6291ea559b34ae8db073,9481717,0x03aC69873293cD6ddef7625AfC91E3Bd5434562a,0x33811433E5DB3952Cf34Fadaef88bc8b1eDA184B,0.0,1.500000012,confirmed
2025-10-24T17:56:42.075961,ethereum_tx,0xad6d6cabe04baece06c3d61b40da0b093bf9ab9dd06bfa2765259245a8ab10af,9481717,0x9151C3Ab8D5Ad36d3b4c393a9ccBFA5b980f2154,0xc6255a594299F1776de376d0509aB5ab875A6E3E,0.0,1.500000012,confirmed
2025-10-24T17:56:42.075961,ethereum_tx,0xacff6a45f1eb8b4ecb722eca2d774f32a336c4a3accb98044d3ac60343a729c2,9481717,0x5BAC2361073aAC279fDD97531705bb97a19Aa54E,0xc6255a594299F1776de376d0509aB5ab875A6E3E,0.0,1.5,confirmed
2025-10-24T17:56:42.075961,ethereum_tx,0x52b77d1325703249259833c01014c9232c113244c92b363c8766c65feafac48d,9481717,0xB0f1939e10E5c1ff024C5f612C03A6D65EEb827c,0xc6255a594299F1776de376d0509aB5ab875A6E3E,0.0,1.5,confirmed
2025-10-24T17:56:42.075961,ethereum_tx,0xcc2f648d3917ac3eac1bb6e58ed53627d97356578c02269686ba3fa2a6fcf38b,9481717,0xb3C8127e6E66c886ac556df7b91fac68D8641358,0xc6255a594299F1776de376d0509aB5ab875A6E3E,0.0,1.5,confirmed
2025-10-24T17:56:42.075961,ethereum_tx,0xe2f611dccec0f2b11635eeda0b84ea76ef2c6395d656b3d793df2fe883aaef89,9481717,0xB18CC846a310Df5F5D949Dc0d48d5aEa95009bfe,0x2A4496bbC344414e3bDbE6a8E7c40EF007DAeEd1,0.0,1.5,confirmed
2025-10-24T17:56:42.075961,ethereum_tx,0xcb69c13686e6d4946c134fdde6d584f1cdb53d2341f8c5e4d2736eae350e5187,9481717,0xF38E5D49F751F3116BC22ab7CBF53B8B97FB29D9,0x2A4496bbC344414e3bDbE6a8E7c40EF007DAeEd1,0.0,1.5,confirmed
2025-10-24T17:56:42.075961,ethereum_tx,0xbba6ec57f267af2ad08e36844c0cb5d1187a56268740908670ea468acb91a6b1,9481717,0x615569320Cd8abA3a70A2F2FFe4Cfc3E053d6339,0x2A4496bbC344414e3bDbE6a8E7c40EF007DAeEd1,0.0,1.5,confirmed
2025-10-24T17:56:42.075961,ethereum_tx,0xf0d2a2f6362d8d1fb9c501e6655852b130d678830d2314a615f63abcf5d11ef2,9481717,0xF4d0dE1B19283a25D01152919f561bEfB30435dE,0xc6255a594299F1776de376d0509aB5ab875A6E3E,0.0,1.5,confirmed
2025-10-24T17:56:42.075961,ethereum_tx,0xa054d49e1c6e18917eb37d8724ba8eac85787de262d9e838d15e66fa0b27ba77,9481717,0x2DD1FAcb6C876C6F04e5aE54B6f2C242CaCB4cC9,0xc6255a594299F1776de376d0509aB5ab875A6E3E,0.0,1.5,confirmed
2025-10-24T17:56:42.075961,ethereum_tx,0xf37088aab9902e7f47fdf6b8d4b38400caecc6faf844174d7e25a3ec380c8cda,9481717,0x82be1B555B0Cacf7C8109108D36Fc1917629Fcc4,0x2A4496bbC344414e3bDbE6a8E7c40EF007DAeEd1,0.0,1.5,confirmed
2025-10-24T17:56:42.075961,ethereum_tx,0xeb1c2012fd0ddf30aa0e0b9c94ae9e73f8105f5468bbf92aa49b66fd75f637a9,9481717,0x01243f3Eca77aA70a4beC9cb7F8cc3EFD7df6411,0x2A4496bbC344414e3bDbE6a8E7c40EF007DAeEd1,0.0,1.5,confirmed
2025-10-24T17:56:42.075961,ethereum_tx,0x8e33c0cf8e4a2373550bf7d061d84eefbfb8406c9568bac814d7b5f3b5637742,9481717,0xd1E2F21985265C91Ef95A7f30A523671dA256eE6,0xc6255a594299F1776de376d0509aB5ab875A6E3E,0.0,1.5,confirmed
2025-10-24T17:56:42.075961,ethereum_tx,0xb122eeb2588537a3bb3d370bafcf8c3bfb793df85636548af66a78cb08b472d9,9481717,0x6038C5D29d96c3f8ee219E6553C38dE08aDFFC86,0x2A4496bbC344414e3bDbE6a8E7c40EF007DAeEd1,0.0,1.5,confirmed
2025-10-24T17:56:42.075961,ethereum_tx,0xd7f3bb853e2ee232940f5f3928632011870797e02db532169f779b9b09821dc9,9481717,0x8EE594D10b1c6Fcc7e73B1c5CdAdA929d902289e,0xc6255a594299F1776de376d0509aB5ab875A6E3E,0.0,1.5,confirmed
2025-10-24T17:56:42.075961,ethereum_tx,0x508347dbebcdb91708251f870f436bb151e6616ea680f5148bcf59f20e254f4d,9481717,0xE061F3DC672e97dDf34C1647dC0B6F25F89C392B,0xc6255a594299F1776de376d0509aB5ab875A6E3E,0.0,1.5,confirmed
2025-10-24T17:56:42.075961,ethereum_tx,0x4d93f8809f288b7e8db1ee6aeef91bcdd4b818fa540d53cb07b171c7c8b0a93b,9481717,0xa0Bd6655447dDcb081ac4ff32AbCCB8997e05e6e,0x956962C34687A954e611A83619ABaA37Ce6bC78A,0.003,1.000000012,confirmed
2025-10-24T17:56:42.075961,ethereum_tx,0x8342a8bde1894b6d83b667d574260b47f4cc398704f600f1649e3e89f49cce14,9481717,0x568921948c5Cb18D7ffbD4b31422Ab22197880A4,0x297F9E629fEBCB455aaC2208d36BD85a6eD5fa87,0.0,1.000000012,confirmed
2025-10-24T17:56:42.075961,ethereum_tx,0x3f8f50ef90f299ba422c8a5ad177536797ebd1e119dbab97d4c3b415147af17a,9481717,0xF33827175e9414dfa1E4f0827F106359F6b52AB7,0xea86b43278159379686B220b0f858086e631cE1e,0.0,1.000000012,confirmed
2025-10-24T17:56:42.075961,ethereum_tx,0x2100914c50fec11afbd77d9eb25d6c5ec68401a579fb410aea59896b2ca84257,9481717,0xF0FEd0C0192539a1076d8BDa1233f414704d98Be,0x00D22efF04CF7d0f5A355A6D9A06E43120398dA6,0.0,1.000000012,confirmed
2025-10-24T17:56:42.075961,ethereum_tx,0xb9ecb7165937c5b191b3e65796a016c9a167b3dc23cb7719795b0979c206236c,9481717,0x49a2F09A0C59f425A0b9958549FEB2Af5d8E2518,0xBDD0a15f0Aa3f7Aef35B099a548203e32fAf09dc,0.0,1.000000012,confirmed
2025-10-24T17:56:42.075961,ethereum_tx,0x3af7631f5bc0f4a07a81fda8c7ca53356c0bf449d7112342f211ab8c7932c4bf,9481717,0x0aCeC9CFc210d164A1D03757F003Fd2485F14Fdf,0x071fC5761544A9a3b9f01DbBBa5D01818C6BdACe,0.0,1.000000012,confirmed
2025-10-24T17:56:42.075961,ethereum_tx,0x24a87620d6013aa05b42ae1778fe5ae5147ea1b53dfa25157372884ab87e6ecd,9481717,0xAa03CfA18154822f8Ad92D48c42210a890E01Dc9,0xB88FeAA1a0c5B57D82B50C937A7ad647E6D59223,0.0,1.000000012,confirmed
2025-10-24T17:56:42.075961,ethereum_tx,0xdafea1388cdf486154d09cb6ba48c9fc9092dd3766753df32b2186062b202e49,9481717,0x829D57F38D2A94514a3dbA2297fDD1Bc52bB1938,0x80388586ab4580936BCb409Cc2dC6BC0221e1B6F,0.01,1.000000012,confirmed
2025-10-24T17:56:42.075961,ethereum_tx,0xa4ee0e4b14d2977c63a567beb8497374729a75ea09a956a634e1221c9f6ea8f5,9481717,0xDB2D29CE5457BcB9C5BabFd478123F0125ca63F2,0x319303147Cb921D0821B11EB89414DE399Cca6d9,0.0,1.000000012,confirmed
2025-10-24T17:56:42.075961,ethereum_tx,0xce9c468cf7bce32a153f3dcff4e153a38ac886c7fa41138ac6f8807173999e81,9481717,0x551caC33C63eBb9F91CECF9e1D81C8Add97695eA,0x1a6eA139E8cA19709cB09DF7B4af776Dbcf4Fb2b,0.0,1.000000012,confirmed
2025-10-24T17:56:42.075961,ethereum_tx,0xff448baf139c1ddf2cabd0dffba6206204de5ef9f6b4d4ada3b9e17f03466221,9481717,0x162DB3e6542c4C16CbC0CB391452D7B04af26CFE,0x8aEfcDdA8CDD360a446836b08DfC65b88474d303,0.0,1.000000012,confirmed
2025-10-24T17:56:42.075961,ethereum_tx,0x8f946eccdac21d305a231e074b569855816619ad4a930f6b71944bb6ec88b0fe,9481717,0xf7976ba00Ad6bE11bbE97a278534E1b3348bED1d,0xd11cdb585fD480681398bD34a19D52EC08A24a0D,0.0,1.000000012,confirmed
2025-10-24T17:56:42.075961,ethereum_tx,0xe69e1d1b5edf77c1e72a89b82ac9943a6c46c5581ddbb8168c64edb029cf4561,9481717,0xee1E8FE18bE6f3e731AE3e0fF080A20b0f5aC15D,0x009d83eA2AFDa4ADDbe5C32F34e2aEAA31Ca61Ba,0.0,1.000000012,confirmed
2025-10-24T17:56:42.075961,ethereum_tx,0x24fb86622759419382ca8ae24e1cd8bbe2d636f5cc80c3883ac747a0a3c558c7,9481717,0x8EDf9B54e1c693b7B0caEa85E6a005C35e229124,0x006737CC6980a7786a477cE46B491845509b19dC,0.0,1.000000012,confirmed
2025-10-24T17:56:42.075961,ethereum_tx,0x531e3a353ec3df4f494ebaf292b3b467edb250a25a52f4c2d7abbd383c5967e9,9481717,0x2C1d858AC3DBb59a8658Aab370e95ee1d2BF4305,0xf993E10C83Fe26DddFc6cb5E82444C44201e8a9C,1e-06,0.020000012,confirmed
2025-10-24T17:56:42.075961,ethereum_tx,0x5771b2cff1428b1117567a72233c55358050eb09b3328b7704e5226022840e6b,9481717,0x2ABA70Ec2Cfc055Eba86Daf85B4FA570Eb4D1a72,0xf993E10C83Fe26DddFc6cb5E82444C44201e8a9C,1e-06,0.020000012,confirmed
2025-10-24T17:56:42.075961,ethereum_tx,0xd0d9fc5f0dae2b7e5d306106c361fd3cdb178ac9c5cf31f015bfb967f54c26f1,9481717,0xACeB32D45915D4E51Df7b0d9F542291B01c2f2DD,0xf993E10C83Fe26DddFc6cb5E82444C44201e8a9C,1e-06,0.020000012,confirmed
2025-10-24T17:56:42.075961,ethereum_tx,0xfa684f572f8ccd0c8ec7a7373a36440578a8192952a41d14529c61251f1467f3,9481717,0xc6c92bba0B40292C39C88f0FF4A764Ac45F8b80D,0xB88Ca91Fef0874828e5ea830402e9089aaE0bB7F,0.0,0.020000012,confirmed
2025-10-24T17:56:42.075961,ethereum_tx,0x4bdea93b9a04c5f706cc618a51d8f18fd05954644053bd0040bd0a4289439130,9481717,0x75544Df21a46dD84cc5F060346cf4f4c93E203c2,0xf993E10C83Fe26DddFc6cb5E82444C44201e8a9C,1e-06,0.020000012,confirmed
2025-10-24T17:56:42.075961,ethereum_tx,0xbd3a6050b948c32856854b6e2bd6d15f5f239ab511cdf7f577ca802be92d2c51,9481717,0x4337020f43D3d7d2F5E4160397EfeA49AEfa5E7D,0x0000000071727De22E5E9d8BAf0edAc6f37da032,0.0,0.00272362,confirmed
2025-10-24T17:56:42.075961,ethereum_tx,0x4dad8625c2a7f487fbfd68ca925d6ecf8339e7b57fa1ddb7aa8204f4e9ee46ff,9481717,0x65141CA3329DA9A83458017474b5Bc62097Cf24f,0x69C6b28Fdc74618817fa380De29a653060e14009,1e-18,0.001200012,confirmed
2025-10-24T17:56:42.075961,ethereum_tx,0xe3327e445f19b34df8c367c50b6ec11b55bc2129706284be59d422fcd6f12eee,9481717,0x61d8838f9A00250C9AF13D622DA7c08c372ee587,0xCf8EDB3333Fae73b23f689229F4De6Ac95d1f707,0.0,0.001100012,confirmed
2025-10-24T17:56:42.075961,ethereum_tx,0xc6b84d10866d801fd12fa6d19349329d4d129a3300b1acc402da3de057b62dea,9481717,0xdD5951600eDf76576866F87580F496BF6063D131,0x282c64A247681e10288864A9E86854Bc76fA48b5,0.0,0.001100012,confirmed
2025-10-24T17:56:42.075961,ethereum_tx,0xd8c741647fd71bfc6480e2cc1c687b76148c4eee76ad14377ce44c1b354ca8df,9481717,0xDB41c0cbFCEf2F0ff1f02Cc5E25A9C6673b4a958,0xc5445e3F1a7428Fb6C39c3016244799D6Cd47e75,0.0,0.001100012,confirmed
2025-10-24T17:56:42.075961,ethereum_tx,0x987568a1f6e430fe124ebccceb832d05a61d1ab26e93b762e70e817199320afd,9481717,0x065bb664C4Bf610558297150b4EDF18c8Ba494e8,,8.61e-16,0.001100012,confirmed
2025-10-24T17:56:42.075961,ethereum_tx,0xadb8d4bd835c8d0378854f9bb7b31c9b4a7d1a049087786e8cbdc5cdf21b08d3,9481717,0xb3a1956Cff1ecc8054B81b0C83b9847CB71384b8,0xCf8EDB3333Fae73b23f689229F4De6Ac95d1f707,0.0,0.001100012,confirmed
2025-10-24T17:56:42.075961,ethereum_tx,0x8dbbd78b9cffd8b73cc582578c3c154f7a05a92bee12f8120909a66dd47209d6,9481717,0x661bA32eb5f86CaB358DDbB7F264b10c5825e2dd,0xcA11bde05977b3631167028862bE2a173976CA11,0.0,0.001100012,confirmed
2025-10-24T17:56:42.075961,ethereum_tx,0x0c14c25a7945e44e101c9ec2a3d17b0c990343a926e03a6a687bd85165771de8,9481717,0x6dB8952e4963541c9Cc8Be7e578E97Fcbd37A576,0x86EFBD0b6736Bed994962f9797049422A3A8E8Ad,0.0,0.001100012,confirmed
2025-10-24T17:56:42.075961,ethereum_tx,0xbd09aa6287313edf19912e3aeb6fa880d40d0bd5274da10e60888616f81ec12b,9481717,0x3Da763C42E438eB17880fB6A83040d6cf13eF03b,0xFf00000000000000000000000000000000042069,0.0,0.001100012,confirmed
2025-10-24T17:56:42.075961,ethereum_tx,0x2f7cc74da0bd2f469ee15c6cf6319e3dd9daac141ed0551253008b01bd0d2998,9481717,0x53e913a4BcA977D4Db12cf23039015E5f05C112f,,0.0,0.001100012,confirmed
2025-10-24T17:56:42.075961,ethereum_tx,0xf8870404ce59be55b618aeef78eb7a4bbf86d40c351b2775d65561a8624ac9b6,9481717,0x49E8d6086D2029C4334188571bf5b22597d596c4,0x49E8d6086D2029C4334188571bf5b22597d596c4,0.0001,0.001000012,confirmed
2025-10-24T17:56:42.075961,ethereum_tx,0x4bc0fd38bd30ce333b1f55fa54a34cbc7039f398a8065242f8d886ab73025f50,9481717,0xF87a6d2Ac032eCAc2834ef98a3f9faF5Fc76Cc23,0x08d2b0a37F869FF76BACB5Bab3278E26ab7067B7,0.003,0.001000012,confirmed
2025-10-24T17:56:42.075961,ethereum_tx,0x65ef579b4dc1f1e77df032701aeb02ad9a27cf6a87131453d219e4ee5094bfb3,9481717,0x9a0dAF21FeF5aa49df88d9123FdBF260b5075430,0x87A3effB84CBE1E4caB6Ab430139eC41d156D55A,0.0,0.001000012,confirmed
2025-10-24T17:56:42.075961,ethereum_tx,0xc471fc9195fbcc66c7db76b7b427240e212116b240d62297bc96b1a2fa631d37,9481717,0x82530F65F0eD60197bE329DC634D1eD47049E205,0xDA0e6DE79DC5B64A4249ea0ac89801f8A0dd049C,0.0001,0.001000012,confirmed
2025-10-24T17:56:42.075961,ethereum_tx,0x4f988b5d28a49b52b5898c75b377550fcd4ebe0c1fd7e1bba3089cc9d8297b9b,9481717,0x89138c9802C8d5b799C28013448a8e996071b767,0xc1d0220d41fd281B84695612a1083aBfD8fb82fE,1.84e-06,0.001000012,confirmed
2025-10-24T17:56:42.075961,ethereum_tx,0x4b4bdfd3691da2555c94af6c2f719b3e20d6fedf26d151cbbe8028e0ef352b29,9481717,0x8859B647f14814906eBF1Be2be1d7cccace32A99,0x03C66CB1826BDB0395BF31E68Bf7E873e9564fFB,0.0,0.001000012,confirmed
2025-10-24T17:56:42.075961,ethereum_tx,0x4a2e154938baa5ca723aa69c292f70bd40bc89706a62c51f378799ddc108fbe8,9481717,0xC57593a62D0EcdEe960a3D06A689Adc2b69D30C9,0x0000000000000000000000000000000000000000,1e-05,0.001000012,confirmed
2025-10-24T17:56:42.075961,ethereum_tx,0x77c59e19bb513bc6c4d6bc0c1f434730fb2147ddb32b41e9e3ca4c3f44988eb2,9481717,0xFF97E2C5848846E38C157570cdf1F1ba84daab3f,0x03C66CB1826BDB0395BF31E68Bf7E873e9564fFB,0.0,0.001000012,confirmed
2025-10-24T17:56:42.075961,ethereum_tx,0x682a312c42791df8e50a1b9f29d6a0e6052a4b22cea183cf780108de95d28a93,9481717,0x4842eD17EF7587D2133e74DB95D6af6345970E5d,0x03C66CB1826BDB0395BF31E68Bf7E873e9564fFB,0.0,0.001000012,confirmed
2025-10-24T17:56:42.075961,ethereum_tx,0xd14faca9cbcf2a34fb2e7e9832d87efcdc983998708cf8a09f1c119dc3f9e969,9481717,0xF4781425165Ad555F3869A71ED0Aa975873B0Df0,0x08d2b0a37F869FF76BACB5Bab3278E26ab7067B7,2e-05,0.001000012,confirmed
2025-10-24T17:56:42.075961,ethereum_tx,0x0bb705609c55150b5dfbbadcaacb1311db0facc4923d87f677169bef5a90663b,9481717,0x08cAFbA672a0Ca10A23e05b9DAc516e294F2e0B2,0x425Fb15bc33F111F483C2BCc74628368490249B1,1.95e-06,0.001000012,confirmed
2025-10-24T17:56:42.075961,ethereum_tx,0x8141e4d6496b24afca5f2038f8a35901dd30985598561a5cea8620cdb5a13374,9481717,0x4d00D817F9f7D1b235F8C74c4792A6990FFfFeA0,0x42C6e5dfD9B51251492C3eE8466f41eb2F5fe28e,2.03e-06,0.001000012,confirmed
2025-10-24T17:56:42.075961,ethereum_tx,0x68a184280e823e9597f77818ae6b05165261cad35ce03353f121ddca4cfb5e32,9481717,0xCeD0E8e27071a8da4D684A55cB4ac2F9E5223C5c,0x03C66CB1826BDB0395BF31E68Bf7E873e9564fFB,0.0,0.001000012,confirmed
2025-10-24T17:56:42.075961,ethereum_tx,0x0910cc865aaa66ef4d7346b464256626ce31671cb0b4a7e497da6b049bf9a6de,9481717,0xf0dE51bE38f9931D29526dc29Ede5A5c42E1dc99,0x853758425e953739F5438fd6fd0Efe04A477b039,0.0001,0.001000012,confirmed
2025-10-24T17:56:42.075961,ethereum_tx,0x3ba0c6e92a30c3f160a56b9304b676c354ca532dfbee8e9d7b83df4ba95e89f8,9481717,0x774780b0A4b5a9AC7ED7B926809A164B11C56708,0x853758425e953739F5438fd6fd0Efe04A477b039,0.0001,0.001000012,confirmed
2025-10-24T17:56:42.075961,ethereum_tx,0xb0b9554ee7442e3e0ce0dba74dd13892542c95dda216ad05d349850bf0b65f14,9481717,0xE6efE0Cd091A5a846DE26668aE434b81DC187A83,0xbCa991f1831bE1F1E7e5576d5F84A645e70F3E4d,0.0,0.001000012,confirmed
2025-10-24T17:56:42.075961,ethereum_tx,0x019fe54730559efc06c6fb1e25a3256a2e26898c861d576e4d09b2825491564f,9481718,0x407379B3eBd88B4E92F8fF8930D244B592D65c06,0x790E18c477bFB49c784ca0aED244648166A5022b,0.0,1.000000012,confirmed
2025-10-24T17:56:42.075961,ethereum_tx,0xb0d52287a7b5a09deb7f3de83731bf24622e38c1176dd097bd254e37a8c75136,9481718,0xa55190AD2E1b428AEcB648E42B5bE766B77F31c4,0xb41B992bd93acB561f5Fa38DDd9115371891AD36,0.0,1.000000012,confirmed
2025-10-24T17:56:42.075961,ethereum_tx,0x0ada43db5c4acdcd9af3ead53a7637f163093246eca1907ec9f6e231230f4dd9,9481718,0xc2c36161322DbC76a9Bb39fe70cAe4830e6b85cB,0x73B668d8374DDB42c9e2f46fd5B754Ac215495bc,0.0,2.000000012,confirmed
2025-10-24T17:56:42.075961,ethereum_tx,0x5233dab6a2e31d3b701762533ef69380814ae2bdd609bc477b2557d485212a74,9481718,0xAFBe647c86E0C913e02f16917D30C8d3BaB1E2A7,0x6478ef33532A67e6184707E19cb3BAAb55378FD0,0.0,1.5,confirmed
2025-10-24T17:56:42.075961,ethereum_tx,0x15c31ee49f1f0ce03c00df924315f8c7e81053b2bc149b2c1e3127c124e379f1,9481718,0xad816c1F0F29f9F289e7397dbeE3D749fB468719,0xc6255a594299F1776de376d0509aB5ab875A6E3E,0.0,1.5,confirmed
2025-10-24T17:56:42.075961,ethereum_tx,0xf1bf7c61c88cfe93cc515a17d3abc7191182aec2b126fe734db610982ea910fb,9481718,0x8EE594D10b1c6Fcc7e73B1c5CdAdA929d902289e,0xc6255a594299F1776de376d0509aB5ab875A6E3E,0.0,1.5,confirmed
2025-10-24T17:56:42.075961,ethereum_tx,0x3186e9db8a596a1a655e10768f21ec1bec16d715c48009b6038e5510777e0696,9481718,0xf59Cbe881372CE2E98eF604d203b2d727c993B64,0xc6255a594299F1776de376d0509aB5ab875A6E3E,0.0,1.5,confirmed
2025-10-24T17:56:42.075961,ethereum_tx,0x247aff7314d23b0ec414eaf22803ed6eee83084a82cc57630a1087613ba657e9,9481718,0xF4d0dE1B19283a25D01152919f561bEfB30435dE,0xc6255a594299F1776de376d0509aB5ab875A6E3E,0.0,1.5,confirmed
2025-10-24T17:56:42.075961,ethereum_tx,0xd4ba9bc683fd357585507f6174d5d7ca15744b913c5c048ba649249e4de2dde7,9481718,0x7cB6063e1057E2e08BBA2e45C218068C5aF29B1E,0xc6255a594299F1776de376d0509aB5ab875A6E3E,0.0,1.5,confirmed
2025-10-24T17:56:42.075961,ethereum_tx,0x749d8f6af9974ac96a61d5b84ea9f8e6f61e6202bdf8e3585262dbb172bc4410,9481718,0xd1E2F21985265C91Ef95A7f30A523671dA256eE6,0xc6255a594299F1776de376d0509aB5ab875A6E3E,0.0,1.5,confirmed
2025-10-24T17:56:42.075961,ethereum_tx,0x7eeb8a8ebb5ce4eac8d7922ef3ccd281220b5878400aba9aad6ae6aff89ed545,9481718,0x0236abd448B0049609688b66b013eFab59fB4E23,0xc6255a594299F1776de376d0509aB5ab875A6E3E,0.0,1.5,confirmed
2025-10-24T17:56:42.075961,ethereum_tx,0x0462cf1f7f79ccef0221819f5416f7d303c7db9fa63ebcd466e113f79894a425,9481718,0x187B50a35130F8386065fD2a3C538Ea1bc219681,0xc6255a594299F1776de376d0509aB5ab875A6E3E,0.0,1.5,confirmed
2025-10-24T17:56:42.075961,ethereum_tx,0xb90eab685b86ea498617b4713f140c4c2a580d71a97c53d065624a006ee59d19,9481718,0x0B0132d46103008C9e6e265df2062A67168C8AF9,0xc6255a594299F1776de376d0509aB5ab875A6E3E,0.0,1.500000012,confirmed
2025-10-24T17:56:42.075961,ethereum_tx,0x7a29fd9015a08463950e443e4d6051dcb9a92248d50c7472aff8ffdeafd32d75,9481718,0x2885d814ac723fd206022F07B0976117E6672eAc,0xc6255a594299F1776de376d0509aB5ab875A6E3E,0.0,1.5,confirmed
2025-10-24T17:56:42.075961,ethereum_tx,0x77e738838c192cd0ed75cfd6637cbf74b78e82feeafd668532e9ff7296e47552,9481718,0x929d51c252661D9cD3377DC93878F27185167Db6,0xc6255a594299F1776de376d0509aB5ab875A6E3E,0.0,1.5,confirmed
2025-10-24T17:56:42.075961,ethereum_tx,0x147e7737b8832f3cd1a54bd0b91461c2fb2a408cf3e871aa888bd6687f9a1f3e,9481718,0x5013609FFEcb9B9288005d700055D45dab1C6682,0xc6255a594299F1776de376d0509aB5ab875A6E3E,0.0,1.5,confirmed
2025-10-24T17:56:42.075961,ethereum_tx,0x29a98992cc83e724b1b9ad726fbc3e6e1bca191c01243019309d5126c6dab35f,9481718,0x0C7A6Eb42aD5508d449eD84d8546C3BDC2056A27,0x55414C542b7AD44C56741205757Ec0b7007c64C7,0.0,1.0,confirmed
2025-10-24T17:56:42.075961,ethereum_tx,0x8141f0dfae07c35cf07af2ccb37fd1e1dc080f31ad66d1654de3a12511e00935,9481718,0x3C95c2633296B264d051498C4b2e982EbB526A53,0x3C95c2633296B264d051498C4b2e982EbB526A53,0.0,4.1,confirmed
2025-10-24T17:56:42.075961,ethereum_tx,0xb22093b1b6661232086ce50a2ed3f4fa36a8bdf58925b0b7754b435823901ab7,9481718,0xE53E1EdC0f1C8bAac0fd0CBc0B408fef33402ab4,0x32787CDa7eB44a561470afB3134465e4d386b301,0.0,1.000000012,confirmed
2025-10-24T17:56:42.075961,ethereum_tx,0xe941219d8bc39e6e67409e664692cd3e6115202acdf80b4fc8e75d04d56387b7,9481718,0x3aEd69DCdCd2a6B25120669889583A379f332982,0x57c5dC670eB6f571bDD8Fc1CF178c46c9A917A74,0.0,1.5,confirmed
2025-10-24T17:56:42.075961,ethereum_tx,0xf8052fc57ba7e2193175512d60850eb9d11009f88164824f7a066108a00a61a9,9481718,0xFFC153CF9C5d5b2FA1c230Cf37AC77a147618C09,0x956962C34687A954e611A83619ABaA37Ce6bC78A,0.01,1.500000012,confirmed
2025-10-24T17:56:42.075961,ethereum_tx,0xaa372bca57dc69d4eaa4632f51511249607a1135cc69c1bf3280e53eb2ced758,9481718,0x53e435B8b0a25225D6557e353b0a32e0FeF185B0,0x2A4496bbC344414e3bDbE6a8E7c40EF007DAeEd1,0.0,1.5,confirmed
2025-10-24T17:56:42.075961,ethereum_tx,0x9b44d22b734d076c262a4862ef11739ca02d8395a3fd9cb5825b64cdb26d8532,9481718,0x3f1Fb60C13A5b4Dcb7E20dc9B969069C389641cb,0x2A4496bbC344414e3bDbE6a8E7c40EF007DAeEd1,0.0,1.5,confirmed
2025-10-24T17:56:42.075961,ethereum_tx,0x7aa8633b8e85cbcada34b3c4c85fec59ed278277c89c742322e9549bc2ae8ddd,9481718,0xa02Ed275979e51d387f3694424021da4d784442F,0x2A4496bbC344414e3bDbE6a8E7c40EF007DAeEd1,0.0,1.5,confirmed
2025-10-24T17:56:42.075961,ethereum_tx,0x77f490a0ad3434b36d9b4489f64e7381a1b4bbc07189a1cef2c1e755e600670c,9481718,0xAD1fe5D86ecb9903Ac72aa87CcFB9EcF3B0aDE78,0x2A4496bbC344414e3bDbE6a8E7c40EF007DAeEd1,0.0,1.5,confirmed
2025-10-24T17:56:42.075961,ethereum_tx,0x454739fd6ab8016510c9422cff8eb376b282c72a9c78463e0274a515e42d0637,9481718,0xD8615FF65005221fB64B363DDFac0eaD65A13F8A,0x2A4496bbC344414e3bDbE6a8E7c40EF007DAeEd1,0.0,1.5,confirmed
2025-10-24T17:56:42.075961,ethereum_tx,0x33ea3753b083f76c1d7a4acbefef4b3e0db849ababe1966f69d5a87a748c6757,9481718,0xC43AC93336B9ad39B1a8b7cf873ccAaf5bd7b9F6,0x2A4496bbC344414e3bDbE6a8E7c40EF007DAeEd1,0.0,1.5,confirmed
2025-10-24T17:56:42.075961,ethereum_tx,0x1f4666dab804610c6bdc3de4e9abbf127737eef28a30658a5c8e593313bccbb8,9481718,0x977193653A657e558D4e8837D54DcB2597E2c36e,0x2A4496bbC344414e3bDbE6a8E7c40EF007DAeEd1,0.0,1.5,confirmed
2025-10-24T17:56:42.075961,ethereum_tx,0x5f2e8b2a93003476c3cac9526c1741d6aed3c93ac150a004964eb3921adcb526,9481718,0xb4289959b34667674d6d3ebD93d42aEFd5fD5492,0xae10A928B9a5d3Cb9eaa6dD57517a1b58dFbb6cB,0.0001,1.500000012,confirmed
2025-10-24T17:56:42.075961,ethereum_tx,0x2c6c2a866e389e8db5fdea1e410644c4c6ee517e81ae1e8c39f293b25fe11284,9481718,0xfDBE0F9dc31f2B2Af3E0211dbbBa18e6c05BA815,0xBC04d69Ecd7890699b2BE7924eA86474e15098E6,0.599968499999811,1.500000012,confirmed
2025-10-24T17:56:42.075961,ethereum_tx,0xa2be1ed73033f887576f4f2e3c341150f50cdf975625922d5afa135681daa91f,9481718,0x6adbFB2d5D377612c5D3Fd9373934FbdcEaC160F,0xE3f806dC5c760A4c6614D8926E39e2A2D49d5C78,1.08e-05,1.5,confirmed
2025-10-24T17:56:42.075961,ethereum_tx,0x8cfe18ac0df27e3fe4ac9bdcbe4d1b343f14dfd0d8a2ba51ff9913805db72405,9481718,0xF0FEd0C0192539a1076d8BDa1233f414704d98Be,0x00D22efF04CF7d0f5A355A6D9A06E43120398dA6,0.0,1.000000012,confirmed
2025-10-24T17:56:42.075961,ethereum_tx,0x803477ab0b06331990698a420cc24497ca3e3854c207d9365f6f675539640f4f,9481718,0x10eddC00D507E4C161e3A57C2920B2564ddBcB99,0x0017534462B1f8d26fCf0cb4042Cf1c5ae0BF65d,0.0,1.000000012,confirmed
2025-10-24T17:56:42.075961,ethereum_tx,0x2dde02fb7ebe5a49754f450762587257bc030257fbf30a1e69be331b319b0433,9481718,0xfFff4cD2E6a13fEfC53c608a12A366c4EdF91b5E,0xff00000000000000000000000000000487488755,0.0,1.000000012,confirmed
2025-10-24T17:56:42.075961,ethereum_tx,0x806653e9948d0876de15cc350d14bf442ce96f8a4f120a2dfb9eb5e5c0cb20ca,9481718,0x065bb664C4Bf610558297150b4EDF18c8Ba494e8,,8.61e-16,0.001100012,confirmed
2025-10-24T17:56:42.075961,ethereum_tx,0x79aa06f7cddf02426ebdbedaf643196f21f19c31aab78d98317915f28c345123,9481718,0x6d95AbF89c16Bb1682DEa4b31C85e311D569567e,0xEa1499503adDDC74Fc284a5707D29bCAc8cd48ca,0.0,0.001000012,confirmed
2025-10-24T17:56:42.075961,ethereum_tx,0xfb58b01e2dd1e57fbdd54b1bcdfd713ed1b8c2355e40e52a58bcc48166bfe8a3,9481718,0x4Ae2f6f36063acFfdE286BbAF553bE8f233c5325,0xf993E10C83Fe26DddFc6cb5E82444C44201e8a9C,1e-06,0.020000012,confirmed
2025-10-24T17:56:42.075961,ethereum_tx,0x4a167f149bc1669aa76a23aa8acdd061a98cd89dbd4df34800d4830b593271c4,9481718,0x2895e378B75CE6DD632a9C26d808D47567203c41,0xf993E10C83Fe26DddFc6cb5E82444C44201e8a9C,1e-06,0.020000012,confirmed
2025-10-24T17:56:42.075961,ethereum_tx,0x44dd34c28fcc9d88f6628939ddd74f8c94aeae3d94664aced0e35c4a8637ff4a,9481718,0x8b25794714130A31fcf426aFc0c9D78F564076a7,0xf993E10C83Fe26DddFc6cb5E82444C44201e8a9C,1e-06,0.020000012,confirmed
2025-10-24T17:56:42.075961,ethereum_tx,0x263cac010456967626037d1b73811601fb446ca2219603528abe6140d8b6d6e8,9481718,0xd2404cA04De6B86a74a0C9c33B9415Bb9200833f,0xf993E10C83Fe26DddFc6cb5E82444C44201e8a9C,1e-06,0.020000012,confirmed
2025-10-24T17:56:42.075961,ethereum_tx,0x923c1469bc57f0a4b1c3406053b83bb79a329aa89eb58fa83ec9d1a035994535,9481718,0x0a8F15d128dBb7Df70A8960524df2f5917E507e3,0xadDD620EA6D20f4f9c24fff3BC039E497ceBEDc2,0.0,0.020000012,confirmed
2025-10-24T17:56:42.075961,ethereum_tx,0xc8025515dc536f49e013d3c5f242c4839e90f3385f26131f5e721fc1dd361f0d,9481718,0x6d7927C0D236388319864007681BC0C6b844Def8,0x12e1181a741b70BE6A9D81f85af3E92B6ba41897,0.0,0.001300015,confirmed
2025-10-24T17:56:42.075961,ethereum_tx,0x06aaa879b583697b4e63f9fc3452901f45af618005dfa6bed0c2f872e187c621,9481718,0x700052713B68C61B576E35DecbE204B62Fd18cE4,0x7215691F60C4fA7Bb82c5Ac44c7d57dc32bB0493,0.0,0.001052644,confirmed
2025-10-24T17:56:42.075961,ethereum_tx,0x43293c70fc2e48f638016f87569b18e59b191e88370806d0795dc80a602c8266,9481718,0x5d72984B2e1170EAA0DA4BC22B25C87729C5EBB3,0xd4116f515A6958da851080B390DDE4B81f408978,0.0,0.001,confirmed
2025-10-24T17:56:42.075961,ethereum_tx,0x8b94c08bfff3d2ae9f33fa6dd8442af81d371403ab2609e185c0b39f32536f71,9481718,0x27A88B8846882507bab868974805339d4c438667,0xA73aFb610aC79A729A393D679029fCf9618854AD,0.0,0.001100012,confirmed
2025-10-24T17:56:42.075961,ethereum_tx,0xd59c24dad17349394a24add0cf453c2db8d5db18ca281dc4992f729b926a2584,9481718,0x4F379424719a1feF0196F4913DccF3eB6d49AdE9,0x5EE3D1449Bd00d6Bd028F6914f46e0Fe9fDfdEC6,0.0,0.001100012,confirmed
2025-10-24T17:56:42.075961,ethereum_tx,0x68464cc0bf4fd9a0c9f0300fb18271e480f991c1e7e97a06b7014865f1c2989b,9481718,0xDB41c0cbFCEf2F0ff1f02Cc5E25A9C6673b4a958,0xc5445e3F1a7428Fb6C39c3016244799D6Cd47e75,0.0,0.001100012,confirmed
2025-10-24T17:56:42.075961,ethereum_tx,0x068701ee829f7ec2fbaec1e2cf8e61dad7361b8b152f23472a222cda3b42b420,9481718,0xC9b457C56Cd21ec88929C49BF052b856744fAE5f,0x0820f975ce90EE5c508657F0C58b71D1fcc85cE0,0.0,0.001100003,confirmed
2025-10-24T17:56:42.075961,ethereum_tx,0x957b67867f14b35f09e5f526df10e6a55bbdb5a01259039c20c15ff4634055b1,9481718,0x4E05B8c5A7F38599C59322F96d692bBA2317fc62,0x87A3effB84CBE1E4caB6Ab430139eC41d156D55A,0.0,0.001000012,confirmed
2025-10-24T17:56:42.075961,ethereum_tx,0x641bb8e1f21c7df7092670f88cbb6e12f783a7652964b00225fc87450bee91e6,9481718,0x88b2349DCc8FdA8fe83b54572986023CAa1694eD,0x87A3effB84CBE1E4caB6Ab430139eC41d156D55A,0.0,0.001000012,confirmed
2025-10-24T17:56:42.075961,ethereum_tx,0x4933a7f6da8419cf66ec9023c14ebeb253f38dc209d5a3d5decfc112540ba912,9481718,0x61d8838f9A00250C9AF13D622DA7c08c372ee587,0xCf8EDB3333Fae73b23f689229F4De6Ac95d1f707,0.0,0.001100012,confirmed
2025-10-24T17:56:42.075961,ethereum_tx,0x8033de9e789b16ca50519afbcacf6e73c76ddb4a71a58acbd8937d8a71d4b502,9481718,0xB4fC80AEc34911C5d761259E74aE8a24c2C5D995,0x72de35dC43acfC49B6B21e559F8cA586e0E12011,0.0,0.001300015,confirmed
2025-10-24T17:56:42.075961,ethereum_tx,0x7452b174532c52804181075a7f9dfbedd07f9aea4a6e4687db69a387d636837a,9481718,0xb3a1956Cff1ecc8054B81b0C83b9847CB71384b8,0xCf8EDB3333Fae73b23f689229F4De6Ac95d1f707,0.0,0.001100012,confirmed
2025-10-24T17:56:42.075961,ethereum_tx,0x782ef0dc2259ac699948f1d50305c310ba7ad006f743e4da70de945681798b94,9481718,0x2bF249347603772D67BE9c1527AB906a1b091181,0x956962C34687A954e611A83619ABaA37Ce6bC78A,2.4900599468598e-05,0.001500018,confirmed
2025-10-24T17:56:42.075961,ethereum_tx,0x0559ab404beb29c3724adb8d712192d7c1bd8fdcd92ac2246db46cc322f32e7d,9481718,0x90727D6eaAb2077b6c4aA88BE8dFa40B0c5F0288,0x956962C34687A954e611A83619ABaA37Ce6bC78A,2.161429693069e-06,0.001500018,confirmed
2025-10-24T17:56:42.075961,ethereum_tx,0x250b841a7ac3b9fd0db82ef2503414a6a1598c0c6ad6263c6dfa896aea9e6bf0,9481718,0xd25DB2Ff2263A31b192EE117eB83E7792C01d58f,0x956962C34687A954e611A83619ABaA37Ce6bC78A,0.000219,0.001200014,confirmed
2025-10-24T17:56:42.075961,ethereum_tx,0x50c62df84afaf3eeaa7c12cdd0bccc3a313d00a6896c71842d7d76a049a19e78,9481718,0x3Da763C42E438eB17880fB6A83040d6cf13eF03b,0xFf00000000000000000000000000000000042069,0.0,0.001100012,confirmed
2025-10-24T17:56:42.075961,ethereum_tx,0xc2d4e36c413262ef7c3f7770aa08aa7d055915576b453ce7c8bde95226769a66,9481718,0x9a68DCD292B2a47C4cbdE95Ac7f88155A914E6cd,0xc6255a594299F1776de376d0509aB5ab875A6E3E,0.0,0.001000012,confirmed
2025-10-24T17:56:42.075961,ethereum_tx,0x0b01311dc1639c66757c2d29c3887d13e96b398307220848c82f8484cc8045d5,9481718,0x9b9f21Fd5a1f410d97B104Ce5946AaB6dF899DE7,0xc6255a594299F1776de376d0509aB5ab875A6E3E,0.0,0.001000012,confirmed
2025-10-24T17:56:42.075961,ethereum_tx,0x8a06f527ab7de06f185220f9fb2736a0966292d0d492efb0ab060c71aa32f5a1,9481718,0xe03F5Eea59b3e719653d522811A49E089FA0DE8e,0x956962C34687A954e611A83619ABaA37Ce6bC78A,0.001,0.001,confirmed
2025-10-24T17:56:42.075961,ethereum_tx,0x3f75288543eb44f8312887818fae44966fcaa1e9a7a4d4550a54761d41d8c01b,9481718,0x3B290E03716f3B5AD76477aE17694Af5411dDb63,0x956962C34687A954e611A83619ABaA37Ce6bC78A,0.001,0.001,confirmed
2025-10-24T17:56:42.075961,ethereum_tx,0xebe88a536014585faa708f1b199763d47187a6aabc25d7905b6f3a0309772e39,9481718,0x9b05e0E7da7C221E3d731acBE80B09E439aEbF3d,0x956962C34687A954e611A83619ABaA37Ce6bC78A,0.0001,0.001,confirmed
2025-10-24T17:56:42.075961,ethereum_tx,0x9588bb232952a8092b80a210821d31c9c333aa806c8bc09f141c051ac388d3ad,9481718,0x880b27A0405a2C93816975a6b50786F3D75C7E91,0x956962C34687A954e611A83619ABaA37Ce6bC78A,0.0001,0.001,confirmed
2025-10-24T17:56:42.075961,ethereum_tx,0x6b3bb565ae1dcc404b7c3ea196779c9ffa441a0b5b0ebadbc38c5601a6a4ad42,9481718,0x4C795bbe90Dd52690B193B870345997aCf349FcF,0x956962C34687A954e611A83619ABaA37Ce6bC78A,0.0001,0.001,confirmed
2025-10-24T17:56:42.075961,ethereum_tx,0x6a632f4219be7c7782eb4a0d8c23a2d1cdcea59916d63a2c9b4881861e49d9df,9481718,0x8c1Dc7f4a1ec25889BF9ea1E6b6092061267b570,0x956962C34687A954e611A83619ABaA37Ce6bC78A,0.0001,0.001,confirmed
2025-10-24T17:56:42.075961,ethereum_tx,0x60f35e20ed8c6db933f012a137138c289cb8b835caac0df488c50e5696a62e8e,9481718,0x9C8FaA60ac71ad698FA1E9ba77C7F409eF4834cf,0x956962C34687A954e611A83619ABaA37Ce6bC78A,0.000132,0.001,confirmed
2025-10-24T17:56:42.075961,ethereum_tx,0x55577e4752aa14918cc674a273aae67afcaa6f2056e5038bf38c3933eebb046e,9481718,0xbA288D5841f1d2702A096679C01838cB945CBc6B,0x956962C34687A954e611A83619ABaA37Ce6bC78A,0.0002,0.001,confirmed
2025-10-24T17:56:42.075961,ethereum_tx,0x50588f9e38512318f3a94348a18042ada78ca929d9a69693f89080dda41a7c02,9481718,0x7995bA1589383Ef219916fb74A3C7fA084642365,0x956962C34687A954e611A83619ABaA37Ce6bC78A,3e-06,0.001,confirmed
2025-10-24T17:56:42.075961,ethereum_tx,0x19bf745088e4eb2fcefa98a87a31d1aa30618dc8cfd9f549c76856e5709288a4,9481718,0x7E71608178d18B56C7E478867D6777b90f46C71A,0x956962C34687A954e611A83619ABaA37Ce6bC78A,0.0001,0.001,confirmed
2025-10-24T17:56:42.075961,ethereum_tx,0x0a17d043ada9514a5ebda83be4eef75124718abc60fdcdeb884dfc92712e007a,9481718,0x3147f2B54f644d58360c70FCA54826d0dd36f0aD,0x956962C34687A954e611A83619ABaA37Ce6bC78A,0.0001,0.001,confirmed
2025-10-24T17:56:42.075961,ethereum_tx,0xff615245cba849056eb08532181db5a81d056b334ded112a676aeb52419b8808,9481718,0xC7a0a399b846fd6c539A351f4e0Ff5bc2af14854,0x956962C34687A954e611A83619ABaA37Ce6bC78A,1e-07,0.001,confirmed
2025-10-24T17:56:42.075961,ethereum_tx,0xe3858b3b941056d71139016587ef291b358264943161782f41cdabdabdde1e5a,9481718,0x03901b160bC68a674298f7642a6Bd437c3bE6e62,0x956962C34687A954e611A83619ABaA37Ce6bC78A,1e-06,0.001,confirmed
2025-10-24T17:56:42.075961,ethereum_tx,0xd69c4013e825e9d7037cc56a05d14961c7afa95fa16baf8ba4839ba9910dea64,9481718,0x2483145Bb8A65bA4C7aA43A6370A053261e836Fd,0x956962C34687A954e611A83619ABaA37Ce6bC78A,1e-06,0.001,confirmed
2025-10-24T17:56:42.075961,ethereum_tx,0xd33ad87a10c3a600660d52fc28a74063c671e4e0a9aa591428c22ae3b16c24f6,9481718,0xcC05E956be7B2F3AdCD13cc6005C1C87bc3E5F78,0x956962C34687A954e611A83619ABaA37Ce6bC78A,0.0001,0.001,confirmed
2025-10-24T17:56:42.075961,ethereum_tx,0xd005242527a46bc2d56856b9ba6f4b66494cb931b858debd3f7af8a68c076716,9481718,0xC1b38C327e5ad86Ef1995Fa79e1477D269eF31A2,0x956962C34687A954e611A83619ABaA37Ce6bC78A,1e-06,0.001,confirmed
2025-10-24T17:56:42.075961,ethereum_tx,0xcb6879f7a3ff2f8d41676424d86e35ac561f7d37cd2c0297ec0350c8ec2d249f,9481718,0x94B794E59838De302CCf043d1c7C5E14fc6473A1,0x956962C34687A954e611A83619ABaA37Ce6bC78A,1e-07,0.001,confirmed
2025-10-24T17:56:42.075961,ethereum_tx,0xc4156d72b31c422ad4853f03252a5e01ec1cc8105024ea9b6aeecd20619e976b,9481718,0xc6AA7B2aD49d9aB8c22136f70f43261e94023688,0x956962C34687A954e611A83619ABaA37Ce6bC78A,1e-07,0.001,confirmed
2025-10-24T17:56:42.075961,ethereum_tx,0xbae6d7726634de892d0b105b1b64bc323c708e8ff7985b8308d1b2c0e7dc95b8,9481718,0x1F8A262E5A472191842c8B7dd1c312D85f7E6bA3,0x956962C34687A954e611A83619ABaA37Ce6bC78A,1e-07,0.001,confirmed
2025-10-24T17:56:42.075961,ethereum_tx,0xa135e4d321d476de6a5b01e635e894b0131eae2378123f8f504245c70ff4aa92,9481718,0xC5fE9494c40662D15fc0969fECBcd1D918bCA071,0x956962C34687A954e611A83619ABaA37Ce6bC78A,1e-07,0.001,confirmed
2025-10-24T17:56:42.075961,ethereum_tx,0x911e6c08a10128416a588d0e2738ded8db88e52774cb7f6004ccb692cd102491,9481718,0x0119046A37EbFF708fDa5B52844a683B3623aF5D,0x956962C34687A954e611A83619ABaA37Ce6bC78A,1e-06,0.001,confirmed
2025-10-24T17:56:42.075961,ethereum_tx,0x64d22b45ec438555515b835061a9fd03edd23e266d53a890bb55ff7ea48fa893,9481718,0x7c81307C2d31E49CcA45Fa465E4cA233171Dd61A,0x956962C34687A954e611A83619ABaA37Ce6bC78A,1e-07,0.001,confirmed
2025-10-24T17:56:42.075961,ethereum_tx,0x5c6c2003332cf3cb65017a61d3a43fa22bdfeedfbc47ddf5de1b333e2c346668,9481718,0x838479B097fe341b0114D3C835710bD249a3599b,0x956962C34687A954e611A83619ABaA37Ce6bC78A,1e-06,0.001,confirmed
2025-10-24T17:56:42.075961,ethereum_tx,0x561d6a1c47a54f90010748f2335d189e101a514a3aa460be65a5208430fe3afc,9481718,0x55FE1ab3390E3d66064D4f4F11B92c2ED0F03C20,0x956962C34687A954e611A83619ABaA37Ce6bC78A,1e-06,0.001,confirmed
2025-10-24T17:56:42.075961,ethereum_tx,0x4f56dd9989ad087d7537e74f7d05a1850dbe1f733ff5b3822fe10a6b6a7ac209,9481718,0x939AC431a8BFA9183920fA855dA9A4B109554D44,0x956962C34687A954e611A83619ABaA37Ce6bC78A,1e-07,0.001,confirmed
2025-10-24T17:56:42.075961,ethereum_tx,0x2b96d92efee18eb274941db00359538c73d88b75b1aade8c4ab080168fc91da7,9481718,0x3E2aEB729b82Edb5ce1Af01c02746625C71C79f5,0x956962C34687A954e611A83619ABaA37Ce6bC78A,1e-07,0.001,confirmed
2025-10-24T17:56:42.075961,ethereum_tx,0x21c24445ff542d0683f3e37e1d852220541e5d70f82910d1e6836c98420a4359,9481718,0x8Dfe90E5a0E285741723cdDEa9615ECbF6E2A2cb,0x956962C34687A954e611A83619ABaA37Ce6bC78A,1e-07,0.001,confirmed
2025-10-24T17:56:42.075961,ethereum_tx,0x1c68477506b326082c51efd1668c0cdafc887891d0dea4a6b733212c89153a87,9481718,0x9dc66AB5cDf7Fac6d01b994284950d8585ff7022,0x956962C34687A954e611A83619ABaA37Ce6bC78A,1e-07,0.001,confirmed
2025-10-24T17:56:42.075961,ethereum_tx,0x1752c90f1b4e88bd527ff1fc0df9404144b9b989067c7eeec5868d589436bcd4,9481718,0x7E503029C6410f7859759E9afC2c18bF7C5A4954,0x956962C34687A954e611A83619ABaA37Ce6bC78A,1e-07,0.001,confirmed
2025-10-24T17:56:42.075961,ethereum_tx,0x104454dac1dfcbbcc44c7eae7aca199644dd5e973d0d1095ac03cf430df20f79,9481718,0x65163C4765c42a07aff72A1235C1F87F7660Aa0E,0x956962C34687A954e611A83619ABaA37Ce6bC78A,1e-07,0.001,confirmed
2025-10-24T17:56:42.075961,ethereum_tx,0x07863f79a24f55e781e2c4cb17debee70f6b70f28b84e1d4080726f752c19d1a,9481718,0xF7067502F610fBcFA7158416af7550c0Bb24C020,0x956962C34687A954e611A83619ABaA37Ce6bC78A,1e-07,0.001,confirmed
2025-10-24T17:56:42.075961,ethereum_tx,0x042f93d2a8b152edb00ead8180a2bea259e22b59dc34ddf624163e1883f73be5,9481718,0x4762AF5868dCb9c59B3F8cA8d701C603c1E6BA3F,0x956962C34687A954e611A83619ABaA37Ce6bC78A,1e-07,0.001,confirmed
2025-10-24T17:56:42.075961,ethereum_tx,0x02d788e92ad5df1a8ecfa73aac87e1d00787212e9ee4bc76f7b0e7acc869bde5,9481718,0x33a7C77d74A3FF7D1644DBFbbe1d59b942ca4982,0x956962C34687A954e611A83619ABaA37Ce6bC78A,1e-07,0.001,confirmed
2025-10-24T17:56:42.075961,ethereum_tx,0x00b7d7181d92b4e94e20ccac451ad6bfd4771b7704399d6ea30b2cf3535a86a4,9481718,0xF059847bF7c865F2Ef2d242e919Fbbd994E94F76,0x956962C34687A954e611A83619ABaA37Ce6bC78A,1e-07,0.001,confirmed
2025-10-24T17:56:42.075961,ethereum_tx,0xa8c3ea82272e74a59d03f78d94a67d175ba237e46082f0993381a20a9258baa0,9481718,0x1173dDf41d180D670F5B6Ac3fe00054F7D69bD0b,0x956962C34687A954e611A83619ABaA37Ce6bC78A,1e-06,0.001,confirmed
2025-10-24T17:56:42.075961,ethereum_tx,0x92a70393fda3cc44aff7b6e5559cec844e843024fb5c45b8945609c1f3c9133f,9481718,0xDE3f5aa919f3310500D433fdf5F739Ba443ECAce,0x956962C34687A954e611A83619ABaA37Ce6bC78A,1e-06,0.001,confirmed
2025-10-24T17:56:42.075961,ethereum_tx,0x63a8e4fbbfe0671895e9252b39af26f7eb4587cacff369a9d6308f90f4dd2d5c,9481718,0x1CEC97bfF5D6440659c56FB200A66c45152c7298,0x956962C34687A954e611A83619ABaA37Ce6bC78A,1e-06,0.001,confirmed
2025-10-24T17:56:42.075961,ethereum_tx,0xf01b097d918ec3fc11ef2193a5ead2f91451f4e4f56b15589d91a80b2f4e2692,9481718,0xFe770D41c852a753884dCB3f40927caa2fb67060,0x956962C34687A954e611A83619ABaA37Ce6bC78A,0.0,0.001,confirmed
2025-10-24T17:56:42.075961,ethereum_tx,0x10f15f06ae70cf569f6597a20f49354844fac07052bdaf1f12d224cb72ecfdf0,9481718,0xdcC8dB3296eA8bAF6a7Ae681f4a47CDfEB1A61bD,0x0dBe699e2DA0c5eB5F232f10CE736022C6c85E53,0.0,0.001,confirmed
2025-10-24T17:56:42.075961,ethereum_tx,0x99572f5762235785d853e8f699e1c0b8bf0791c4f14ad64f6b7733741a039335,9481718,0x58CF76B0e37D1FA833900aA0d68A8Cd8e19a4187,0x3eDF60dd017aCe33A0220F78741b5581C385A1BA,0.0,0.001052644,confirmed
2025-10-24T17:56:42.075961,ethereum_tx,0x435453e4d78d9cabbb2094922524cd3f72be78bedd9d8b22527f88d6b64d8c29,9481718,0x83d01e6104A00FC3b6B6F68920a5703768F4Be1a,0x3eDF60dd017aCe33A0220F78741b5581C385A1BA,0.0,0.001052644,confirmed
2025-10-24T17:56:42.075961,ethereum_tx,0x4b446d8d08d52d0b352b73b2b5bd38fa679ecfb26042f808aee9cbdf893d0712,9481718,0xF7176593E3B1A1Ed40dCCea9933Ee6DC4C063BCb,0xa7a7AF22A88C5dc519A7811c0c5604dce692BA65,0.0,0.001000012,confirmed
2025-10-24T17:56:42.075961,ethereum_tx,0xf65e7302aeeab5a925af6330d0e49ff9f54ee0cca6ae4fa9ba2c3bce3903ba5e,9481718,0x401c66ab5B28a7b262f253659cC2f0Bb72528585,0x03C66CB1826BDB0395BF31E68Bf7E873e9564fFB,0.0,0.001000012,confirmed
2025-10-24T17:56:42.075961,ethereum_tx,0xbbadfe6ce879add2831803ffdeadf9e24847cf22946b1d860742ecc33af86ad9,9481718,0x960654fc18F7f331c1ADB6aA7F8A35fa016e01F1,0x03C66CB1826BDB0395BF31E68Bf7E873e9564fFB,0.0,0.001000012,confirmed
2025-10-24T17:56:42.075961,ethereum_tx,0x7219dd0aeb9f4b029e32a2bc7770b3463eb4a10dbe65c47030bd7805add80514,9481718,0xfbd67163592c931063E61aF7ff65462490FAa725,0x03C66CB1826BDB0395BF31E68Bf7E873e9564fFB,0.0,0.001000012,confirmed
2025-10-24T17:56:42.075961,ethereum_tx,0x3d6dc2ed3a486b8be7759da770f20c4a8880c4737f273f95e9b6c3715f865391,9481718,0xF78353259dd50fb4958cD6cea617021BD4d3F2A4,0x03C66CB1826BDB0395BF31E68Bf7E873e9564fFB,0.0,0.001000012,confirmed
2025-10-24T17:56:42.075961,ethereum_tx,0xf65594cba4d52aa49e5333d316df07713e8e1c1a199aa2975ac970ab5bac076f,9481718,0xb18ad974b6853092e902dF327171B6D9a2F59D87,0x69C6b28Fdc74618817fa380De29a653060e14009,0.0,0.001100012,confirmed
2025-10-24T17:56:42.075961,ethereum_tx,0x82f1a8a5657f91480aaa165a9f89bda0f31485f3d0065318bc32ec04451c1486,9481718,0xaa4878DfBB72F51Eb519caA96a6a064946e95724,0x83458E8Bf8206131Fe5c05127007FA164c0948A2,0.0,0.001100012,confirmed
2025-10-24T17:56:42.075961,ethereum_tx,0x0cfe3d972fbc1ce8c3554b3dccca65f2222b1aa3a261a14b8f368cb3ef08956c,9481718,0x6EFB29CEe3b414272EB7A8F3Ebabf873D36bC033,0x41a177f7a655c53aA932f813fec1eBDc879810aC,0.05,0.001100012,confirmed
2025-10-24T17:56:42.075961,ethereum_tx,0xfa515390c1a00e07504198d9513af9c29818e5f3bfe99f87e1e149a780e25502,9481718,0x2F3B351b88Ca8D038aC4Fd51DA591250F9031046,0xB481e44657fBC58A0e39107Cb8A9D6658EAC0288,2.51e-06,0.001000012,confirmed
2025-10-24T17:56:42.075961,ethereum_tx,0xf5b314d9d9d864edf4b2321f0e5b9fc0a8451bcafc61a10e73cdb4e7644bbd9c,9481718,0x08cAFbA672a0Ca10A23e05b9DAc516e294F2e0B2,0x107a76A1ee21E2D992f1bA328A238F1a16bBF600,2.02e-06,0.001000012,confirmed
2025-10-24T17:56:42.075961,ethereum_tx,0xeb000e6f767926e2f5eb68c493d6bbefd4a22644f3553aa8541e7de08cb2e715,9481718,0x6bE643AC3FAB8082d3687756F0E11Edc425aCA25,0x0000000000000000000000000000000000000000,1.95e-05,0.001000012,confirmed
2025-10-24T17:56:42.075961,ethereum_tx,0xa8c10c039d7d2a7f743b437aa70334022b3c1bb637e8f55ceedf50916484e8b3,9481718,0x4c5C93E3cbc8cD29F7438cE433027dc1358e7129,0x08d2b0a37F869FF76BACB5Bab3278E26ab7067B7,1.96e-05,0.001000012,confirmed
2025-10-24T17:56:42.075961,ethereum_tx,0x9b332006a2748734db7652003fa75407bced8434a26d888f0f24aff3ff447cc2,9481718,0x6dBB00C10BDE382b679279C10FADD7c9b42f3fBF,0x6dBB00C10BDE382b679279C10FADD7c9b42f3fBF,0.001,0.001000012,confirmed
2025-10-24T17:56:42.075961,ethereum_tx,0x90e29188f3cfca148f66fe3ec37cb7e726e0e56de20fcde10fe8201ba34ab7de,9481718,0xC57593a62D0EcdEe960a3D06A689Adc2b69D30C9,0x0000000000000000000000000000000000000000,1e-05,0.001000012,confirmed
2025-10-24T17:56:42.075961,ethereum_tx,0x53f2c5276d0460353e6f43772a6dcd59dd1d4c6dd4e1e0ccee61ea7a3d8280ee,9481718,0xE87AF25BC489154B9f9C600b4e3d958af85bA995,0x08d2b0a37F869FF76BACB5Bab3278E26ab7067B7,6.4e-05,0.001000012,confirmed
2025-10-24T17:56:42.075961,ethereum_tx,0x2c5aa9003f43d586291ab97856edb011c6cab23d447ffa2f5097ea5d300b740b,9481718,0xF87a6d2Ac032eCAc2834ef98a3f9faF5Fc76Cc23,0x08d2b0a37F869FF76BACB5Bab3278E26ab7067B7,0.001,0.001000012,confirmed
2025-10-24T17:56:42.075961,ethereum_tx,0x2410c8d59f44fc5ef10222239475af3e2cda1495f5d4bfa7aa40e5418ea6a161,9481718,0x5424e7144F1269cB1e73f1608896AB1b150E8e31,0x9542F67DDb7762ac4b450C1F595f4376dD6C5D6f,1.59e-06,0.001000012,confirmed
2025-10-24T17:56:42.075961,ethereum_tx,0x172eeeb0cf95bdf9cd94923f64393409316fcef21334add71314d5204dddcfd1,9481718,0x05D890e81A0215DF0A751861ec3221E332F83647,0x08d2b0a37F869FF76BACB5Bab3278E26ab7067B7,1.96e-05,0.001000012,confirmed
2025-10-24T17:56:42.075961,ethereum_tx,0x0b0296a28c84f8d0979ac73ce05ccf559efc2ca8da53e4e7329aab960beb7c70,9481718,0x6d50EDC485a5c5C8E57e45994de1C8f8A11A7cee,0x97b7Af86e9231aA66fa6aF1D79d0103E0Da99288,5.6e-05,0.001000012,confirmed
2025-10-24T17:56:42.075961,ethereum_tx,0xceca3ace2e81ea49f520435f33ebce82f355242bc017694a5a0847fec3e0a4cc,9481718,0x78Bdc100555672a193359bd3e9CD68F23015A051,0xF3fB62E0CC08eB1fE9fa090aa4f18A09B49e4f96,0.0,2.7e-08,confirmed
2025-10-24T17:56:42.075961,ethereum_tx,0x8f63b12205884ced533968f653a8d75c0df0c4d94a920938fa181bb38b0d708a,9481718,0x13CB6AE34A13a0977F4d7101eBc24B87Bb23F0d5,0x0c06B6D4EC451987e8C0B772ffcf7F080c46447A,0.004894260782056988,1.2e-08,confirmed
2025-10-24T17:56:42.075961,ethereum_tx,0xd66c83f993f7bf67e0f693c352bcca788b5b3d276985eb425926b0d60988d632,9481719,0x4a83f70D72feD06D90B1CA1A507968AC59F87985,0x956962C34687A954e611A83619ABaA37Ce6bC78A,0.001,1.500000012,confirmed
2025-10-24T17:56:42.075961,ethereum_tx,0x66fa45a7e2ce28acb34593b446e052bea06e090a1164acbf1281d1fc252456f6,9481719,0x018Ecd0cC400C083a74E44a69056D82Adb089F41,0x5e60a4e290DF0439384D9Fdb506DE601F9D4B038,0.0,1.500000012,confirmed
2025-10-24T17:56:42.075961,ethereum_tx,0xafc4e48c39147375dc4ed7d9c3ae6c284ca08421f2244c7062109d9ee636b6a5,9481719,0x8d07558E3996Aa9dca649237C4429Fd375F5b75D,0xd110672E48c5B29ca911821539b7F202F3d6a9BD,0.0,1.500000012,confirmed
2025-10-24T17:56:42.075961,ethereum_tx,0x044ed5c169d74dd166bcb6c42a2ca5165c2b9869b847bfbc1cfd7ce9f89a9b04,9481719,0xB155De73b1a0E4361E1d54eA86536c2059897C53,0x6697452475A0C858218eb54247Ffdc9c8ca977cb,0.5,1.500000012,confirmed
2025-10-24T17:56:42.075961,ethereum_tx,0x9f72008dd8e479f3d98789cdcee88365eb60b25877175a1a245bfbc51e610253,9481719,0x4A5F10E57A6D661D0cdA5bD727aC1968C1E03053,0xcc29B58E247645d270f168cFCD8BEe81253668Ed,0.01,1.500000012,confirmed
2025-10-24T17:56:42.075961,ethereum_tx,0x0f8cff853969fd4872124255442c0d3197a466346c9e477fde0a76d2d02ed79c,9481719,0xB0f1939e10E5c1ff024C5f612C03A6D65EEb827c,0xc6255a594299F1776de376d0509aB5ab875A6E3E,0.0,1.5,confirmed
2025-10-24T17:56:42.075961,ethereum_tx,0xe490823065142b12fc5f67a2220c8bfb5abf31809b7e51929377684bee9a84ac,9481719,0x9559447e4e0A4013aD325BE945395E247eEf4385,0xc6255a594299F1776de376d0509aB5ab875A6E3E,0.0,1.5,confirmed
2025-10-24T17:56:42.075961,ethereum_tx,0x31d6ea5ec8607bb3f15f348447f07ed1e58462ec6a8e78084e187c985163993e,9481719,0x5BAC2361073aAC279fDD97531705bb97a19Aa54E,0xc6255a594299F1776de376d0509aB5ab875A6E3E,0.0,1.5,confirmed
2025-10-24T17:56:42.075961,ethereum_tx,0x43680d3db05dea944feb30a091a4a54f55ea5a4ced8ea7a1791bf990bffbe89e,9481719,0xE061F3DC672e97dDf34C1647dC0B6F25F89C392B,0xc6255a594299F1776de376d0509aB5ab875A6E3E,0.0,1.5,confirmed
2025-10-24T17:56:42.075961,ethereum_tx,0x7bc744442dd4dfb04ee6fd1b7afb0238d9b02e0a0ff5ae091220507fc013ebfe,9481719,0xb3C8127e6E66c886ac556df7b91fac68D8641358,0xc6255a594299F1776de376d0509aB5ab875A6E3E,0.0,1.5,confirmed
2025-10-24T17:56:42.075961,ethereum_tx,0xde018cb99ac3b7ad221230cc15cd41f4e76b7cb99b18c7382ae8f1db260952e6,9481719,0x6FC0436e980e1107192441064E9baDe0aB2072df,0x2A4496bbC344414e3bDbE6a8E7c40EF007DAeEd1,0.0,1.5,confirmed
2025-10-24T17:56:42.075961,ethereum_tx,0xe28b30a4bc1a84d612180da32be3075c5adb1692f0f25b336edf2a16ffa0dac9,9481719,0x76588bF2aCF1CAb1de32078c71be0943deF8901b,0x2A4496bbC344414e3bDbE6a8E7c40EF007DAeEd1,0.0,1.5,confirmed
2025-10-24T17:56:42.075961,ethereum_tx,0xcc2e3ffad4aab6a6e249938b11569ab54eade6f9c468bb41f38f43b2b075054f,9481719,0x19A8a65e6c6E12AE5fD83E11a46E384a02E4271D,0x2A4496bbC344414e3bDbE6a8E7c40EF007DAeEd1,0.0,1.5,confirmed
2025-10-24T17:56:42.075961,ethereum_tx,0x51820d39e1ffeac5e4516551fdb40591fabc58abe51e71b064ea43e40516e4e0,9481719,0xad816c1F0F29f9F289e7397dbeE3D749fB468719,0xc6255a594299F1776de376d0509aB5ab875A6E3E,0.0,1.5,confirmed
2025-10-24T17:56:42.075961,ethereum_tx,0x141da1bfb1ac08e31e75a5cbbe80f956aad787cb7784a4f3a44956d8d99043f2,9481719,0x5013609FFEcb9B9288005d700055D45dab1C6682,0xc6255a594299F1776de376d0509aB5ab875A6E3E,0.0,1.5,confirmed
2025-10-24T17:56:42.075961,ethereum_tx,0x5884bcaa171a44a96a50b4e1168b9ef224d2274c83892d435559e3fe11092018,9481719,0x7cB6063e1057E2e08BBA2e45C218068C5aF29B1E,0xc6255a594299F1776de376d0509aB5ab875A6E3E,0.0,1.5,confirmed
2025-10-24T17:56:42.075961,ethereum_tx,0x578f6f7caee104da484d9d49e95efc39eff9d25d8abbc5b9f71b3d23bc4b26bf,9481719,0x6db729603f7450295BC52C89Db21ec266BA5De7c,,0.0,1.5,confirmed
2025-10-24T17:56:42.075961,ethereum_tx,0xed5fd47ab7bdaa6ceab4780d5677a97dfb78ee0af3601329d198e27483938a1b,9481719,0xd1E2F21985265C91Ef95A7f30A523671dA256eE6,0xc6255a594299F1776de376d0509aB5ab875A6E3E,0.0,1.5,confirmed
2025-10-24T17:56:42.075961,ethereum_tx,0xf58affb02b605df087877e8e7f4efb32e15944aed71241283b0bb368a9e56d57,9481719,0xdDC1dc7F02067EEe8c49ae57E73fCbf138f46Bc0,0x2A4496bbC344414e3bDbE6a8E7c40EF007DAeEd1,0.0,1.5,confirmed
2025-10-24T17:56:42.075961,ethereum_tx,0xc869a49f5fc8dae2e26bbec04a67c4f09e5eb4bda3e07e22c49bb37fc0c02f94,9481719,0x0F801fADe05143616983E0184f828797092a7bBE,0x0C2754257db00e44dc7785Ba6983a43d560C92C6,0.0,1.000000012,confirmed
2025-10-24T17:56:42.075961,ethereum_tx,0x7aa67489736872b68c87072fcc04a90834710460382b4fac9382c315e5f7f24d,9481719,0xF0FEd0C0192539a1076d8BDa1233f414704d98Be,0x00D22efF04CF7d0f5A355A6D9A06E43120398dA6,0.0,1.000000012,confirmed
2025-10-24T17:56:42.075961,ethereum_tx,0x123e4e761cd6d35cd325b542e11ddac56e7bf41d3ba4998880c760e4886de45b,9481719,0x3c31c5a151A64e30fcf8907cD1D0B0102D70F62b,0xa0A5b581D8a614F5d52b0d98c8f95242aA09cc4E,0.0,1.000000012,confirmed
2025-10-24T17:56:42.075961,ethereum_tx,0x39c3073853cdf85da4c423f55bbef9fa14a47fa4720d89448ec4d558aede1bea,9481719,0x2a1716C0731439656cC1E39a43FD1Efdf5e4491D,0x597Aa4ba4840074cC4024CD61788F2d0aF6C1978,0.0,1.000000012,confirmed
2025-10-24T17:56:42.075961,ethereum_tx,0x46de7e29036aebe3ad71f1398f395d01ae36cbafe6ced708e06446901cfc3279,9481719,0x06F5C815679E1323c87791bEC055Bc7afaEF04AB,0x445FeAc4bB99779EAe59C3BE74948149AC8bB0F9,0.0,1.000000012,confirmed
2025-10-24T17:56:42.075961,ethereum_tx,0x71948d73e1238e27d47a250dde73b542b3660fc482957600ef0c08899f028068,9481719,0xebFc2C4F56FC90864877eB4Fa6468397D2dEcF02,0xDbd9A72316eC93b4f29a70bD4dFbF58280CA6D38,0.0,1.000000012,confirmed
2025-10-24T17:56:42.075961,ethereum_tx,0x2606217f01d816592e050d55501710db9951924c26c8b52f1ace5bb9bd9a0e3c,9481719,0x06Da314915a32792B5C2d0a9A8d0E06195aE1124,0xFA3B05F2A7B318b0A0c484c529cF4f707c6277ff,0.0,1.000000012,confirmed
2025-10-24T17:56:42.075961,ethereum_tx,0x576378036483702d54cac1304f01d761d603dae5f8eec402cc4ddc5fd5e36ee5,9481719,0x4C99975b63d02c3E9Dce92eDF9B70F0d645aD77E,0x5FF137D4b0FDCD49DcA30c7CF57E578a026d2789,0.0,0.100000012,confirmed
2025-10-24T17:56:42.075961,ethereum_tx,0xcff77906efc1729f82f3946e81e86f3452c3c7c672a14a4302cf472e33fade6f,9481719,0x7e2932D94E594111fC0a3ca4cE5CFf5530Ca8ae2,0xf993E10C83Fe26DddFc6cb5E82444C44201e8a9C,1e-06,0.020000012,confirmed
2025-10-24T17:56:42.075961,ethereum_tx,0x2fecf5a3afdaab89b16cafe0cf93b8bb092dfa32b980793d830dd2039bcd9f0d,9481719,0x225231258af9592EB80CEdc5a2567b4E3C4b3eb4,0xf993E10C83Fe26DddFc6cb5E82444C44201e8a9C,1e-06,0.020000012,confirmed
2025-10-24T17:56:42.075961,ethereum_tx,0xbca3de1d8cc6dc90fed5207b83d43bc3182edb75e806df73be1ebe2712a10652,9481719,0x757B2D51919BD636429fEa974778dF3b1c92c04D,0xf993E10C83Fe26DddFc6cb5E82444C44201e8a9C,1e-06,0.020000012,confirmed
2025-10-24T17:56:42.075961,ethereum_tx,0xaa2347606544c083b7f6649ada65a365e42ab248de8f0ca36cfe29db2e7cab04,9481719,0xb3303C903a023049A925C760BFCDbd729aF3df79,0xf993E10C83Fe26DddFc6cb5E82444C44201e8a9C,1e-06,0.020000012,confirmed
2025-10-24T17:56:42.075961,ethereum_tx,0x9b6b2ce26e446b2cb674f8126166ffe6e131e9730f2862abc677fd7e9e54768d,9481719,0x92020F3622c9557AE60b1f91b0f10A3f63dC7524,0x233E416b0897E8f4796D89a84B5Ade4365ED566c,0.9999999999999996,0.020000012,confirmed
2025-10-24T17:56:42.075961,ethereum_tx,0x2cb3ceea08a819e70cc9760becb4564d3f38f7dd4a5f1ad6ec6ccb4cc2cfe594,9481719,0x4BA56bDa2009816e260921970041d6Eb005D7272,0xC764A997C86dC22B50Eb637626e3f46bfd82534A,0.0,0.001500018,confirmed
2025-10-24T17:56:42.075961,ethereum_tx,0x76b7a8e0b682ac01db5396aba2e4e17e76dd40f22eaeef77aa02be482657e4f8,9481719,0x7c6fDCF2Ea8Fa9D7164aFC02D7C7e99204ba1757,0x6Ae43d3271ff6888e7Fc43Fd7321a503ff738951,0.0,0.001200014,confirmed
2025-10-24T17:56:42.075961,ethereum_tx,0xc92c44a2f5312df95798c7df67ceeb730cfcdfb27a8f2db227a3b666ace2541e,9481719,0x22e30b21477C4aCf6e37743e7A347C273cD107A8,0xF8c614A483A0427A13512F52ac72A576678bE317,0.0,0.001200014,confirmed
2025-10-24T17:56:42.075961,ethereum_tx,0x1da8d12e0d6a8222312c3b0781179c5edbe7711bfcfa7f6f069d3a32aba47122,9481719,0x22e30b21477C4aCf6e37743e7A347C273cD107A8,0xF8c614A483A0427A13512F52ac72A576678bE317,0.0,0.001200014,confirmed
2025-10-24T17:56:42.075961,ethereum_tx,0xd1b505f1cec6a689e9f5b3e8852ed00751dc74330ae080fc85778558fb0b214e,9481719,0xE4765a5D7335DAd51b3058d0b8eDeE540D149a21,0x83458E8Bf8206131Fe5c05127007FA164c0948A2,1e-18,0.001200012,confirmed
2025-10-24T17:56:42.075961,ethereum_tx,0x4a03bcc26d286464f93520b0f91b13e91ed1693e7c57001c02dfbffcac796e1c,9481719,0x762fcb5a7DA58481c0ac88C7579ef1fC5527C11D,0x1552573d9cEa305c82F998C120e19c2aF8BFfF56,0.0,0.001100013,confirmed
2025-10-24T17:56:42.075961,ethereum_tx,0x67d9b359a79a79a7a443af9361583ae0440d9d212f3fb93070e9e706ece868b6,9481719,0x09a6f8C0194246c365bB42122E872626460F8a71,0xfd0Bf71F60660E2f608ed56e1659C450eB113120,0.01,0.001100012,confirmed
2025-10-24T17:56:42.075961,ethereum_tx,0x2bf804b4afad683b5cfd6bf30436da964fb1ee5d392e331ab20ff69ddce357ea,9481719,0xBf389beCd498E1a07bd011489F6982DbC7E31897,0xFb13dE1C5aC28fc8335Ec5721b06eB4eA6e3897b,0.0,0.001100012,confirmed
2025-10-24T17:56:42.075961,ethereum_tx,0x57382f41b62974f47885404934b35322794f7c0c640dadfac4254b25597ff8f6,9481719,0x065bb664C4Bf610558297150b4EDF18c8Ba494e8,,8.61e-16,0.001100012,confirmed
2025-10-24T17:56:42.075961,ethereum_tx,0xd8c539ca5cc9375cf71bcf55d1a42d13609a9714be5c155c19fcb07bb39eb8a4,9481719,0x3Da763C42E438eB17880fB6A83040d6cf13eF03b,0xFf00000000000000000000000000000000042069,0.0,0.001100012,confirmed
2025-10-24T17:56:42.075961,ethereum_tx,0x003cdb96bad70897ec57c5907d1d4cdc7b8ca31fc00c9209b58b2228f30e6b04,9481719,0x61d8838f9A00250C9AF13D622DA7c08c372ee587,0xCf8EDB3333Fae73b23f689229F4De6Ac95d1f707,0.0,0.001100012,confirmed
2025-10-24T17:56:42.075961,ethereum_tx,0x5b8d09e913b59064375271c3f245f2cf32d0dc078ab8b966df378cf48b4fb2dd,9481719,0x61d8838f9A00250C9AF13D622DA7c08c372ee587,0xCf8EDB3333Fae73b23f689229F4De6Ac95d1f707,0.0,0.001100012,confirmed
2025-10-24T17:56:42.075961,ethereum_tx,0xcead0f6e9d5e4f6ae96b42f511db436b6719228f2d89df18a4e63e2ec80e0998,9481719,0xb3a1956Cff1ecc8054B81b0C83b9847CB71384b8,0xCf8EDB3333Fae73b23f689229F4De6Ac95d1f707,0.0,0.001100012,confirmed
2025-10-24T17:56:42.075961,ethereum_tx,0x34c53a9412569dae45d73bb4af1362ee063ecf6eb48275f208ddbb4493771e10,9481719,0xDB41c0cbFCEf2F0ff1f02Cc5E25A9C6673b4a958,0xc5445e3F1a7428Fb6C39c3016244799D6Cd47e75,0.0,0.001100012,confirmed
2025-10-24T17:56:42.075961,ethereum_tx,0x920872de0370a5345a740d8d307a54edae6ffcbd6db6fc22a3ceaf75536277dd,9481719,0x3C8447800519991636Da6e7f58AC6c9d1331a74d,0x7215691F60C4fA7Bb82c5Ac44c7d57dc32bB0493,0.0,0.001052644,confirmed
2025-10-24T17:56:42.075961,ethereum_tx,0xc01d3064a3dc30d65f881528027b37ffea0faf7377c9af7c354190b14ae2250a,9481719,0xC57593a62D0EcdEe960a3D06A689Adc2b69D30C9,0x0000000000000000000000000000000000000000,1e-05,0.001000012,confirmed
2025-10-24T17:56:42.075961,ethereum_tx,0xa5552c6e5e50a6e81126962305a80d2945fc24be118f69bc805f1a2d1ab4bbc4,9481719,0x568690BdE004D8Ae4eC2Bc174e4d32234f6D651f,0xc6255a594299F1776de376d0509aB5ab875A6E3E,0.0,0.001000012,confirmed
2025-10-24T17:56:42.075961,ethereum_tx,0xfde5e8be4a971f144ddf6a3055925d6333599bd8e82c31148875066ed3adad26,9481719,0x512e780ED91DF982f07Fe011C31e8c21507b3107,0x87A3effB84CBE1E4caB6Ab430139eC41d156D55A,7.2e-05,0.001000012,confirmed
2025-10-24T17:56:42.075961,ethereum_tx,0x376e63802f2c76c5d02778887e010cd1442db27db8a59621892dca8889bf4f32,9481719,0x88ac3FD0D3cACE933843CF4cd797DF58bE2Fe8A4,0x03C66CB1826BDB0395BF31E68Bf7E873e9564fFB,0.0,0.001000012,confirmed
2025-10-24T17:56:42.075961,ethereum_tx,0x45408b7e9c0821506f7e5a7ba08154fd1b30d3fe474d835e7d97f45c824fa9ac,9481719,0xF15b02f32bdC390aE2C65032436C4926fa3ce1a6,0x03C66CB1826BDB0395BF31E68Bf7E873e9564fFB,0.0,0.001000012,confirmed
2025-10-24T17:56:42.075961,ethereum_tx,0x651d81f723c76afbdbda3c47d2b57f268b0256054296f9d005eebb29fea911bf,9481719,0x4a18369D45b9bD4E7554B35869f34dC85c0f07b6,0x03C66CB1826BDB0395BF31E68Bf7E873e9564fFB,0.0,0.001000012,confirmed
2025-10-24T17:56:42.075961,ethereum_tx,0x8230cf79c05fef6464859f24dd62eb5c8d6771f05afe70213a310a7627fd4d7b,9481719,0xcD12Ed9b63603bc9685Cda552c0156d9b297b41F,0x87A3effB84CBE1E4caB6Ab430139eC41d156D55A,0.0,0.001000012,confirmed
2025-10-24T17:56:42.075961,ethereum_tx,0xdf0a73dc203f3fdd37451f79517527c1b0d29a73947de064e51f81d4df3752a4,9481719,0x51397182F04C6153bEFB11Db9D30C05C401E6FB7,0x03C66CB1826BDB0395BF31E68Bf7E873e9564fFB,0.0,0.001000012,confirmed
2025-10-24T17:56:42.075961,ethereum_tx,0xb2f1feeec45d95ebad2b9f2f1f1e54a173d6faaf668cd52cc77e07ad590c66a9,9481719,0x3d4d5FF4073A14f51B15520ADa58f0DE02ce6Bd7,0x03C66CB1826BDB0395BF31E68Bf7E873e9564fFB,0.0,0.001000012,confirmed
2025-10-24T17:56:42.075961,ethereum_tx,0x35a72905af1331ba1c4e80079274e9396dc812d8e23ef18dc5790e1e5711254e,9481719,0x01e08010Ea51c31ba8E08C556965997BDd2d3F81,0x03C66CB1826BDB0395BF31E68Bf7E873e9564fFB,0.0,0.001000012,confirmed
2025-10-24T17:56:42.075961,ethereum_tx,0xd09ea0157dd4539eec0837a0681a451eaf9be6a0f2ac9b7cc6a6b80cef49f943,9481719,0x5424e7144F1269cB1e73f1608896AB1b150E8e31,0x6167d57eE7792B97Fe253c20e4326b287B9f246C,1.29e-06,0.001000012,confirmed
2025-10-24T17:56:42.075961,ethereum_tx,0x0f7895d74473795959b630778bf0110c2c29ca7d7659f362d3f677df2407c0b9,9481719,0x9a0dAF21FeF5aa49df88d9123FdBF260b5075430,0x87A3effB84CBE1E4caB6Ab430139eC41d156D55A,0.000573,0.001000012,confirmed
2025-10-24T17:56:42.075961,ethereum_tx,0x487409d366efcae2400e26496e5cc7f189184b206f4c6d837a82743f870d8de0,9481719,0xd49D9B1bd527EEae650d34BFecb03b012940e7EC,0x03C66CB1826BDB0395BF31E68Bf7E873e9564fFB,0.0,0.001000012,confirmed
2025-10-24T17:56:42.075961,ethereum_tx,0x7f52327b3ee8ac45ec8d5e773b9230d8503667af99b784532a1933746d1750b7,9481719,0x5C7611424c45637cE5D3063ad55FdaCDF73eb822,0x03C66CB1826BDB0395BF31E68Bf7E873e9564fFB,0.0,0.001000012,confirmed
2025-10-24T17:56:42.075961,ethereum_tx,0x8dc0133c8145205e2c88fe103eb10f2c06eea5b238ed25dadfd4fabfbf71bf91,9481719,0x73DA155ca8351Aa206c9ad1e1510134a3987166a,0x08d2b0a37F869FF76BACB5Bab3278E26ab7067B7,4e-05,0.001000012,confirmed
2025-10-24T17:56:42.075961,ethereum_tx,0x02e89a4e2c75c9cf58c30a548b2d86864feba20991045eaecdfe9bdb4b1880b4,9481719,0x2E009773eF943B4A87f00b3B60B9CF1386D92a50,0x08d2b0a37F869FF76BACB5Bab3278E26ab7067B7,7.12e-05,0.001000012,confirmed
2025-10-24T17:56:42.075961,ethereum_tx,0xf0bbe5e305e2fd2ea577fdbe04a584c3ea653901f77bffb677e83e365c58f7ef,9481719,0x0B0e2673A1CE96a115c2c53e1304eD4640294856,0x08d2b0a37F869FF76BACB5Bab3278E26ab7067B7,3e-05,0.001000012,confirmed
2025-10-24T17:56:42.075961,ethereum_tx,0xa5933eb5ca63a8b73bd455054195a62089762455a7b101db09162a10162c572e,9481719,0x2F3B351b88Ca8D038aC4Fd51DA591250F9031046,0x69cd70d7Dd9E05A8cC8F3743E32f4Ae99a498665,4.06e-06,0.001000012,confirmed
2025-10-24T17:56:42.075961,ethereum_tx,0x2dc1049c6fc3f84af59c16a75cb93277f057bf12b3dfbc09fa831bb91e9d0538,9481719,0x5d72984B2e1170EAA0DA4BC22B25C87729C5EBB3,0xd4116f515A6958da851080B390DDE4B81f408978,0.0,0.001,confirmed
2025-10-24T17:56:42.075961,ethereum_tx,0x2769f275ad5936fc131620ed3ee8e87c7daeeacc088a5747598f347700dbd659,9481719,0x272bAE8D703C39758A8c8B35C1B49Eb301549eBc,0x956962C34687A954e611A83619ABaA37Ce6bC78A,1e-05,0.001,confirmed
2025-10-24T17:56:42.075961,ethereum_tx,0xe01925d784b83b7667868d15baac6651131b4d6d75603c3a4d607133c7b7659f,9481719,0x8c1Dc7f4a1ec25889BF9ea1E6b6092061267b570,0x956962C34687A954e611A83619ABaA37Ce6bC78A,0.0001,0.001,confirmed
2025-10-24T17:56:42.075961,ethereum_tx,0x3a7d9128668fe27c2cde628ff597ffbf999db5fdc76940b361223003f6721d8c,9481719,0xd3D5592BF9e6bf8e515150c0B851A886be348ef6,0x956962C34687A954e611A83619ABaA37Ce6bC78A,1e-06,0.001,confirmed
2025-10-24T17:56:42.075961,ethereum_tx,0xea2289bb259a2b353476b426094024039d4ffb32cdfd087ccbe5379b6b859221,9481719,0xB0752cCA8b78aAB13eA9bE15f9C2b88Fd8B6F043,0x956962C34687A954e611A83619ABaA37Ce6bC78A,1e-07,0.001,confirmed
2025-10-24T17:56:42.075961,ethereum_tx,0x81ac0b32ab7711b22afd2742abc0a403d819b4d8c2baada28086d169ae684da6,9481719,0x8356B1EE8Ab99dE3583F0A01e2d247959B665173,0x956962C34687A954e611A83619ABaA37Ce6bC78A,1e-07,0.001,confirmed
2025-10-24T17:56:42.075961,ethereum_tx,0xe1d73d300f246496c1df919a328f8c4b73ef44f09d600c85c59fd23a16bb98c9,9481719,0xE1Be830A56cf5979333feD8b6be88e1e2E45178A,0x956962C34687A954e611A83619ABaA37Ce6bC78A,1e-06,0.001,confirmed
2025-10-24T17:56:42.075961,ethereum_tx,0xa9877e9d9ac4052a4d695b37cc7de04ae0285e70a209ef8888fcaff1d48d3e78,9481719,0x3BfEf81bc13936f5e3dd5a790E0E8B5cfDc62160,0x956962C34687A954e611A83619ABaA37Ce6bC78A,1e-07,0.001,confirmed
2025-10-24T17:56:42.075961,ethereum_tx,0xbe7da7b463a340658be76d416d15267b87a24d01ed6c173f17c4a28c9bbd453d,9481719,0xDA4bc6D9f9E8676502538C7476901CB4c891bc04,0x956962C34687A954e611A83619ABaA37Ce6bC78A,1e-07,0.001,confirmed
2025-10-24T17:56:42.075961,ethereum_tx,0x97d7b797d7911c05daaf2a1b3daffce8c2ffb050b44b2a8ddf8cb62c6da80358,9481719,0x572e2B3140ea2a46F48E3ffe72e418C0883cE2C3,0x956962C34687A954e611A83619ABaA37Ce6bC78A,1e-07,0.001,confirmed
2025-10-24T17:56:42.075961,ethereum_tx,0x51fa59013ebc7a88ec954ae63e91cb2d72aae6aff3dd306c4ddf00634f9d1af8,9481719,0x7Fb0DEd8202E9D6f5156B84494486dbfE871dCe9,0x956962C34687A954e611A83619ABaA37Ce6bC78A,3e-06,0.001,confirmed
2025-10-24T17:56:42.075961,ethereum_tx,0xac8a84796265cc09f16f46b3c5f9ffd2729323b8cfedbbf0c93da67212ecd3bf,9481719,0x26660685471145B7FC6afEeCa7493dff2C01e212,0x956962C34687A954e611A83619ABaA37Ce6bC78A,1e-06,0.001,confirmed
2025-10-24T17:56:42.075961,ethereum_tx,0x541101ba59fdb03fb7c454c9745dffad653c70d9c14c9e1859e54043bd4caf5b,9481719,0x4EA09D8f3fb494a11072ff05b1BE2241adCeEd09,0x006B2223248D0e45296d7d4F3cffF325579954C4,0.0,5.010000012,confirmed
2025-10-24T17:56:42.075961,ethereum_tx,0xfbd0bfc6bc6002763cb42fd00979fb2b98bde79e4d1b87a2640d814349566446,9481719,0x677D764CF69037375463ce94C331F2Bc57a158c0,0xcA11bde05977b3631167028862bE2a173976CA11,0.0,3.000000012,confirmed
2025-10-24T17:56:42.075961,ethereum_tx,0xc291745b043c7618f9aeb1dc6242150d7b2a942dbce48f68c73cf37cf88e9a4e,9481719,0x4cF3997bFa4f3418C5E4FE5E95Cb4e9984fF857A,0x0039F2Babe526038520877Fc7c33D81accf578aF,0.0,1.000000012,confirmed
2025-10-24T17:56:42.075961,ethereum_tx,0x48e8132e91e508fcb79dc63a286229dcbc0fa8323946a5236c9f1488660de6de,9481719,0x97D7F938F47483087a1874529401B83273A5b4C0,0x4Bf290AdCc58c310C1Fbc61e99e85D2eE3F08c4d,0.0,1.000000012,confirmed
2025-10-24T17:56:42.075961,ethereum_tx,0xa9f557e05537300ed20ab68fcb555a92a8fac985f1ef8d1ce3e14701d479dce4,9481720,0xfc56E7272EEBBBA5bC6c544e159483C4a38f8bA3,0xfF00000000000000000000000000000000084532,0.0,16.000000012,confirmed
2025-10-24T17:56:42.075961,ethereum_tx,0xc6f9345ffa924e58c657a13bf5ee23c7d7f642d01dc50cf82cc95593d38a4f34,9481720,0xD3aEA0d45AD7F321df2817Ec09A732b6643e2833,0xcA11bde05977b3631167028862bE2a173976CA11,0.0,3.000000012,confirmed
2025-10-24T17:56:42.075961,ethereum_tx,0x5951fd33e7961df1ceb81a090b06f4569c5f88d745c797aeea6e9eff35640bc8,9481720,0x55A07F9f7eD7F110c2Ddd8f2f5d8677Dc94aF4E2,0xeA30c4B8b44078Bbf8a6ef5b9f1eC1626C7848D9,0.0,2.200000012,confirmed
2025-10-24T17:56:42.075961,ethereum_tx,0xd06ca9316ade30432d063d75b3a0f262c436a6f07331ebed8a5162d7f42b6479,9481720,0x5cbD5063DdaE154c546860e2A4D2C16E2e1C786c,0xC983Fd6ABcB94cf974186a656a6B5509031772Eb,0.0,1.500000012,confirmed
2025-10-24T17:56:42.075961,ethereum_tx,0xe4c0ed0a2dfccdec7f505b85841b8fbdf3d9cc0cd09ac98527d2777d26494328,9481720,0x00000f04950edDBea6c0B007dEbCE7210Fa4ff6A,0x532dBa58449291712AB33048E6A2aF4cb4De25d9,0.0,1.500000012,confirmed
2025-10-24T17:56:42.075961,ethereum_tx,0x476411ab17505caa893d17089475a5ade71403cebe10181d1788e5d2f178e4a8,9481720,0xf06A7a0a5917dE6B5461B252Ba6D87cD05A5E029,0xBC04d69Ecd7890699b2BE7924eA86474e15098E6,0.599968499999727,1.500000012,confirmed
2025-10-24T17:56:42.075961,ethereum_tx,0x0535505067d48391d3791d1a459efdc3ed2a17104046a885cbf25ae42da86fd8,9481720,0x2cB5cCbe2C5a9c1b7C7Fd20A282582c676500aD8,0xc6255a594299F1776de376d0509aB5ab875A6E3E,0.0,1.5,confirmed
2025-10-24T17:56:42.075961,ethereum_tx,0x19811a8444f29ef3b59304edb8d340831181ff13124c43ef8992e1d5b8bf0a64,9481720,0xF38E5D49F751F3116BC22ab7CBF53B8B97FB29D9,0x2A4496bbC344414e3bDbE6a8E7c40EF007DAeEd1,0.0,1.5,confirmed
2025-10-24T17:56:42.075961,ethereum_tx,0x89768b989c5bc782c3d0930a43e947b18b1055dc8d51938087c4ffe5292d3bcc,9481720,0x0236abd448B0049609688b66b013eFab59fB4E23,0xc6255a594299F1776de376d0509aB5ab875A6E3E,0.0,1.5,confirmed
2025-10-24T17:56:42.075961,ethereum_tx,0x20a3cc0f5a37a5453a7e0926d67245c6690f25e96562121cf4002fa58262b8d1,9481720,0xF4d0dE1B19283a25D01152919f561bEfB30435dE,0xc6255a594299F1776de376d0509aB5ab875A6E3E,0.0,1.5,confirmed
2025-10-24T17:56:42.075961,ethereum_tx,0x31016429948c04b197c69a635c96fb0c39db6c2a5828c90e8107710791764e4e,9481720,0x187B50a35130F8386065fD2a3C538Ea1bc219681,0xc6255a594299F1776de376d0509aB5ab875A6E3E,0.0,1.5,confirmed
2025-10-24T17:56:42.075961,ethereum_tx,0x267cfc12adb521a3faa4981feda5d9d8c04e7b854a03a86e5575674dc0be9c9f,9481720,0x9b9f21Fd5a1f410d97B104Ce5946AaB6dF899DE7,0xc6255a594299F1776de376d0509aB5ab875A6E3E,0.0,1.5,confirmed
2025-10-24T17:56:42.075961,ethereum_tx,0xe5fe0b742bceae2259b8721ebcb4025fafae60c8373c18014f9ed33c6de31f61,9481720,0x2885d814ac723fd206022F07B0976117E6672eAc,0xc6255a594299F1776de376d0509aB5ab875A6E3E,0.0,1.5,confirmed
2025-10-24T17:56:42.075961,ethereum_tx,0x1ebf09369f8b503c74b8ac97c367fbacc045439da9725279ec33c5400642744d,9481720,0xA7585a65F21F6d8976A601A9ba50aC19bDA362eD,0x2A4496bbC344414e3bDbE6a8E7c40EF007DAeEd1,0.0,1.5,confirmed
2025-10-24T17:56:42.075961,ethereum_tx,0xc00d543dbe8acb73c8136442b8c3389224f512adc534800ac670a84966872cdd,9481720,0x929d51c252661D9cD3377DC93878F27185167Db6,0xc6255a594299F1776de376d0509aB5ab875A6E3E,0.0,1.5,confirmed
2025-10-24T17:56:42.075961,ethereum_tx,0x8abbd5f7614fd21d47e5e982e5379f2b8133f40fc4982cc90cf9a83a42e4b40b,9481720,0x82be1B555B0Cacf7C8109108D36Fc1917629Fcc4,0x2A4496bbC344414e3bDbE6a8E7c40EF007DAeEd1,0.0,1.5,confirmed
2025-10-24T17:56:42.075961,ethereum_tx,0x737fde2988a609e4029ca02d295c21fc01d23b00ebf8268e53655a6b52703802,9481720,0x6b10935C128032D490899a82135cB34EED75ec54,0x2A4496bbC344414e3bDbE6a8E7c40EF007DAeEd1,0.0,1.5,confirmed
2025-10-24T17:56:42.075961,ethereum_tx,0x255522559d043a12eeda00fdf94969e2696fcc9addee411f48af42c2098c2ab3,9481720,0x5013609FFEcb9B9288005d700055D45dab1C6682,0xc6255a594299F1776de376d0509aB5ab875A6E3E,0.0,1.5,confirmed
2025-10-24T17:56:42.075961,ethereum_tx,0x581d596572b68ae7b2ea3198ca1347f179fc7a36597fe483977745a1ceaf3c8a,9481720,0xc0FE1EaC76b260c9cd833b8788948c1c71039388,0xc6255a594299F1776de376d0509aB5ab875A6E3E,0.0,1.5,confirmed
2025-10-24T17:56:42.075961,ethereum_tx,0x6bcd5a0841c967a48be2c429c74bc713ba83333d08a67200285fc43bf6f8cbd2,9481720,0xE061F3DC672e97dDf34C1647dC0B6F25F89C392B,0xc6255a594299F1776de376d0509aB5ab875A6E3E,0.0,1.5,confirmed
2025-10-24T17:56:42.075961,ethereum_tx,0xe46c0d418957ff12b7721e2603b13aad34b94663989d4c1d15c7de520ec8c570,9481720,0xAFBe647c86E0C913e02f16917D30C8d3BaB1E2A7,0x57c5dC670eB6f571bDD8Fc1CF178c46c9A917A74,0.0,1.5,confirmed
2025-10-24T17:56:42.075961,ethereum_tx,0x0786fde8d0816819f2ff8cfc1967985fe315777a8db4afe9b1fe73a9e7b8315a,9481720,0xad816c1F0F29f9F289e7397dbeE3D749fB468719,0xc6255a594299F1776de376d0509aB5ab875A6E3E,0.0,1.5,confirmed
2025-10-24T17:56:42.075961,ethereum_tx,0x258c78a277d6abed05c5bd2e52706387bae1761c8cd3eb942320517d6a04fa61,9481720,0xb3C8127e6E66c886ac556df7b91fac68D8641358,0xc6255a594299F1776de376d0509aB5ab875A6E3E,0.0,1.5,confirmed
2025-10-24T17:56:42.075961,ethereum_tx,0x61e4fb1eb90eee2329004688c97c082876f1eeda2416a0f02f2b1dc2c4e742fa,9481720,0xf59Cbe881372CE2E98eF604d203b2d727c993B64,0xc6255a594299F1776de376d0509aB5ab875A6E3E,0.0,1.5,confirmed
2025-10-24T17:56:42.075961,ethereum_tx,0x9c69372a0dccd3d2a1f25f132078943a4702834968a4ffa4a28eaf16a906fef3,9481720,0xA6e49d578d8e38F1660a5c297194F5930baeAEeC,0x2A4496bbC344414e3bDbE6a8E7c40EF007DAeEd1,0.0,1.5,confirmed
2025-10-24T17:56:42.075961,ethereum_tx,0xc6a3c47a9ce80e53752537c5779fb7e786cbb99c359e1238b83558540886cf2d,9481720,0xA97668B86feED20fB1425Fd6Aad110C1b38ed680,0xd3256A9836a3DA7a9cff337D89DeD0a8f630Ef8f,0.0,1.000000012,confirmed
2025-10-24T17:56:42.075961,ethereum_tx,0xf251070d9c28adb0565e7f3cfb4c2abfb011438b26768f21fabe9b71dc0c10ad,9481720,0xA18D6f2Ca0125248FBD156aF1230CE2C28920336,0x00bdfD51150cE473F1E28e4C3b051f2F6f5DB165,0.0,1.000000012,confirmed
2025-10-24T17:56:42.075961,ethereum_tx,0x033e76d04221ce2322799e3e4523c6ff9a2ca350059ba1781b8f059ed70f75d9,9481720,0xF0FEd0C0192539a1076d8BDa1233f414704d98Be,0x00D22efF04CF7d0f5A355A6D9A06E43120398dA6,0.0,1.000000012,confirmed
2025-10-24T17:56:42.075961,ethereum_tx,0xa42109013d13e5481ee9fe2f6416c264192ca88dba54762f31a47c57d4cb2921,9481720,0x9041cAC58f326392478AE65320f5FD5a1BdA8A0a,0x5F4F344d16aa165344a3f35c919C7Dd0875c0075,0.0,1.000000012,confirmed
2025-10-24T17:56:42.075961,ethereum_tx,0x9d477306e748aed2c49070510bedab6a3f8e79fe0e1cbc75291a064f6d89d928,9481720,0x3599A7C50bDcC061E65F92556ae65d0656445906,0xCF8f8b34f10e8CBb2F42bA60205caED1a85d0d0D,0.0,1.000000012,confirmed
2025-10-24T17:56:42.075961,ethereum_tx,0x8b53fd6728ffe51655b5261d1d5121dbcf3c3f958b81916137852ebb04e7369e,9481720,0x52136be58Fa3dc50A0D5A3dfe4Cb84aC610a79bc,0x9695cfaD83b058C6D38Df1F6b6752D7e11ad196C,0.0,1.000000012,confirmed
2025-10-24T17:56:42.075961,ethereum_tx,0x27f374172a477bb766ff50d78227239d0ee414477e7fe475bc0d2309841e340c,9481720,0x96748D0707406d80AACBed89e5Dfe73E5ce4aE5D,0xef77AE71ff7F533970910342C71692a3Bdc74eAc,0.0001,1.000000012,confirmed
2025-10-24T17:56:42.075961,ethereum_tx,0x237b0e6bca0c4a11a06ea45d39b4074d43eb28e492b24898585fb162317cfb9b,9481720,0xe80170A5ADbb8A94F5385f5Ec4dcdBba00Bb999B,0x54F99A0607E689788464B0193737D6A8A78c16c7,0.0,1.000000012,confirmed
2025-10-24T17:56:42.075961,ethereum_tx,0x706f898d102c3493b3f0475b1cd9a3e2c1ee35b67acee505c240d63d0d314f1b,9481720,0x7adD4E96334b0deAc01c01592e0c632175Bf6622,0x00ff1a99238CFBB275094fa6EcE1795894938042,0.0,1.000000012,confirmed
2025-10-24T17:56:42.075961,ethereum_tx,0x455e0f2c148e6865d6dbbc3eeab795b165e0bf37ccba8a74a159b8ba1612fcc7,9481720,0x520D64e7D20acF0ee5e911a5276FDBbd68463773,0x7f9dA388fb2943aE1Eb8BCDF945F4265A33097b0,0.0,1.000000012,confirmed
2025-10-24T17:56:42.075961,ethereum_tx,0x088a2eeb7be29b3cb6801426af9021d9aa4d795b9cd9eb2af5558cb72b792fa7,9481720,0x553f165E00de6f47D239460912Ba2d066e837372,0x956962C34687A954e611A83619ABaA37Ce6bC78A,0.001,1.000000012,confirmed
2025-10-24T17:56:42.075961,ethereum_tx,0x99c8afcf3e7f1c354c4cf31a875ceec21155351a449bceda60ca80eb05732963,9481720,0x8E0838fb6f4DF31A8AE02dD4d5B66bAC9d0dd133,0x1F1A8BD7093e68C49F857c1dc4aEa6275018aaA1,0.0,1.000000012,confirmed
2025-10-24T17:56:42.075961,ethereum_tx,0x3c618936b3468ca47ade7c5d79698fa163f24d47fd59f916571ab6c60cefa01b,9481720,0xd9f65F0103E8809a54F0930a3DE2Ba0Ef7115284,0x005B63c4C73104EEf8D6D6E1F2103bB4B9CB43A4,0.0,1.000000012,confirmed
2025-10-24T17:56:42.075961,ethereum_tx,0x1eefddbe2fc3adedeaa440710910cdde2ec39ab7c3e8d26ec9865941ab6439ac,9481720,0x76eD028AF7e9b15a709333A44A189588869a8D31,0x0059737703B1C9481afE94803F16c55d501CEFA4,0.0,1.000000012,confirmed
2025-10-24T17:56:42.075961,ethereum_tx,0x01f96e4d309d4ea878f2a0605f4f74b073c7f93844f8da63d7a61fc6cc4e9a3b,9481720,0xa2012A556a9d116d29C2fc1d2d965a9De6430A61,0xFf00000000000000000000000000000001000001,0.0,1.000000012,confirmed
2025-10-24T17:56:42.075961,ethereum_tx,0xa50dcb7f63b53fc3b1c30e9e090ad1492e7f5a7709523af1cfe6aa3cdb872f43,9481720,0x397d57c9cD3f4Eb5Db22C5C62B8f4658F12Fd13E,0xD0b010706FE506934923E4fBE185950DA641b8c5,0.0,0.050000012,confirmed
2025-10-24T17:56:42.075961,ethereum_tx,0xdb660bb79db1149f5b568ae1c1f4ae7855f99612ae3a6547f9bd889381115f1b,9481720,0xE3F2789453410cc9cB2e8a99AbA9181C5590A96D,0x0826aB1eF7AB293933d7e3cE1122b5d677A23e71,0.0,0.050000012,confirmed
2025-10-24T17:56:42.075961,ethereum_tx,0xaa93ba20aaff13c31d1fffab7fff30745186e85f2b60aa6a9d1ef15ac5193730,9481720,0xDC452144a40133f314d01d5859D46EAC2e4c3ec6,0xf993E10C83Fe26DddFc6cb5E82444C44201e8a9C,1e-06,0.020000012,confirmed
2025-10-24T17:56:42.075961,ethereum_tx,0x80141c8a43d0a0f975129d1d86a47fdb4d198c21f1325fd520afc91bdc9b41ba,9481720,0x2150C6622C752C2d04c0687beFd579EE9FDB6e8f,0xf993E10C83Fe26DddFc6cb5E82444C44201e8a9C,1e-06,0.020000012,confirmed
2025-10-24T17:56:42.075961,ethereum_tx,0xfc7067252310591f2373f0ce699f20e10c14d44ba226b960f67498f5568092e8,9481720,0xe0E98F9a22efC72B2307bF2845a6b39377C2a9d7,0xf993E10C83Fe26DddFc6cb5E82444C44201e8a9C,1e-06,0.020000012,confirmed
2025-10-24T17:56:42.075961,ethereum_tx,0xd4053a86b23bcd1ae4afcdd6ecd628bbda932d21deccb4f67d5fcc9dda070901,9481720,0xAdD4974D459Be88602AAF332bF31E5E4393422f7,0xf993E10C83Fe26DddFc6cb5E82444C44201e8a9C,1e-06,0.020000012,confirmed
2025-10-24T17:56:42.075961,ethereum_tx,0xe46f3289ec516f44b7f13d1139260d8596fe5a01a89700b3925f69dd7aadca56,9481720,0x5B55E1f98800012AD42AafEE2585AA61BaBf1752,0x1348947e282138d8f377b467F7D9c2EB0F335d1f,0.0,0.002000026,confirmed
2025-10-24T17:56:42.075961,ethereum_tx,0x9bb31d27f50de662c4b0c4e175219f6d2c536bd98de2dc526a662c6bc285c726,9481720,0xD733eFD5fcD34b7191E529da2aFF2e033722e316,0xb99B03DE77146403B131BA23220a8d0C59C0B327,0.0,0.002000012,confirmed
2025-10-24T17:56:42.075961,ethereum_tx,0x9240e97534842eeb74cea5ee472dd181a9302eeeb05957f1d9f27c4361d52988,9481720,0x28F3F9aeBDf012Ee6E4Be577a224f3D17037Ae9e,0x956962C34687A954e611A83619ABaA37Ce6bC78A,2.8712901007842e-05,0.001500018,confirmed
2025-10-24T17:56:42.075961,ethereum_tx,0x939e6355714be421fb7d11a14bb79ccea9e791d03912fe702ba4093fa97fd3ff,9481720,0xA37f6A5E8450581EbE8C2C6CD35535b5c2E26B5B,0x956962C34687A954e611A83619ABaA37Ce6bC78A,2.692677339497e-06,0.001500018,confirmed
2025-10-24T17:56:42.075961,ethereum_tx,0x2e4697fbfcd265b6b559a90c296974fd246f943218bec99604b54e4f38ca2fbd,9481720,0x6d7927C0D236388319864007681BC0C6b844Def8,0x12e1181a741b70BE6A9D81f85af3E92B6ba41897,0.0,0.001300015,confirmed
2025-10-24T17:56:42.075961,ethereum_tx,0xf4196446296bedca099846496ff23df025f3ecd2c4dfe26ab0b361b511fb54b5,9481720,0x19583F644F157564fDB92113b71d595518949e0E,0x8496345A88aE47CC8B14C03c5013A334d6AE7cb9,0.0,0.001210012,confirmed
2025-10-24T17:56:42.075961,ethereum_tx,0x863ee1e3c7b04770d2cfd7e950b6114d7018c18ed30d0e141f50bcde49637b3d,9481720,0x94eDC8E0D150Ca41Ab78F479dCd202458C9375bF,0xc6255a594299F1776de376d0509aB5ab875A6E3E,0.0,0.001100013,confirmed
2025-10-24T17:56:42.075961,ethereum_tx,0x434bbf92f36cd0fd1d001ec3cde26d1205cca2dbd34d8d9c0e0aa13f00d0e1cf,9481720,0xE2bdE36E3DEbEdA087A945FA95a6e6E8376035f7,0x1417178178d35E5638c30B4070eB4F4ccC0aEaD0,0.0,0.001100013,confirmed
2025-10-24T17:56:42.075961,ethereum_tx,0x379255692ffc28e079f2df1e0fea095a8c9aa295c93591374ea63fb0ac12ae5c,9481720,0x61d8838f9A00250C9AF13D622DA7c08c372ee587,0xCf8EDB3333Fae73b23f689229F4De6Ac95d1f707,0.0,0.001100012,confirmed
2025-10-24T17:56:42.075961,ethereum_tx,0x2158db8e1203eb5777b1db494bf18e612ca9d1e1ccbe1544ae4598d94b01387d,9481720,0x065bb664C4Bf610558297150b4EDF18c8Ba494e8,,8.61e-16,0.001100012,confirmed
2025-10-24T17:56:42.075961,ethereum_tx,0x4c235b17af1dff9902d65cd296fce74d5d6319bd3b18e95c4ba49d3da262d0fa,9481720,0xDB41c0cbFCEf2F0ff1f02Cc5E25A9C6673b4a958,0xc5445e3F1a7428Fb6C39c3016244799D6Cd47e75,0.0,0.001100012,confirmed
2025-10-24T17:56:42.075961,ethereum_tx,0xeafc57bb4e7657c0faa57bf300430b38d2a8391a6d0c17db78022180d64a5763,9481720,0x6dB8952e4963541c9Cc8Be7e578E97Fcbd37A576,0x86EFBD0b6736Bed994962f9797049422A3A8E8Ad,0.0,0.001100012,confirmed
2025-10-24T17:56:42.075961,ethereum_tx,0xec5c3100c45bc7aba384f6cc1aa292a485b14e589a7111297c36488679a25992,9481720,0x2D1A477e22F93b66F70a781D1f6aB73C3a62f09b,0xA73aFb610aC79A729A393D679029fCf9618854AD,0.0,0.001100012,confirmed
2025-10-24T17:56:42.075961,ethereum_tx,0xe0a197761ae44b46d7ad1b6ebc3410f1685ce8c9cc3f96a715b62a5a4efc4c7d,9481720,0x42645cE4Dd0B766dE53ee483cbf54bcEa670f9b2,0x4E400E83A796Ddef8A4a8609Da2655DB721E97a9,0.05,0.001100012,confirmed
2025-10-24T17:56:42.075961,ethereum_tx,0x83239158fa188d4dfce322354fc730784dbbb6825d8cfda31c131801c6495281,9481720,0x207D430716d4F12e7e6d9acB39BbC73fD4cB4E1C,0xA73aFb610aC79A729A393D679029fCf9618854AD,0.0,0.001100012,confirmed
2025-10-24T17:56:42.075961,ethereum_tx,0xba8c3473e74db22d5e5aa719c6c362835f6cd55a5a5c3f974a9cc39ff9ec5784,9481720,0x715d1084b1237Ba6a61447890F282E2505471EEC,0xb5A49949C49dEDD852F9f0f419b17aD2785032db,0.0,0.001100004,confirmed
2025-10-24T17:56:42.075961,ethereum_tx,0xcb081d61eaff207903a5550824e13446a9cbef401a66746b26a3acdcfca685da,9481720,0x8D63bDE03198ed44354544833686ffC1cEf6B69d,0x0820f975ce90EE5c508657F0C58b71D1fcc85cE0,0.0,0.001100004,confirmed
2025-10-24T17:56:42.075961,ethereum_tx,0xc479d4cfacf701885ec10be2ce7f42b854da763ca227ac15a719309104cc15f9,9481720,0x58CF76B0e37D1FA833900aA0d68A8Cd8e19a4187,0x7215691F60C4fA7Bb82c5Ac44c7d57dc32bB0493,0.0,0.001052644,confirmed
2025-10-24T17:56:42.075961,ethereum_tx,0x1a32ef3143f1e1861294ae23537e5152fa438e5cc4e23b95bda9f77444454e79,9481720,0x83d01e6104A00FC3b6B6F68920a5703768F4Be1a,0x7215691F60C4fA7Bb82c5Ac44c7d57dc32bB0493,0.0,0.001052644,confirmed
2025-10-24T17:56:42.075961,ethereum_tx,0x73c6cab174fa966d9e52b54e6f5f9a18d30c61dc0d820dcdb541b8df24a73bba,9481720,0x1c2ADe017a8AF7229EbAb076f5C3DB41A63fE422,0x41920EFEC334f2bfcb37590579204984bF4f1eA1,0.0,0.001000012,confirmed
2025-10-24T17:56:42.075961,ethereum_tx,0x20240506d23607d3d3857b2b47fdd1130cbe7d5eae04d7dc4832941b03d67845,9481720,0x982551038F7a240d034c0A5b2D56B51eC78363F2,0x87A3effB84CBE1E4caB6Ab430139eC41d156D55A,0.0,0.001000012,confirmed
2025-10-24T17:56:42.075961,ethereum_tx,0x921b626b911f8620c361780c6498d6bc8cac6d0c2ed89e2c426f761fd5e25143,9481720,0x7AC242f6246Fa1A59B2907833A8e11317b319269,0x853758425e953739F5438fd6fd0Efe04A477b039,0.0001,0.001000012,confirmed
2025-10-24T17:56:42.075961,ethereum_tx,0x6ae717365848676473422c4da5918ac0b723627eaaae02a6acaf38588ef0a365,9481720,0x08cAFbA672a0Ca10A23e05b9DAc516e294F2e0B2,0x7C87aE07c1F6c6b3d56353436299831677057c43,1.6e-06,0.001000012,confirmed
2025-10-24T17:56:42.075961,ethereum_tx,0x94d9b79d7095f0fb1c535c6c6db805265fce0e18939b2fc9b7a785ea17f56625,9481720,0xaF5cE18b3C3409396a78fFa1d4300EcD91973366,0x03C66CB1826BDB0395BF31E68Bf7E873e9564fFB,0.0,0.001000012,confirmed
2025-10-24T17:56:42.075961,ethereum_tx,0xcaa45caf36b4947bc775a939bddf12486e0ce307a9c3df88950018b74745d8b5,9481720,0x31E84B74DB61E44C909f7130996E176d37B5C9e9,0x03C66CB1826BDB0395BF31E68Bf7E873e9564fFB,0.0,0.001000012,confirmed
2025-10-24T17:56:42.075961,ethereum_tx,0x2a044b2ea74a678f99c5ef0c29d3ca0f09c6691cbab6c1408cb43025062bba18,9481720,0xB0ce791C947022BdAd733fEb723332a7DF1Fb66E,0x03C66CB1826BDB0395BF31E68Bf7E873e9564fFB,0.0,0.001000012,confirmed
2025-10-24T17:56:42.075961,ethereum_tx,0x8e687ea116b70fa0f5e129758dc73c4168065274a9e3c45510b62aa3787e7a5f,9481720,0x7D4e29bEF57a01568C23A5253139143b2B84f25f,0x03C66CB1826BDB0395BF31E68Bf7E873e9564fFB,0.0,0.001000012,confirmed
2025-10-24T17:56:42.075961,ethereum_tx,0xcc53b2ea2de4570dfde3117c9efdf0f36237ef8a872c59c2c510396b30ccfa6e,9481720,0xb0279602AAfF868318e0Dd68f597A25c445019D9,0x0000000000000000000000000000000000000000,1e-05,0.001000012,confirmed
2025-10-24T17:56:42.075961,ethereum_tx,0x30eff63a819fe26b7115376d7e5b813f288a536c70ed0812bb04e5e7db13f069,9481720,0xcD12Ed9b63603bc9685Cda552c0156d9b297b41F,0x87A3effB84CBE1E4caB6Ab430139eC41d156D55A,0.0,0.001000012,confirmed
2025-10-24T17:56:42.075961,ethereum_tx,0x5709a03dd1dd55f3d679ccb2bf6f22630ac3e75aba6a7c58000a6fd87b2a2e45,9481720,0xdB9536856b25E7137B979eC3333D0Bb15E7eE61c,0x35A54c8C757806eB6820629bc82d90E056394C92,9.7719635737501e-05,0.001000012,confirmed
2025-10-24T17:56:42.075961,ethereum_tx,0x8150f3096cebdf506904856447ece63130bc52d02d9b2716d95ce1219171fb84,9481720,0xF4781425165Ad555F3869A71ED0Aa975873B0Df0,0x08d2b0a37F869FF76BACB5Bab3278E26ab7067B7,1e-05,0.001000012,confirmed
2025-10-24T17:56:42.075961,ethereum_tx,0xb1b242ce1728e0e7990f5e0dfac5469e2e6115918deae5a6d5134a316e8b76e3,9481720,0x2EB1a03D5c641f714ee4645e885dB7F6ea1E7741,0x853758425e953739F5438fd6fd0Efe04A477b039,0.0001,0.001000012,confirmed
2025-10-24T17:56:42.075961,ethereum_tx,0xf3a827bb4159a87e925b6664fcc869fbd817f37fd18aa53dba51e72abed61944,9481720,0x6d50EDC485a5c5C8E57e45994de1C8f8A11A7cee,0x5641a1E8651DE500838bed93E62e3E06a4D0e683,9.7e-05,0.001000012,confirmed
2025-10-24T17:56:42.075961,ethereum_tx,0x18f1d829be894ffe3c3e91cb5e0f6476e4697753a4b09a8ef2961c93cc6c46e3,9481720,0xb3Fb53Aec32a7B31e21d155364E7A7eE9c20A39f,0x87A3effB84CBE1E4caB6Ab430139eC41d156D55A,0.0,0.001000012,confirmed
2025-10-24T17:56:42.075961,ethereum_tx,0x51258dc94c4238a166c9f8dc5c2933ec660ae548e1ffd23c9b7b534be81d1517,9481720,0x9aeCf44E36f20DC407d1A580630c9a2419912dcB,0x89BA0Ed947a88fe43c22Ae305C0713eC8a7Eb361,0.0,0.001000012,confirmed
2025-10-24T17:56:42.075961,ethereum_tx,0xfe2a86f52311bbb1b7bd073ffe91ec05c58105241fb7be23b05bddbcf2dcd850,9481720,0x5810584e30592432B7C4017141B38c032dB1bd12,0xA2158D0402B8975e13b0a848f5fA0AfbFC824fde,4e-06,0.001000012,confirmed
2025-10-24T17:56:42.075961,ethereum_tx,0x94eaabccdba7571582b359924259dd5235f564dbf188ee4727e36c9f7437f9ca,9481720,0x9da82194C18Ef263a3322Df7a639F69C20f3b7a5,0x40241387c68d38091891e5c2074A0972335b21c1,1.26e-06,0.001000012,confirmed
2025-10-24T17:56:42.075961,ethereum_tx,0x8ccf5203f115c0c4b8450b8ed679d87f9e9c969d14fad534b65dacdf07c0f6b0,9481721,0xC6392aD8A14794eA57D237D12017E7295bea2363,0xE2839f533804bab480Fdc163109bD6cC4F46752F,0.005,30.0,confirmed
2025-10-24T17:56:42.075961,ethereum_tx,0x3debd82a36a2518b3e01faf49823e02e450d876c38d5e4031fc5f798e8f0568f,9481721,0x7233Db9c06D301a8C12f1738aAF722bBB32a0A5E,,0.0,20.0,confirmed
2025-10-24T17:56:42.075961,ethereum_tx,0x5affd2fe8b23d84b2a42702ee30400d1225ed97a802f313bba4f9cfde6af6889,9481721,0x3C95c2633296B264d051498C4b2e982EbB526A53,0x3C95c2633296B264d051498C4b2e982EbB526A53,0.0,4.1,confirmed
2025-10-24T17:56:42.075961,ethereum_tx,0xfc42feef8f3226b3597adc01410bd7d09dfbc3e08a55401f2abf6e511c89314b,9481721,0xDe344C350BC25280ab3172c3DefCE030cBC37373,0xcA11bde05977b3631167028862bE2a173976CA11,0.0,3.000000012,confirmed
2025-10-24T17:56:42.075961,ethereum_tx,0x605d12d4bd0878f8c4f191e6a7ae4fbaac66af73e1729f5b94bde07723a8dfd9,9481721,0x55A07F9f7eD7F110c2Ddd8f2f5d8677Dc94aF4E2,0xeA30c4B8b44078Bbf8a6ef5b9f1eC1626C7848D9,0.0,2.200000012,confirmed
2025-10-24T17:56:42.075961,ethereum_tx,0xf653f6d5e58f0315e4b6d68c26ee78c478bcdcf1138e8e9f2798b7b271cd50ad,9481721,0x6Cc9397c3B38739daCbfaA68EaD5F5D77Ba5F455,0xfc38B56E299bB6C5fdBADE1d4E479b682DB045b4,2.5,2.000000012,confirmed
2025-10-24T17:56:42.075961,ethereum_tx,0xb1217d5d8c5aac8cdf2a6d4091afedeb5af3313031ddb85616a9755bc8eb6941,9481721,0xb5308362A82fBc46AB0Bb4BEd74c8E6645Aecb15,0x73B668d8374DDB42c9e2f46fd5B754Ac215495bc,0.0,2.000000012,confirmed
2025-10-24T17:56:42.075961,ethereum_tx,0x897a5db9e3dba9b8255b07e7147ac0734260b68b7471f49a151c36f40c43ff55,9481721,0xb4cdEf10977C8014BFb58b3fe88c35e3456d0aA2,0x73B668d8374DDB42c9e2f46fd5B754Ac215495bc,0.0,2.000000012,confirmed
2025-10-24T17:56:42.075961,ethereum_tx,0xf53c10a0828dc9d358e2a7c321229cdf44ce908f011114b763527bc2591719ab,9481721,0xb001aEB47bDb31EBE36C74518ee7B42E0926C697,0x73B668d8374DDB42c9e2f46fd5B754Ac215495bc,0.0,2.000000012,confirmed
2025-10-24T17:56:42.075961,ethereum_tx,0xa7d877fb5041de28d2ae499c92e5d55f68d04c1f26e0722aba5518c9280b7e00,9481721,0x3Cd868E221A3be64B161D596A7482257a99D857f,0xCd734290E4bd0200dAC631c7D4b9E8a33234e91f,0.0,2.000000012,confirmed
2025-10-24T17:56:42.075961,ethereum_tx,0x9a8d36c2189f6e43e83e01fd85093558fecc2bab6e5e1c943a3c815aa5bd436d,9481721,0x91f1C7Fb8Ae71556241ED141f1797E1FDc8942a5,0xcb05D123A5ad24C09273698fC16aAEF3784717cf,0.01,1.500000012,confirmed
2025-10-24T17:56:42.075961,ethereum_tx,0x0c7cd1e763fca43d4b18d48ea23be1dd4ca592fb5e69f3a1a6aae2d6b69e1d4a,9481721,0x8d07558E3996Aa9dca649237C4429Fd375F5b75D,0xd110672E48c5B29ca911821539b7F202F3d6a9BD,0.0,1.500000012,confirmed
2025-10-24T17:56:42.075961,ethereum_tx,0xcef17fabc27f34531c26e973872f426c4b4a3ea1308667b36e2eccabeaf71ebb,9481721,0x0A152747cCaad5C6B9Da1b38e44Cdb51eEaE22E1,0x1CC9c5609D0abF5D452972e526389f44aaD39f56,0.0,1.500000012,confirmed
2025-10-24T17:56:42.075961,ethereum_tx,0x1931195241f67cf1bf83688784786c9051eaf8f2cfa51c1f5a69515aebef490d,9481721,0x4C2d0F9080b4D3299EF51F8684641024522f4549,0xB88Ca91Fef0874828e5ea830402e9089aaE0bB7F,0.0,1.500000012,confirmed
2025-10-24T17:56:42.075961,ethereum_tx,0xe41cb1653b90620a2ca2d5e105ad412e514f40133a75b24fd2121e85dca5c571,9481721,0x6db729603f7450295BC52C89Db21ec266BA5De7c,0xD64933F33D807b3ef7411838Ee0eB09bC000A076,0.0,1.5,confirmed
2025-10-24T17:56:42.075961,ethereum_tx,0xa149a48c036c26cbb2043d2fd5ebcb288151ee947086b9c994afbb04a72a76a8,9481721,0xeE01Acd9C14b4cD7Bc13fdCA785c6C865807e839,0xc6255a594299F1776de376d0509aB5ab875A6E3E,0.0,1.5,confirmed
2025-10-24T17:56:42.075961,ethereum_tx,0xd051c1e117217a22f9c59c1b8247a96d13d29ecb73b552735f0a76386f48e0a5,9481721,0x2cB5cCbe2C5a9c1b7C7Fd20A282582c676500aD8,0xc6255a594299F1776de376d0509aB5ab875A6E3E,0.0,1.5,confirmed
2025-10-24T17:56:42.075961,ethereum_tx,0x036cd14388dbd0c214b3f220c89155330b211c7e62ae253d0d8b5b7da1d55570,9481721,0x568690BdE004D8Ae4eC2Bc174e4d32234f6D651f,0xc6255a594299F1776de376d0509aB5ab875A6E3E,0.0,1.5,confirmed
2025-10-24T17:56:42.075961,ethereum_tx,0x7148a9a1c771e405b58cf63e0a89c4e55c118db4910f8cfebcb8249b0fa18ebe,9481721,0xF4d0dE1B19283a25D01152919f561bEfB30435dE,0xc6255a594299F1776de376d0509aB5ab875A6E3E,0.0,1.5,confirmed
2025-10-24T17:56:42.075961,ethereum_tx,0x3e330117c13af236637d2e100dc1bdfbb34780bf23ed385742566c1721791852,9481721,0x5BAC2361073aAC279fDD97531705bb97a19Aa54E,0xc6255a594299F1776de376d0509aB5ab875A6E3E,0.0,1.5,confirmed
2025-10-24T17:56:42.075961,ethereum_tx,0x52d35debe54be245ff04926e312a73891669654a1a0d306245613d8579863a1e,9481721,0xb3C8127e6E66c886ac556df7b91fac68D8641358,0xc6255a594299F1776de376d0509aB5ab875A6E3E,0.0,1.5,confirmed
2025-10-24T17:56:42.075961,ethereum_tx,0xec1cad24d2999da417b13c5218dcf5b2b04c5d249b106dea306908eedfbef1dd,9481721,0x9b9f21Fd5a1f410d97B104Ce5946AaB6dF899DE7,0xc6255a594299F1776de376d0509aB5ab875A6E3E,0.0,1.5,confirmed
2025-10-24T17:56:42.075961,ethereum_tx,0xd061b654acb3d94143a61e1cf40f5d143b1d36048f2165d5b71b0c78b4d6e975,9481721,0x7cB6063e1057E2e08BBA2e45C218068C5aF29B1E,0xc6255a594299F1776de376d0509aB5ab875A6E3E,0.0,1.5,confirmed
2025-10-24T17:56:42.075961,ethereum_tx,0xcba279f1719902621da96a76affc9decedb6f2b9ff2a0e0cfbe044b1400cf31b,9481721,0x2885d814ac723fd206022F07B0976117E6672eAc,0xc6255a594299F1776de376d0509aB5ab875A6E3E,0.0,1.5,confirmed
2025-10-24T17:56:42.075961,ethereum_tx,0x13ff6ba35b02c496275e611c6d318040584bf483183ad41640fe8da89857f21a,9481721,0x9559447e4e0A4013aD325BE945395E247eEf4385,0xc6255a594299F1776de376d0509aB5ab875A6E3E,0.0,1.5,confirmed
2025-10-24T17:56:42.075961,ethereum_tx,0x5cb06b0cc8fbda6e12a3ab8f3744bc1017b7077431ced792bd63238f95a7cf52,9481721,0x5013609FFEcb9B9288005d700055D45dab1C6682,0xc6255a594299F1776de376d0509aB5ab875A6E3E,0.0,1.5,confirmed
2025-10-24T17:56:42.075961,ethereum_tx,0x31b8ecf2bd3f6b9d8612b1f347e564ffb46381bacb44f90e3566014bc7e68da2,9481721,0xB0f1939e10E5c1ff024C5f612C03A6D65EEb827c,0xc6255a594299F1776de376d0509aB5ab875A6E3E,0.0,1.5,confirmed
2025-10-24T17:56:42.075961,ethereum_tx,0x3964dc54934b98f23cf17eaeb70dc5ab9dd4f276144a3c4bd85345f3e505ad67,9481721,0xE061F3DC672e97dDf34C1647dC0B6F25F89C392B,0xc6255a594299F1776de376d0509aB5ab875A6E3E,0.0,1.5,confirmed
2025-10-24T17:56:42.075961,ethereum_tx,0xdbef951e9a879b3373febfb17c5847d8f818d84d486079d786b8d32a8e20c97c,9481721,0x19A8a65e6c6E12AE5fD83E11a46E384a02E4271D,0x2A4496bbC344414e3bDbE6a8E7c40EF007DAeEd1,0.0,1.5,confirmed
2025-10-24T17:56:42.075961,ethereum_tx,0x669a7ddb7ff48249929ffcc41b2fc060af3461f5f4436d6c81bfcd3f1b961533,9481721,0x3f1Fb60C13A5b4Dcb7E20dc9B969069C389641cb,0x2A4496bbC344414e3bDbE6a8E7c40EF007DAeEd1,0.0,1.5,confirmed
2025-10-24T17:56:42.075961,ethereum_tx,0xa4cc4ab242a76312c91b9ef06fbfcc0039e53fb95ec2f832442b15f559c562b1,9481721,0x977193653A657e558D4e8837D54DcB2597E2c36e,0x2A4496bbC344414e3bDbE6a8E7c40EF007DAeEd1,0.0,1.5,confirmed
2025-10-24T17:56:42.075961,ethereum_tx,0xb0a26f97807d5cf8e479e337063bd8e6ba1b0c25f6f89a2a21b01ab812da01de,9481721,0x6038C5D29d96c3f8ee219E6553C38dE08aDFFC86,0x2A4496bbC344414e3bDbE6a8E7c40EF007DAeEd1,0.0,1.5,confirmed
2025-10-24T17:56:42.075961,ethereum_tx,0x3732ddca935879cddb9ee5a939998593b0329f6c8c5c4ccb2e1d0c1f10e6633e,9481721,0x615569320Cd8abA3a70A2F2FFe4Cfc3E053d6339,0x2A4496bbC344414e3bDbE6a8E7c40EF007DAeEd1,0.0,1.5,confirmed
2025-10-24T17:56:42.075961,ethereum_tx,0x4698b4be29d862c28be600594d2199aa8782e1d0b616fd8666469266bd911de4,9481721,0xD8615FF65005221fB64B363DDFac0eaD65A13F8A,0x2A4496bbC344414e3bDbE6a8E7c40EF007DAeEd1,0.0,1.5,confirmed
2025-10-24T17:56:42.075961,ethereum_tx,0xc32b58629f3012b9f7d0e960ed2b580441125cc62964781a4ec373e51aa293ce,9481721,0xB18CC846a310Df5F5D949Dc0d48d5aEa95009bfe,0x2A4496bbC344414e3bDbE6a8E7c40EF007DAeEd1,0.0,1.5,confirmed
2025-10-24T17:56:42.075961,ethereum_tx,0xe913e3f914c77750c8cd8a8f1f4face5cf9823b7acb867236b7607b693c9997d,9481721,0xAEf0Cb25bb9Db352f3A7233C02C4f156824aBDDB,0x57c5dC670eB6f571bDD8Fc1CF178c46c9A917A74,0.0,1.5,confirmed
2025-10-24T17:56:42.075961,ethereum_tx,0xec608b24c9bfde3a3e8aaa0de9277a5348fa2addbb184fc4ce919d805c27c46a,9481721,0x01243f3Eca77aA70a4beC9cb7F8cc3EFD7df6411,0x2A4496bbC344414e3bDbE6a8E7c40EF007DAeEd1,0.0,1.5,confirmed
2025-10-24T17:56:42.075961,ethereum_tx,0x389d8e20784243383845f5d35c21fd74e66fb6acb719ac853a4b4154eb4ba9ec,9481721,0x53e435B8b0a25225D6557e353b0a32e0FeF185B0,0x2A4496bbC344414e3bDbE6a8E7c40EF007DAeEd1,0.0,1.5,confirmed
2025-10-24T17:56:42.075961,ethereum_tx,0x2b1602f61b8f34415fb42129ad6fd0869f7350e0c2bbdcbb8324361535b905a3,9481721,0x1F722976BE5B99e833555Fb624Af1Be4367Ce401,0xd2AeB72922b60cF969c3Ea133Ce129638a149ce4,1.06e-05,1.5,confirmed
2025-10-24T17:56:42.075961,ethereum_tx,0x50334988c39b2b6facd7bd0b139baa600cff78d9bd040629533fa0f32e078ada,9481721,0xAD1fe5D86ecb9903Ac72aa87CcFB9EcF3B0aDE78,0x2A4496bbC344414e3bDbE6a8E7c40EF007DAeEd1,0.0,1.5,confirmed
2025-10-24T17:56:42.075961,ethereum_tx,0xb7070bbb99a52270b0209535a58b1c91cf14b7574d8285be7eb1655114b849f4,9481721,0x6D436Dc5CC05Ee73C098423Bb7a6DcCd410454a1,0xe145Feb18EF60765F983C0dd7C9B7FE53ac372F0,1e-05,1.5,confirmed
2025-10-24T17:56:42.075961,ethereum_tx,0xf8bc8435bf3ec29efa653fad9c3a0d61a3c067cfc05e965741f3c603c0a3806e,9481721,0x3aEd69DCdCd2a6B25120669889583A379f332982,0x2A4496bbC344414e3bDbE6a8E7c40EF007DAeEd1,0.0,1.5,confirmed
2025-10-24T17:56:42.075961,ethereum_tx,0xcacd5b76d4f2e7320a3621ae1fac838c54e1c46277083eaa5b2205b6c2639305,9481721,0x49a2F09A0C59f425A0b9958549FEB2Af5d8E2518,0xBDD0a15f0Aa3f7Aef35B099a548203e32fAf09dc,0.0,1.000000012,confirmed
2025-10-24T17:56:42.075961,ethereum_tx,0x00218332d7554ec2307ef05fb3a18b0740037cf3806cc5ad0a53c18f2dd853be,9481721,0x9F37C931347665e7dbD863faDb2602E69351F201,0x9E4EE87554c89Eb079873d3773E63Ca4cBD7817A,0.0,1.000000012,confirmed
2025-10-24T17:56:42.075961,ethereum_tx,0xabd2ba70f739cf51c167145fb78b8b6b8029a1214efb17769815b3980e1acdf3,9481721,0x61D285C30Eb88522C243150aB7fD0C87F4DBefa8,0x00D99Fcc07D2bC81c02a7907F4e29d951D71C304,0.0,1.000000012,confirmed
2025-10-24T17:56:42.075961,ethereum_tx,0x0f01956bda389529103f92cc83e8207c6ef5f59dcce4be8830a9ad017981f6bf,9481721,0xF0FEd0C0192539a1076d8BDa1233f414704d98Be,0x00D22efF04CF7d0f5A355A6D9A06E43120398dA6,0.0,1.000000012,confirmed
2025-10-24T17:56:42.075961,ethereum_tx,0xa3f8302d408b98a332697263f54c1a215363178876638ef841bee2d636084f5f,9481721,0x22d72dB063dd9cE6b96bDE48331E6984c1570F38,0x1E59A308BAFAd671F63BA5d440489f0a84bF0F7C,0.0,1.000000012,confirmed
2025-10-24T17:56:42.075961,ethereum_tx,0x4ea947fcb5463c587958cbfd74f6447d30cec55d0b353d3048c32f35d59d1ef3,9481721,0x0632215e32658508fC985BB80f22eE71377F7aAE,0xFF00000000000000000000000000000000743111,0.0,1.000000012,confirmed
2025-10-24T17:56:42.075961,ethereum_tx,0x343b9e05072e185e306f7c3260e6adc32c56a2e0add4f1f36fe3ee45c4c88543,9481721,0x553f165E00de6f47D239460912Ba2d066e837372,0x956962C34687A954e611A83619ABaA37Ce6bC78A,0.003,1.000000012,confirmed
2025-10-24T17:56:42.075961,ethereum_tx,0xaa60ff6a06f2b74418c745de80853c7cd0112279dfbb16dc891aa2a90e8ed6b8,9481721,0x6Fa8C81D7f83E4A5F1254bEea50E4c72D007BA3A,0xf993E10C83Fe26DddFc6cb5E82444C44201e8a9C,1e-06,0.020000012,confirmed
2025-10-24T17:56:42.075961,ethereum_tx,0x32329881fb185e5c46ad9137db55a66835990dc450088a4c671a9890028bcb6b,9481721,0x447eEf00dA70db80e89402E870F3B83eBEa50FFC,0xf993E10C83Fe26DddFc6cb5E82444C44201e8a9C,1e-06,0.020000012,confirmed
2025-10-24T17:56:42.075961,ethereum_tx,0x70b4385447bef14b1a004ddae013c623e61c31ed57f02c316d0ae91ff88f2650,9481721,0x7D6737bD0F588755c2fC29D177a0D055Db3eA052,0xf993E10C83Fe26DddFc6cb5E82444C44201e8a9C,1e-06,0.020000012,confirmed
2025-10-24T17:56:42.075961,ethereum_tx,0x1422f92d263d1eb0369bac035c3849e6a468f19feb27f54d1d9c4f654de6e46a,9481721,0x47fAD572F494d75165Fd84dD0852BcAd6a5253a0,0xf993E10C83Fe26DddFc6cb5E82444C44201e8a9C,1e-06,0.020000012,confirmed
2025-10-24T17:56:42.075961,ethereum_tx,0xf33bf13acf7f7858f3f0affcddaf6cf528320b66fc1cdc58326ac3f592944619,9481721,0x38660B9f686fdA7475c0DC439752E6F1D9575cEc,0x9f54e6A87429E7bB2fe7B9f0ACCA3A31560FF198,0.0,0.008800012,confirmed
2025-10-24T17:56:42.075961,ethereum_tx,0x59d09155a5a1dc03c61c6634d99c2d4951e39c8cb04ba52dcfb3f4bf9ae85bad,9481721,0x4BA56bDa2009816e260921970041d6Eb005D7272,0xC764A997C86dC22B50Eb637626e3f46bfd82534A,0.0,0.001500018,confirmed
2025-10-24T17:56:42.075961,ethereum_tx,0x175187e7c45bda0c15d236ef05558548e905d846770df0a720a6da631736457d,9481721,0x7e62c5e7Eba41fC8c25e605749C476C0236e0604,0xBdCC405C59ED6075088E600f25DF922d76bCcB64,0.0,0.001300015,confirmed
2025-10-24T17:56:42.075961,ethereum_tx,0xbd4b42786319d4707cccd3a1a0001e191187d3783edffb58482be5914a253d58,9481721,0xd25DB2Ff2263A31b192EE117eB83E7792C01d58f,0x956962C34687A954e611A83619ABaA37Ce6bC78A,0.00022,0.001200014,confirmed
2025-10-24T17:56:42.075961,ethereum_tx,0x62a402a1e95b4d149981b5ffc20ceb098a780c996a02a4218f366e53e2b22595,9481721,0xF3259058C7509deeb1DE67aeECD6A8cbbB4279Df,0xb99B03DE77146403B131BA23220a8d0C59C0B327,0.0,0.001100012,confirmed
2025-10-24T17:56:42.075961,ethereum_tx,0x120d680f478c577fe33cf159d3e67a70458b1180b98f576da90061cba601225e,9481721,0xE198C6944Cae382902A375b0B8673084270A7f8e,0xc211b581cB62e3a6D396A592Bab34979E1bBBA7D,0.0,0.001100012,confirmed
2025-10-24T17:56:42.075961,ethereum_tx,0xcfe5b1b26d0a93fdfc1d9ba211bfe0d4ed03fc644344def7b8a2bdb90d95e2d7,9481721,0x065bb664C4Bf610558297150b4EDF18c8Ba494e8,,8.61e-16,0.001100012,confirmed
2025-10-24T17:56:42.075961,ethereum_tx,0xd44882aa4d0b2f0cc5d6c5b070f7dfeef6d162a489fa6f8b95062f296394aa62,9481721,0x661bA32eb5f86CaB358DDbB7F264b10c5825e2dd,0xcA11bde05977b3631167028862bE2a173976CA11,0.0,0.001100012,confirmed
2025-10-24T17:56:42.075961,ethereum_tx,0x729a683357a255233dc169f832aff1f7f88c70963e5c05d606febf2100482743,9481721,0x3Da763C42E438eB17880fB6A83040d6cf13eF03b,0xFf00000000000000000000000000000000042069,0.0,0.001100012,confirmed
2025-10-24T17:56:42.075961,ethereum_tx,0x45497d288622c339546628c10ae9e3aa6a00f7c50bec174ba580ef490385bed5,9481721,0x42645cE4Dd0B766dE53ee483cbf54bcEa670f9b2,0x9127c221c1fC9d3d58fF2F246d41029781111C39,0.05,0.001100012,confirmed
2025-10-24T17:56:42.075961,ethereum_tx,0xe82e9c96673f84a15ca14be7f6e292a9adcccc62ae40edd6243dbd349bbe4eb0,9481721,0x40c2ca8cE13af5a4EE11E5BA74A9c2A6AD7c2d77,0x459dD9f53E8ae9587B129395D0Ee241a5EF149a9,0.0,0.001100012,confirmed
2025-10-24T17:56:42.075961,ethereum_tx,0x2587df612ac61127a2a641076236895b7e172673d84a92177479fa46c36a3d81,9481721,0x4A63763Ef493F28308a1E36dE49df75798E50Cc3,0x86EFBD0b6736Bed994962f9797049422A3A8E8Ad,0.0,0.001100012,confirmed
2025-10-24T17:56:42.075961,ethereum_tx,0xd8c436df46bca522d7b5e3ba0cb72be4be26761e8b7a60def4920852f86f8572,9481721,0xCd8080b5A4e828232a6390Fb0D5dcA790AE90C85,0xa7155e6e596D9B92Ec05602e1Db3616322Fdc2d3,0.0,0.001100012,confirmed
2025-10-24T17:56:42.075961,ethereum_tx,0x5a108471f76bf2688d883fcae4ff6bf54214f53b658b7421969356dab53956b1,9481721,0xb3a1956Cff1ecc8054B81b0C83b9847CB71384b8,0xCf8EDB3333Fae73b23f689229F4De6Ac95d1f707,0.0,0.001100012,confirmed
2025-10-24T17:56:42.075961,ethereum_tx,0xf8cacd31b725fc09b44176b1ad2e4a5e70a4fd04eab2c096d726842b25cf28d8,9481721,0xb3a1956Cff1ecc8054B81b0C83b9847CB71384b8,0xCf8EDB3333Fae73b23f689229F4De6Ac95d1f707,0.0,0.001100012,confirmed
2025-10-24T17:56:42.075961,ethereum_tx,0x0589ce47e8dcf96da4c77c71dfb067ab9cae96f18e222db17ba08de6af97ac73,9481721,0xDB41c0cbFCEf2F0ff1f02Cc5E25A9C6673b4a958,0xc5445e3F1a7428Fb6C39c3016244799D6Cd47e75,0.0,0.001100012,confirmed
2025-10-24T17:56:42.075961,ethereum_tx,0x22556df8c2472f1d700132999e6d58d1c6939f6802a7e2c2caec1c7f0c7cb2b0,9481721,0xe9aB33d77E110B29e49990B3AbFD7F914F21bf46,0x557ABBdF9180Fe864E38Dd88E0AF8cb454556886,0.0,0.001100012,confirmed
2025-10-24T17:56:42.075961,ethereum_tx,0xc5b04adb682c39f090c6bf65d0ae99f5dcb0c866e466228d4fc2f6448752297f,9481721,0xAFc6eA562509c399e4DA646922115a4777d8b6Ff,0x3eDF60dd017aCe33A0220F78741b5581C385A1BA,0.0,0.001052644,confirmed
2025-10-24T17:56:42.075961,ethereum_tx,0x3173281fdf67b50c7a14e190f6fc879513c92938eae538e6c14d0656edc8702e,9481721,0xa9E00dB10A756e659eACb8d2A6d0E91f3289602a,0x3eDF60dd017aCe33A0220F78741b5581C385A1BA,0.0,0.001052644,confirmed
2025-10-24T17:56:42.075961,ethereum_tx,0x65ff5a13c2f8e480e14eedec880a68e42a43d1be0c4fc0f3e9641b91650b5690,9481721,0xbd81c0cc815868D8A4FE4002f0908C389Aa2e458,0x55A860eb40de2A3C7137dEA6ADa68041e8CCEe05,0.0,0.001000012,confirmed
2025-10-24T17:56:42.075961,ethereum_tx,0xd103dcaf8d96e67113e2c1e4b505b5347764d98f67cb7d47d15c9cf4c3dc2460,9481721,0xDb95d4E30E6e7967563567621Dc4297024BDAf66,0x0000000000000000000000000000000000000000,2.78e-05,0.001000012,confirmed
2025-10-24T17:56:42.075961,ethereum_tx,0xc2ad0cbea346ae1ab7e5ed293a705aa320538daf366764b76147f65dbc4ec41e,9481721,0xb0279602AAfF868318e0Dd68f597A25c445019D9,0x0000000000000000000000000000000000000000,1e-05,0.001000012,confirmed
2025-10-24T17:56:42.075961,ethereum_tx,0xb46ededb52c1054cfe835d37bb821519f98e1f1517db5e0dfbfe19059c3dcd4e,9481721,0x491aE4A7bE91BB6b84232bAC79A9Cd5AB017E715,0x8f6E15d9A4d0abCe4814c7d86D5B741A91bDCC04,2.5642e-06,0.001000012,confirmed
2025-10-24T17:56:42.075961,ethereum_tx,0x4c708c52e62270611f9f102bb8f39b54d565be766c93c2dde795760d76659669,9481721,0x9da82194C18Ef263a3322Df7a639F69C20f3b7a5,0x0eFd0baf52feb154a8A1677CBdbeaAf350D85d3C,1.93e-06,0.001000012,confirmed
2025-10-24T17:56:42.075961,ethereum_tx,0x42c19b0832f8419306918e7e36d7ca1ac4ed4443a5149dca6b6bf04685f80dff,9481721,0xE4DB831A3DF90191868E635a33a11B73Ae2C2caE,0x03C66CB1826BDB0395BF31E68Bf7E873e9564fFB,0.0,0.001000012,confirmed
2025-10-24T17:56:42.075961,ethereum_tx,0x64e00882688ab4d45f8ac140664038061ce700c7a70d894fe270c5b997eae4f2,9481721,0x9a0dAF21FeF5aa49df88d9123FdBF260b5075430,0x87A3effB84CBE1E4caB6Ab430139eC41d156D55A,0.0,0.001000012,confirmed
2025-10-24T17:56:42.075961,ethereum_tx,0xfb02d17c8451a2fdae8e1c2c9cc45c678b721152643b56f082d35468bc6b85a8,9481721,0x6dBB00C10BDE382b679279C10FADD7c9b42f3fBF,0x73906eD257a84B39972e5965F112E9b02B5Ad4Ea,0.001,0.001000012,confirmed
2025-10-24T17:56:42.075961,ethereum_tx,0x06130741467a2fb9fc42ddf06dc89e5cb83b750240b3c26169a04b6aa5505563,9481721,0x6ce7474E9a23A96d59D280f9049E178A5d3399F1,0x03C66CB1826BDB0395BF31E68Bf7E873e9564fFB,0.0,0.001000012,confirmed
2025-10-24T17:56:42.075961,ethereum_tx,0xcb251382d570bd83de0bdbbad5df015404ae2efc66f7f769502be218e7a6c33c,9481721,0xB3C259f1235A50Bd0B8aA2E588648c106F6F3816,0x0215f8e5e81B75799Ae38232420377339d811796,0.0,0.001000012,confirmed
2025-10-24T17:56:42.075961,ethereum_tx,0x048b3ecdd66d8bf9e061d6c10b9bc0f6f283ccabd7b6531322e6259ce82ddded,9481721,0xf9D62E4c9E06234965be1E06f742717537cCf0b2,0xD4C3B70Ac1547D66Bc89F8607C58Dd544412e8B7,0.0,0.001000012,confirmed
2025-10-24T17:56:42.075961,ethereum_tx,0x472e6406f4948bc5958ee1eda53b532be73d1d276d76c06323fbd877b5b7864f,9481721,0x2cd38c141c4eD05327b6A20f5E382A586d45F3aE,0xD4C3B70Ac1547D66Bc89F8607C58Dd544412e8B7,0.0,0.001000012,confirmed
2025-10-24T17:56:42.075961,ethereum_tx,0x244731cebe62db41103935c2aac176b6c874b988ed2ddb221b845827c69e88bd,9481721,0xA1c3d7699A6dfCf3e961B6486350cf527dBf3cf0,0x87A3effB84CBE1E4caB6Ab430139eC41d156D55A,0.0,0.001000012,confirmed
2025-10-24T17:56:42.075961,ethereum_tx,0x787fd3ae7f4d2320c4aeb368663a0845ac08e0d1ec3363204de5d35e777261f5,9481721,0xcc9644EC26A647de0B9b86f1560d5180232f70a3,0x9EC7F112Db6544F0A6667E0CDAD3aA568B39dEC1,0.001,0.001000012,confirmed
2025-10-24T17:56:42.075961,ethereum_tx,0xd2d40b5369e4ed77bd0125fff18654161238d0542b527c18659f606c60f5922e,9481721,0xde555142C979A8B13337BDa97Cb5d1e378EfEF89,0xB88Ca91Fef0874828e5ea830402e9089aaE0bB7F,0.0,0.001000012,confirmed
2025-10-24T17:56:42.075961,ethereum_tx,0xae1d6039d40b83020b38f1b93ccc3200eadcd6f0a21ec0f5647d4ccdebfd948b,9481721,0xE87AF25BC489154B9f9C600b4e3d958af85bA995,0x08d2b0a37F869FF76BACB5Bab3278E26ab7067B7,2.8e-05,0.001000012,confirmed
2025-10-24T17:56:42.075961,ethereum_tx,0x20da51ca9af26968e9a7537b252835f0ae1b34206d17a01f39881bf82a47ea14,9481721,0x05D890e81A0215DF0A751861ec3221E332F83647,0x08d2b0a37F869FF76BACB5Bab3278E26ab7067B7,3.84e-05,0.001000012,confirmed
2025-10-24T17:56:42.075961,ethereum_tx,0x7ef9802313846d094f09cdedf4da7d84006bff2bcfc466d4c9885618963efc4b,9481721,0x4c5C93E3cbc8cD29F7438cE433027dc1358e7129,0x08d2b0a37F869FF76BACB5Bab3278E26ab7067B7,5.32e-05,0.001000012,confirmed
2025-10-24T17:56:42.075961,ethereum_tx,0xddf046de289050ca2cc707bd91cd1cfdb207ce7b644d60c58cc425fdfed86c0b,9481721,0x940308Ea04F4020B28935E4C1470b6f1F1bA6f7E,0x08d2b0a37F869FF76BACB5Bab3278E26ab7067B7,2.82e-05,0.001000012,confirmed
2025-10-24T17:56:42.075961,ethereum_tx,0xdf2ee50700dd0f53275770ccb2528398985df988943695c7a7e536356f8c91c2,9481721,0xfA1C4c71201C2EDB890e45849Cba1Dae100eC8DA,0x08d2b0a37F869FF76BACB5Bab3278E26ab7067B7,2.52e-05,0.001000012,confirmed
2025-10-24T17:56:42.075961,ethereum_tx,0x00463826c71b60f6bf8e9b4c894329ea006bcd7711bbf606e09ef69789e50c79,9481721,0x0B0e2673A1CE96a115c2c53e1304eD4640294856,0x08d2b0a37F869FF76BACB5Bab3278E26ab7067B7,3e-05,0.001000012,confirmed
2025-10-24T17:56:42.075961,ethereum_tx,0x72623767c863f48224b85a4612a5cf52ceabe178e5e24d972296da855484c9ce,9481721,0x0B0e2673A1CE96a115c2c53e1304eD4640294856,0x08d2b0a37F869FF76BACB5Bab3278E26ab7067B7,4e-05,0.001000012,confirmed
2025-10-24T17:56:42.075961,ethereum_tx,0x3a95110ed17b4f5ee2f1132e60c84a0312c00f5cd4aaa0791353e0dd14d4e014,9481721,0x6E13CB64C2dB7ba6B542F479A6B748C1962d8F06,0x87A3effB84CBE1E4caB6Ab430139eC41d156D55A,0.0,0.001000012,confirmed
2025-10-24T17:56:42.075961,ethereum_tx,0x89de5468f6ff8e18e084645f1419cbf3727c59d473bc3544bd29024d6c414b00,9481721,0x5810584e30592432B7C4017141B38c032dB1bd12,0xfA1a3C1866069412da540D806f3865871bB336eF,4.52e-06,0.001000012,confirmed
2025-10-24T17:56:42.075961,ethereum_tx,0x0090f86215c51f96257564b956c234c56fcabc2cea17799793eb3536bd2a85c3,9481721,0xb2364dDe3efc7E1e88d474fAa1DBBC46566B03dC,0x853758425e953739F5438fd6fd0Efe04A477b039,0.0001,0.001000012,confirmed
2025-10-24T17:56:42.075961,ethereum_tx,0x5904412b131fed83172a522200f3050ef9c908e5169d38eddc948003d88d031f,9481721,0xD263eE97e96736a41A5272968Fa8B8fD854bBFe6,0x853758425e953739F5438fd6fd0Efe04A477b039,0.0001,0.001000012,confirmed
2025-10-24T17:56:42.075961,ethereum_tx,0x2386b1978230e1bb32eead09e9eed0d9a5d8f7de1d89285cc6168707cb8e55cc,9481721,0xBAdbc7dEE3EfE45BAf4Fcc53848343579910F989,0x853758425e953739F5438fd6fd0Efe04A477b039,0.0001,0.001000012,confirmed
2025-10-24T17:56:42.075961,ethereum_tx,0x3ce4bdb9153c27e7d592adbd86f3b1b9bd173e70e15ed66699fe98f87809ffcd,9481721,0xF0Bea0467F248C1984143F3414d91fAa592a8C0A,0x853758425e953739F5438fd6fd0Efe04A477b039,0.0001,0.001000012,confirmed
2025-10-24T17:56:42.075961,ethereum_tx,0xcd2ca5ef735ed582fa65eb3d3d769340dd2cebf07b8487c5160ade76398f3338,9481721,0xcB499cf9d71FBD345e9BF8A37434e5C92d290Efc,0xb3975b4294ed871013d2B47ADe5da9015Df5C54a,0.0,0.001000012,confirmed
2025-10-24T17:56:42.075961,ethereum_tx,0x16042e0658fa5b3e28e22b3fab3c5847a61b7c291c627a558d2e387be39827c9,9481721,0x71A6D6a1ca08FFC667F85050f72d9aAE327Aa29A,0xA3A87819FC57CE09886eE8ee077E5e45398f4652,7.9e-05,0.001000012,confirmed
2025-10-24T17:56:42.075961,ethereum_tx,0xa466cf918ec1f5472772789b4cfdc4e48997c4ba3aa7cb675507a7db60d81058,9481721,0x5d72984B2e1170EAA0DA4BC22B25C87729C5EBB3,0xd4116f515A6958da851080B390DDE4B81f408978,0.0,0.001000001,confirmed
2025-10-24T17:56:42.075961,ethereum_tx,0x24931a97b1b021635caffb2674a7a72ae34bf3c964ca8369b0840c2f5185b146,9481721,0x9883eb60fb1689dC18b14fBB3960195D6Bf28830,0x956962C34687A954e611A83619ABaA37Ce6bC78A,1e-06,0.001,confirmed
2025-10-24T17:56:42.075961,ethereum_tx,0x1d2acd79b1f21368a0157eec4545741be1e6bf1a1e92cd149530a0bda3f6aa61,9481721,0x82E9F31E954bf72D9dE1DA0d818d8aA9D50E87ea,0x956962C34687A954e611A83619ABaA37Ce6bC78A,0.0,0.001,confirmed
2025-10-24T17:56:42.075961,ethereum_tx,0xf8c16166eb068a022f7684b9a317438bd7b39537c30f79a4b1b2eff72de782c7,9481721,0x12537665F57a7c3B59C3BA59138BAE5addD89a64,0x956962C34687A954e611A83619ABaA37Ce6bC78A,0.01,0.001,confirmed
2025-10-24T17:56:42.075961,ethereum_tx,0xe3ce02b712fb94d8df35dc1bdcc9cb4e493f31648e119d1e8975b911dd2ed545,9481721,0xbc5dD058024424887817b0975B99685Cd1bB3144,0x956962C34687A954e611A83619ABaA37Ce6bC78A,3e-06,0.001,confirmed
2025-10-24T17:56:42.075961,ethereum_tx,0x1ffd69cd8b88f823e3536d8300c1f659478980d711470e6e45b942132f5745ae,9481721,0x0119046A37EbFF708fDa5B52844a683B3623aF5D,0x956962C34687A954e611A83619ABaA37Ce6bC78A,1e-06,0.001,confirmed
2025-10-24T17:56:42.075961,ethereum_tx,0x9c8ced528f4e119814d90d3333dd3fa5d0f00f96f9027fad313dec3b95523798,9481721,0x282ec3068b2BE4F069CA02BE7eE6c4194216D175,0x956962C34687A954e611A83619ABaA37Ce6bC78A,1e-06,0.001,confirmed
2025-10-24T17:56:42.075961,ethereum_tx,0xc6cced199bbc6123958d07f01ee173859c30af59845247775391db414e14e578,9481721,0x939AC431a8BFA9183920fA855dA9A4B109554D44,0x956962C34687A954e611A83619ABaA37Ce6bC78A,1e-07,0.001,confirmed
2025-10-24T17:56:42.075961,ethereum_tx,0x4714c763e9fd6fe072df8da1f02dbe4ad0a447a451fa71106047e98db873b39d,9481721,0x1173dDf41d180D670F5B6Ac3fe00054F7D69bD0b,0x956962C34687A954e611A83619ABaA37Ce6bC78A,1e-06,0.001,confirmed
2025-10-24T17:56:42.075961,ethereum_tx,0x3cd6651679464001567605004fbdbd9c73747646ad0b1d8231cfe6748a3b5aaa,9481721,0x33a7C77d74A3FF7D1644DBFbbe1d59b942ca4982,0x956962C34687A954e611A83619ABaA37Ce6bC78A,1e-07,0.001,confirmed
2025-10-24T17:56:42.075961,ethereum_tx,0x7282f9920e2dcfeb6fbc58da96d320ba9826760ff1db5104922bc403dd7caa45,9481721,0x72B9E93C0C31cB605023E86Fcc98dD06c089AfB2,0x956962C34687A954e611A83619ABaA37Ce6bC78A,1e-07,0.001,confirmed
2025-10-24T17:56:42.075961,ethereum_tx,0x357f09eae6e861b31ee43c5ff8797cc32fd2afd4a35f465a842f2d24b0fa3535,9481721,0x27897De37D7F8FE1bB5005Be80C22E01B1e9f09c,0x956962C34687A954e611A83619ABaA37Ce6bC78A,1e-06,0.001,confirmed
2025-10-24T17:56:42.075961,ethereum_tx,0x228e86eebefc2208f89d256ce31cd152b32d943bd21ca70141646b2e44e28a3b,9481721,0xe50159568fb20b6bdf8DE7654Cf797eCed843583,0x956962C34687A954e611A83619ABaA37Ce6bC78A,1e-07,0.001,confirmed
2025-10-24T17:56:42.075961,ethereum_tx,0x58981fb2a3a4be9d228678838d6636e96d6f765683c1afc8c11317f259429f15,9481721,0x26660685471145B7FC6afEeCa7493dff2C01e212,0x956962C34687A954e611A83619ABaA37Ce6bC78A,1e-06,0.001,confirmed
2025-10-24T17:56:42.075961,ethereum_tx,0x234ae1215d3dda7e1e4c6310a7382233aff524f0d21b44e4f26b74ad6a364190,9481721,0xbA288D5841f1d2702A096679C01838cB945CBc6B,0x956962C34687A954e611A83619ABaA37Ce6bC78A,0.0002,0.001,confirmed
2025-10-24T17:56:42.075961,ethereum_tx,0xb59306ef96e043233be6de7c6af6a089a35a7e19e69cdb19ee74f7caf3e49b62,9481721,0x7E71608178d18B56C7E478867D6777b90f46C71A,0x956962C34687A954e611A83619ABaA37Ce6bC78A,0.0001,0.001,confirmed
2025-10-24T17:56:42.075961,ethereum_tx,0xfe867ef7513a6e399dfa25d7bad39f4b12869f4862f1b90f9561fc1e69d2055b,9481721,0x8c1Dc7f4a1ec25889BF9ea1E6b6092061267b570,0x956962C34687A954e611A83619ABaA37Ce6bC78A,0.0001,0.001,confirmed
2025-10-24T17:56:42.075961,ethereum_tx,0x5d17881526dffc80c0856a3974ce397f8ce1960674aaac4feb3fc2765e4a180b,9481721,0x9C8FaA60ac71ad698FA1E9ba77C7F409eF4834cf,0x956962C34687A954e611A83619ABaA37Ce6bC78A,0.000132,0.001,confirmed
2025-10-24T17:56:42.075961,ethereum_tx,0x2f99adf43df84ecde75aaa67d3e4497c76e3d2d8798be88438bdb91cca938830,9481721,0x3147f2B54f644d58360c70FCA54826d0dd36f0aD,0x956962C34687A954e611A83619ABaA37Ce6bC78A,0.0001,0.001,confirmed
2025-10-24T17:56:42.075961,ethereum_tx,0xd3985367c2114e3d079ff8dde41b5eb51d0970368d511b84a0f42f9d7ad3e37d,9481721,0xF7067502F610fBcFA7158416af7550c0Bb24C020,0x956962C34687A954e611A83619ABaA37Ce6bC78A,1e-07,0.001,confirmed
2025-10-24T17:56:42.075961,ethereum_tx,0xae24d2b3b8eaa50f5b87664ee45a98b74fe4d19484b116b3beb93972a4a5b259,9481721,0x94B794E59838De302CCf043d1c7C5E14fc6473A1,0x956962C34687A954e611A83619ABaA37Ce6bC78A,1e-07,0.001,confirmed
2025-10-24T17:56:42.075961,ethereum_tx,0x44188873d2443c63204c1ac083f265928923f7412abb21ae3e9e79d17c71fb05,9481721,0x8Dfe90E5a0E285741723cdDEa9615ECbF6E2A2cb,0x956962C34687A954e611A83619ABaA37Ce6bC78A,1e-07,0.001,confirmed
2025-10-24T17:56:42.075961,ethereum_tx,0x98d7ad28a5ef685b433b2a3278b4031cfc1728456d76f04a470c6096e90a355f,9481721,0x4762AF5868dCb9c59B3F8cA8d701C603c1E6BA3F,0x956962C34687A954e611A83619ABaA37Ce6bC78A,1e-07,0.001,confirmed
2025-10-24T17:56:42.075961,ethereum_tx,0x8833bdc17253c6d1aab69095f56cc66a507d8487710554634006a5f5b2c9f1d7,9481721,0x7E503029C6410f7859759E9afC2c18bF7C5A4954,0x956962C34687A954e611A83619ABaA37Ce6bC78A,1e-07,0.001,confirmed
2025-10-24T17:56:42.075961,ethereum_tx,0x5e148fe89dcb56f7bc999f08d340eabe5a568e8e07d7e0629b1ceba625e5b447,9481722,0xCe27987CaFD60Fe5579158De38976D99fd89654d,0xcA11bde05977b3631167028862bE2a173976CA11,0.0,3.000000012,confirmed
2025-10-24T17:56:42.075961,ethereum_tx,0xcd5d42fb87787f7af2fe39aac35ce5548fa31770ba9232d1a770cbb2e72348c1,9481722,0xb13944620AE764f5dff7B731F542c960CCA96b32,0x73B668d8374DDB42c9e2f46fd5B754Ac215495bc,0.0,2.000000012,confirmed
2025-10-24T17:56:42.075961,ethereum_tx,0xf48115b18d7b21ebc191241fca346ff09496c11c8a1a27e2336cee343608e1a0,9481722,0x0a3eF2f39aa6acA5609C2454dfBA39e3FDFc0E92,0x243Ff439cAB8bfeC7CE883B3Dc82Fb98ABec7771,0.0,1.000000012,confirmed
2025-10-24T17:56:42.075961,ethereum_tx,0x8fc6bcfcd0d6d34a6d6a25ab21c6f44b325f0f4ff9ef96f9a0530c139a66b9cc,9481722,0x24536A113C2696DA0420C4A863EEd11B3e00d7f0,0x49f53e41452C74589E85cA1677426Ba426459e85,0.019355183015138996,1.500000012,confirmed
2025-10-24T17:56:42.075961,ethereum_tx,0x6316ab06cf5f363243478fb1456b8322b5eaee1f1a0a8c9eb0eb84ea5d21264d,9481722,0xd1E2F21985265C91Ef95A7f30A523671dA256eE6,0xc6255a594299F1776de376d0509aB5ab875A6E3E,0.0,1.5,confirmed
2025-10-24T17:56:42.075961,ethereum_tx,0x4d3a5118f3f6ec29cf0681352938fd2b4908cb71870bdadac942ee1ec0a22fb4,9481722,0xc0FE1EaC76b260c9cd833b8788948c1c71039388,0xc6255a594299F1776de376d0509aB5ab875A6E3E,0.0,1.5,confirmed
2025-10-24T17:56:42.075961,ethereum_tx,0x3d0f22a46c4eb47d5354de1c9d6efbe09a6414528a7f17316beb876b7b3b076a,9481722,0xb3C8127e6E66c886ac556df7b91fac68D8641358,0xc6255a594299F1776de376d0509aB5ab875A6E3E,0.0,1.5,confirmed
2025-10-24T17:56:42.075961,ethereum_tx,0x5627e4114ab3fae321b4775986a77cb5d2e910b04fc09f10d0b109c3818a7437,9481722,0xeE01Acd9C14b4cD7Bc13fdCA785c6C865807e839,0xc6255a594299F1776de376d0509aB5ab875A6E3E,0.0,1.5,confirmed
2025-10-24T17:56:42.075961,ethereum_tx,0x2def56c7b7de529bb1fa0e9ecf992f86f43c0afdf1a33023b7769ec612abdf51,9481722,0x9b9f21Fd5a1f410d97B104Ce5946AaB6dF899DE7,0xc6255a594299F1776de376d0509aB5ab875A6E3E,0.0,1.5,confirmed
2025-10-24T17:56:42.075961,ethereum_tx,0xea34567167a64311a3708a15ec9908f8cb26964d10557493ee7a275aaae20735,9481722,0x5BAC2361073aAC279fDD97531705bb97a19Aa54E,0xc6255a594299F1776de376d0509aB5ab875A6E3E,0.0,1.5,confirmed
2025-10-24T17:56:42.075961,ethereum_tx,0xe8bf5bd67a11ed6be4039814d29ac14349933c84d1670f7ba99b4f7b7e81af95,9481722,0xad816c1F0F29f9F289e7397dbeE3D749fB468719,0xc6255a594299F1776de376d0509aB5ab875A6E3E,0.0,1.5,confirmed
2025-10-24T17:56:42.075961,ethereum_tx,0xa8947a7b6570a014b9ef6074f392bc8d52d646f402ffe1f1a12f36bbde70d115,9481722,0x929d51c252661D9cD3377DC93878F27185167Db6,0xc6255a594299F1776de376d0509aB5ab875A6E3E,0.0,1.5,confirmed
2025-10-24T17:56:42.075961,ethereum_tx,0x89f017bbe93d3a9386532097b291ef12a538c17f11c1d1b725def838644d1c37,9481722,0x2cB5cCbe2C5a9c1b7C7Fd20A282582c676500aD8,0xc6255a594299F1776de376d0509aB5ab875A6E3E,0.0,1.5,confirmed
2025-10-24T17:56:42.075961,ethereum_tx,0xa88f6202879b8e382cd0baa422c07c57ef8f5f0c43c2b2c7b5942c9e24300453,9481722,0x0236abd448B0049609688b66b013eFab59fB4E23,0xc6255a594299F1776de376d0509aB5ab875A6E3E,0.0,1.5,confirmed
2025-10-24T17:56:42.075961,ethereum_tx,0x5a0e197c994554b1746c335f8982b3b5f0ab3af7ab6965da8ca5d3327a0bfda0,9481722,0x55A07F9f7eD7F110c2Ddd8f2f5d8677Dc94aF4E2,0xeA30c4B8b44078Bbf8a6ef5b9f1eC1626C7848D9,0.0,2.200000012,confirmed
2025-10-24T17:56:42.075961,ethereum_tx,0x8ad991a12f92d4ac5b0b15d7f128b9f821b769f432a828a07700f54272ec31b4,9481722,0x3C95c2633296B264d051498C4b2e982EbB526A53,0x3C95c2633296B264d051498C4b2e982EbB526A53,0.0,4.1,confirmed
2025-10-24T17:56:42.075961,ethereum_tx,0xfc9baa204fd2f68c975c86faa21cf62013f42ab31df045611e4f80b4e31aef76,9481722,0xf90432b76A23bC7bB50b868dC4257C5F5B401742,0xe97E79BC56861f0B730B3C0f06329b882E4677E6,0.0,1.000000012,confirmed
2025-10-24T17:56:42.075961,ethereum_tx,0x71d3cda474ec6fa8a0618df7b7f2316aa74def1889005623f754f941dbd745fa,9481722,0x0408C06e552408Ad0A30cbAd65F52d3876051c52,0x4F6b2E8DC0476d8e1fd88f6330B1f3909Dc9E914,0.0,1.000000012,confirmed
2025-10-24T17:56:42.075961,ethereum_tx,0xf782e80fa00665f6129a3f02bacb1cd3eb5d136cf009b22154e67823f8a46352,9481722,0x6FC0436e980e1107192441064E9baDe0aB2072df,0x2A4496bbC344414e3bDbE6a8E7c40EF007DAeEd1,0.0,1.5,confirmed
2025-10-24T17:56:42.075961,ethereum_tx,0x854f69b4e3145a36af66638fcb261f459824fb362b3ddf3eac500e8712c849f6,9481722,0x76588bF2aCF1CAb1de32078c71be0943deF8901b,0x2A4496bbC344414e3bDbE6a8E7c40EF007DAeEd1,0.0,1.5,confirmed
2025-10-24T17:56:42.075961,ethereum_tx,0x5f46c4af81d7d6b20b9c20b90b14cf397958aa0914bfcef90ba310ae27453765,9481722,0xC43AC93336B9ad39B1a8b7cf873ccAaf5bd7b9F6,0x2A4496bbC344414e3bDbE6a8E7c40EF007DAeEd1,0.0,1.5,confirmed
2025-10-24T17:56:42.075961,ethereum_tx,0x4abad5714c18c7099241be91776a0bbc33786ee566563cb6e0529f75ddeff101,9481722,0xeeD730dEF0186134EC0A6923d83d0d2D7CFb2d7E,0x2A4496bbC344414e3bDbE6a8E7c40EF007DAeEd1,0.0,1.5,confirmed
2025-10-24T17:56:42.075961,ethereum_tx,0x0f152d324dc2f1d5152bfaf66df9b2960dd7ef7f3c19418d5d8af633df4a1ad9,9481722,0xdDC1dc7F02067EEe8c49ae57E73fCbf138f46Bc0,0x2A4496bbC344414e3bDbE6a8E7c40EF007DAeEd1,0.0,1.5,confirmed
2025-10-24T17:56:42.075961,ethereum_tx,0x2c3b5ab8ebf8515cb2fc1f393f191d24c6d15dcd5803a134ed755d582c1647ff,9481722,0x6Cc9397c3B38739daCbfaA68EaD5F5D77Ba5F455,0x027980D4D5DAAa20b83d6aEB81daDaD3535D3F38,2.5,2.000000012,confirmed
2025-10-24T17:56:42.075961,ethereum_tx,0xa925899293994d77a2b5f767a1cea74d8ecd9e9b9c1b3e3230cf53c7e994dde7,9481722,0xDE645d7DC8f33DbC92dd970d408A9f9cF50eCD1B,0xeC65251f281d2481845174abC0A6061A2437A084,0.005,1.500000012,confirmed
2025-10-24T17:56:42.075961,ethereum_tx,0x03b3b0149e9202022eebfe0eeb1df87c3fbe26385c2102d1bbb3203541e7a73f,9481722,0xF0FEd0C0192539a1076d8BDa1233f414704d98Be,0x00D22efF04CF7d0f5A355A6D9A06E43120398dA6,0.0,1.000000012,confirmed
2025-10-24T17:56:42.075961,ethereum_tx,0x95934b74ccb0e41ce3a427a026940bff5033293ad58148b05897d9117c50d673,9481722,0x065bb664C4Bf610558297150b4EDF18c8Ba494e8,,8.61e-16,0.001100012,confirmed
2025-10-24T17:56:42.075961,ethereum_tx,0x6bf99a97e6e375354b9a92d43ca330ab7dfb444dfe6018ba4b3b98453f9c6013,9481722,0x2bB35deDd16F05Bac00Fe7584A6654142f98FfAA,0xc6255a594299F1776de376d0509aB5ab875A6E3E,0.0,0.020000012,confirmed
2025-10-24T17:56:42.075961,ethereum_tx,0xf91ef2f0986ff931b67d8b378b2bf59c2b27e08362973d3c91b399bc64c1c79d,9481722,0x490E36EcF916e02106120f150AD6E2401a80fafD,0xf993E10C83Fe26DddFc6cb5E82444C44201e8a9C,1e-06,0.020000012,confirmed
2025-10-24T17:56:42.075961,ethereum_tx,0x58af65772219964928217ce2a5e62593f34f518135984b7cd9271dbe92129bfc,9481722,0x9a79408c9109e0E3763364b924dfd4b1DF9ee17c,0xf993E10C83Fe26DddFc6cb5E82444C44201e8a9C,1e-06,0.020000012,confirmed
2025-10-24T17:56:42.075961,ethereum_tx,0x29f5a9ea7e69798a0d0f31ea13e4c56008845f4db1475bd79cb7f7c5e8ad7801,9481722,0x815B5eCc89Fd47d6d421dd80EbbDD8c7B1A52c4b,0xf993E10C83Fe26DddFc6cb5E82444C44201e8a9C,1e-06,0.020000012,confirmed
2025-10-24T17:56:42.075961,ethereum_tx,0x05396b0334dc6fd514631a396ab342be4ba12f139dd11bf0ef4b4a286daa0a0a,9481722,0x9Dc0a73608415bFb94Fd01dE2D05b6DC98C62D38,0xf993E10C83Fe26DddFc6cb5E82444C44201e8a9C,1e-06,0.020000012,confirmed
2025-10-24T17:56:42.075961,ethereum_tx,0xe205c7158a2a70a469ddc2703050030977b81419071feacd3ac560caaf6f1980,9481722,0xBCaC76ab96E7162CeC96ff9A14357356D548a0B8,0xcA11bde05977b3631167028862bE2a173976CA11,0.0,0.008800012,confirmed
2025-10-24T17:56:42.075961,ethereum_tx,0x6e6a08846528463ccb30c28c335b0f7d2a88fed39e313bdc502db8ad125a7e61,9481722,0x512e780ED91DF982f07Fe011C31e8c21507b3107,0x87A3effB84CBE1E4caB6Ab430139eC41d156D55A,0.0,0.001000012,confirmed
2025-10-24T17:56:42.075961,ethereum_tx,0xc52cf9ba1e2b1f4577c0b320651b3ead5bf5cbab1340bec9d61dfa941cb559b4,9481722,0x6d7927C0D236388319864007681BC0C6b844Def8,0x12e1181a741b70BE6A9D81f85af3E92B6ba41897,0.0,0.001300015,confirmed
2025-10-24T17:56:42.075961,ethereum_tx,0xda0a8bfbefbfb8582f9bdf7cbc23d634e4733839f6267547d26773a6bfc54a16,9481722,0xc09dd2Dd2ED2c820a62125B68165f531CeC48E85,0x06EE41735d78E32BA28600Bd781b2aD088c9A6c3,0.0,0.001000012,confirmed
2025-10-24T17:56:42.075961,ethereum_tx,0x4a008fef89bc1d632c0c41c02ddbadb89523e3712d4596c2ab2936ad42bccd0b,9481722,0x5d72984B2e1170EAA0DA4BC22B25C87729C5EBB3,0xd4116f515A6958da851080B390DDE4B81f408978,0.0,0.001000001,confirmed
2025-10-24T17:56:42.075961,ethereum_tx,0x81ceed49873960f5d8d51952ea025e7f2aa4e073bd2b860e6d5c612b2ccd693b,9481722,0xcD12Ed9b63603bc9685Cda552c0156d9b297b41F,0x87A3effB84CBE1E4caB6Ab430139eC41d156D55A,1.8e-05,0.001000012,confirmed
2025-10-24T17:56:42.075961,ethereum_tx,0xc8118a60d0010c0a5d8efdbfc184de79b8ba14f3163470344dede65ae99ddd76,9481722,0xDB41c0cbFCEf2F0ff1f02Cc5E25A9C6673b4a958,0xc5445e3F1a7428Fb6C39c3016244799D6Cd47e75,0.0,0.001100012,confirmed
2025-10-24T17:56:42.075961,ethereum_tx,0xcdc27b8cfc1ae4fd2b80e4d4fbe8f8cdfedd128791cbf4cb14edede10944d03c,9481722,0x69dBb609ea8657071AC33442fcf8804a152D5b7b,0x87A3effB84CBE1E4caB6Ab430139eC41d156D55A,0.0,0.001000012,confirmed
2025-10-24T17:56:42.075961,ethereum_tx,0xbae5a49ae32241ea7a4faed1d3d282fe81acd23dddf7fd272fef0eca98a72d32,9481722,0x61d8838f9A00250C9AF13D622DA7c08c372ee587,0xCf8EDB3333Fae73b23f689229F4De6Ac95d1f707,0.0,0.001100012,confirmed
2025-10-24T17:56:42.075961,ethereum_tx,0xf50b4525b20f523fe4a17f3f808c96170a69a14552b814a4625cf9b4b73b07bb,9481722,0xb3a1956Cff1ecc8054B81b0C83b9847CB71384b8,0xCf8EDB3333Fae73b23f689229F4De6Ac95d1f707,0.0,0.001100012,confirmed
2025-10-24T17:56:42.075961,ethereum_tx,0x2e6c29e158d41f2b15b4fb90b9359a138fd05087ff4b5d66a4cd663e28dc097b,9481722,0x427888CdA8F0E5968358C980Afa7DD02358D3037,0x06EE41735d78E32BA28600Bd781b2aD088c9A6c3,0.0,0.001000001,confirmed
2025-10-24T17:56:42.075961,ethereum_tx,0xaa5ed603b7a6bfdc8996ed054d7d12c8b76daf8971b4a18ba86e012bfbabacc0,9481722,0x427888CdA8F0E5968358C980Afa7DD02358D3037,0x06EE41735d78E32BA28600Bd781b2aD088c9A6c3,0.0,0.001000001,confirmed
2025-10-24T17:56:42.075961,ethereum_tx,0xea45333276fb080e1e82cdda15000ca47386297f422797cffaca5f363fa1451c,9481722,0x61d8838f9A00250C9AF13D622DA7c08c372ee587,0xCf8EDB3333Fae73b23f689229F4De6Ac95d1f707,0.0,0.001100012,confirmed
2025-10-24T17:56:42.075961,ethereum_tx,0xcbad7224bc15ab1e2956929332da0eb09bce3e0e520e36774049f25953e2146b,9481722,0x61d8838f9A00250C9AF13D622DA7c08c372ee587,0xCf8EDB3333Fae73b23f689229F4De6Ac95d1f707,0.0,0.001100012,confirmed
2025-10-24T17:56:42.075961,ethereum_tx,0xb2b3a65026a4d019660ecbf0c11addafda2c247b50bdf376a73b742d07b788ff,9481722,0xcCa1595278f5B8CFdA0380943Af9b56493fA14dE,0x1c7D4B196Cb0C7B01d743Fbc6116a902379C7238,0.0,0.002000012,confirmed
2025-10-24T17:56:42.075961,ethereum_tx,0x801771b248d25c6d629ea3028ae885bd80e3372f596fbe7398761776095202d8,9481722,0x4337006f33e2940FcbEbD899bF2396117E65dF9B,0x5FF137D4b0FDCD49DcA30c7CF57E578a026d2789,0.0,0.001008646,confirmed
2025-10-24T17:56:42.075961,ethereum_tx,0xe3497fd87db87033eca553cb0d4491ce2a162679511ba533be7c16106f9bebc4,9481722,0xb3a1956Cff1ecc8054B81b0C83b9847CB71384b8,0xCf8EDB3333Fae73b23f689229F4De6Ac95d1f707,0.0,0.001100012,confirmed
2025-10-24T17:56:42.075961,ethereum_tx,0xa110968ce69953b21e8d31e870d4895c9c16937cf44422aeb60fc2949a579968,9481722,0xb3a1956Cff1ecc8054B81b0C83b9847CB71384b8,0xCf8EDB3333Fae73b23f689229F4De6Ac95d1f707,0.0,0.001100012,confirmed
2025-10-24T17:56:42.075961,ethereum_tx,0x9940afad41ea9e277b7de9c89ade728940e0a7f8bfa85f52acecdc6d3a3eaefe,9481722,0x49c36b3BEc6b6e0e77305273FAFC68f479630535,0xd0dbB2486e3Fbf371D1B2e35Fa330bef6529d2f4,0.0,0.001200012,confirmed
2025-10-24T17:56:42.075961,ethereum_tx,0xba00d1c7e402efbe16c7a036021eea2cf78524f1a992be84a8157da4214398df,9481722,0xFF1218066b4b5Cd9dE2A73639862082bcC98bf0D,0xd0dbB2486e3Fbf371D1B2e35Fa330bef6529d2f4,0.0,0.001200012,confirmed
2025-10-24T17:56:42.075961,ethereum_tx,0xeee986173ecaae915a9f66d1705da5737a4a8317d809c4dcf01787047b3615cc,9481722,0x9A37Ab2eE598D00918db33F85fcf165cA55e7f1a,0xb5A49949C49dEDD852F9f0f419b17aD2785032db,0.0,0.001100012,confirmed
2025-10-24T17:56:42.075961,ethereum_tx,0x6cbef79dbfe43b1e4f9898ba5ace838fa651a56f33f1c2ccfbb1944223ab7e8a,9481722,0x4BA56bDa2009816e260921970041d6Eb005D7272,0xC764A997C86dC22B50Eb637626e3f46bfd82534A,0.0,0.001500018,confirmed
2025-10-24T17:56:42.075961,ethereum_tx,0xf83c02d240269761335b08c01c4fc48626108937b3d09a2d351eedc162e21c5e,9481722,0x74b0e8F9e720e95a7FB9026398d9C1Ba8Bf8Bd14,0x956962C34687A954e611A83619ABaA37Ce6bC78A,2.005626718587e-06,0.001500018,confirmed
2025-10-24T17:56:42.075961,ethereum_tx,0x02615f1edb0fbd65ce84b208fd4b354bacd3ad747152b956904dcd6b5e32d96d,9481722,0xB005248d92717eF5AFF9f3beEa3Ffa230471F0Fa,0x956962C34687A954e611A83619ABaA37Ce6bC78A,2.5323752234832e-05,0.001500018,confirmed
2025-10-24T17:56:42.075961,ethereum_tx,0xe74665e8cec7a69a0e17518b99862a793cb46d955f17d5b6d8a481ca7a5dc681,9481722,0xCB0c6BdA178a28e34C1132c53dDeBA24A4DDD5df,0xb2e06e59765DaAe340C11437F3715fe15760b39F,0.0,0.001100012,confirmed
2025-10-24T17:56:42.075961,ethereum_tx,0x3bcca54537c4abed03a538fc90d866e145c3c1ead58bb559a94ebee8388d092b,9481722,0x3Da763C42E438eB17880fB6A83040d6cf13eF03b,0xFf00000000000000000000000000000000042069,0.0,0.001100012,confirmed
2025-10-24T17:56:42.075961,ethereum_tx,0x44c1a08809d07aa978a189c3649522a64031086ec7d347785d516ff2f583809a,9481722,0x3Da763C42E438eB17880fB6A83040d6cf13eF03b,0xFf00000000000000000000000000000000042069,0.0,0.001100012,confirmed
2025-10-24T17:56:42.075961,ethereum_tx,0x5278016c2ac5562c913f5d6a7a183ea0a6a0574edfa2640a76b7635879f77daa,9481722,0x9a0dAF21FeF5aa49df88d9123FdBF260b5075430,0x87A3effB84CBE1E4caB6Ab430139eC41d156D55A,0.0,0.001000012,confirmed
2025-10-24T17:56:42.075961,ethereum_tx,0xb197d837991fab0c86b14d3d40a75f6960610ebf07ee30c0f00497357acda0c5,9481722,0x7c6fDCF2Ea8Fa9D7164aFC02D7C7e99204ba1757,0xC959483DBa39aa9E78757139af0e9a2EDEb3f42D,0.0,0.001200014,confirmed
2025-10-24T17:56:42.075961,ethereum_tx,0xd4b4ded6dca05ec2b8aa274ebabc26c0e39a2ca4bf546eccbf9b419382c81e06,9481722,0xe03F5Eea59b3e719653d522811A49E089FA0DE8e,0x956962C34687A954e611A83619ABaA37Ce6bC78A,0.001,0.001,confirmed
2025-10-24T17:56:42.075961,ethereum_tx,0xfebe1dc143703da41ba6492fb7f54032c41c309bf12b984220546303b8001c60,9481722,0x9C8FaA60ac71ad698FA1E9ba77C7F409eF4834cf,0x956962C34687A954e611A83619ABaA37Ce6bC78A,0.000132,0.001,confirmed
2025-10-24T17:56:42.075961,ethereum_tx,0xf013e3543d4df9175939465db5fbd647cf43c5f18a79a2836998a0ad3986c5ff,9481722,0x561D871D7b134FaD7C6a7F9eBC2F1d013542E449,0x956962C34687A954e611A83619ABaA37Ce6bC78A,1e-05,0.001,confirmed
2025-10-24T17:56:42.075961,ethereum_tx,0x6b2930222b236a97cdea5b5a0f1d1cea46204f42796f28f48bb188f2efad2155,9481722,0x740B8531889c64f08D3E997DA51a0f5D2DCf3f5a,0x956962C34687A954e611A83619ABaA37Ce6bC78A,3e-06,0.001,confirmed
2025-10-24T17:56:42.075961,ethereum_tx,0x4a7f1c5d2a67bfeed4f172c9abf19ce2c183a94d4a8d67f22ef94b86908e7298,9481722,0x9b05e0E7da7C221E3d731acBE80B09E439aEbF3d,0x956962C34687A954e611A83619ABaA37Ce6bC78A,0.0001,0.001,confirmed
2025-10-24T17:56:42.075961,ethereum_tx,0x3d4bbd3e3ef06a4ce9d1a6f335da672492edf9b5d866bba6441f309c05fc6c9d,9481722,0x8c1Dc7f4a1ec25889BF9ea1E6b6092061267b570,0x956962C34687A954e611A83619ABaA37Ce6bC78A,0.0001,0.001,confirmed
2025-10-24T17:56:42.075961,ethereum_tx,0x15fffc789e509eb46f5b62ab9a5c01f3a281943f1ce814edd54db235e18d2ca5,9481722,0x2821D10D3501974d55dFb1FF04EA063455DC8677,0x956962C34687A954e611A83619ABaA37Ce6bC78A,0.0001,0.001,confirmed
2025-10-24T17:56:42.075961,ethereum_tx,0xcec0797c36ceea0c9f6b664c8ce8fe32a7863dc22c06f389a317d8667e93a0e3,9481722,0x56e12027eCD8856faFCd16B8eBCeF236A4484653,0x956962C34687A954e611A83619ABaA37Ce6bC78A,1e-07,0.001,confirmed
2025-10-24T17:56:42.075961,ethereum_tx,0xae9c13a0489464eb2452ab048d74b0da91216f9e030ff23b6e2a4b061df9aea4,9481722,0x572e2B3140ea2a46F48E3ffe72e418C0883cE2C3,0x956962C34687A954e611A83619ABaA37Ce6bC78A,1e-07,0.001,confirmed
2025-10-24T17:56:42.075961,ethereum_tx,0xa899aebb2530cee1d88afb1919bf71beb34cbaeffb76d8178204e1cf5b7e51cf,9481722,0xF87B6Dbfd8B28e145CdE471B376846d0Ad2375DE,0x956962C34687A954e611A83619ABaA37Ce6bC78A,1e-07,0.001,confirmed
2025-10-24T17:56:42.075961,ethereum_tx,0x9d9998562ee428af1942acc406d7210781eeaaf993c452d8875dc67d92a10e52,9481722,0x65163C4765c42a07aff72A1235C1F87F7660Aa0E,0x956962C34687A954e611A83619ABaA37Ce6bC78A,1e-07,0.001,confirmed
2025-10-24T17:56:42.075961,ethereum_tx,0x5df2bc1405ef629579d0fcb45c3600c7c64725c48b9aafcd443a7a939dfcc528,9481722,0x26660685471145B7FC6afEeCa7493dff2C01e212,0x956962C34687A954e611A83619ABaA37Ce6bC78A,1e-06,0.001,confirmed
2025-10-24T17:56:42.075961,ethereum_tx,0x532beb4d35b805773991c238d9dea26c3a2bdbd5d27ec5b74a5612b4497326d1,9481722,0xF059847bF7c865F2Ef2d242e919Fbbd994E94F76,0x956962C34687A954e611A83619ABaA37Ce6bC78A,1e-07,0.001,confirmed
2025-10-24T17:56:42.075961,ethereum_tx,0x438e72dd9bd0a951a2bc09654cb67ce532dd3bbca6a656dd0da1e58237f003db,9481722,0x3E2aEB729b82Edb5ce1Af01c02746625C71C79f5,0x956962C34687A954e611A83619ABaA37Ce6bC78A,1e-07,0.001,confirmed
2025-10-24T17:56:42.075961,ethereum_tx,0x32c79bfcfae98eb5aa7a67cccb23442246a342da326a55bc235369a68cc19ec9,9481722,0x8356B1EE8Ab99dE3583F0A01e2d247959B665173,0x956962C34687A954e611A83619ABaA37Ce6bC78A,1e-07,0.001,confirmed
2025-10-24T17:56:42.075961,ethereum_tx,0x2e617bf15f5671e90951846a17d9c3792de450d37e2112ed4d4aeb7ac6e21bbb,9481722,0xa1F1D58bbc4E67d3C043625470077E91AcB71aCd,0x956962C34687A954e611A83619ABaA37Ce6bC78A,1e-06,0.001,confirmed
2025-10-24T17:56:42.075961,ethereum_tx,0x1d55a56ef93a8b0ed4f1c982daa7fad5315a290aa2b3ec8428b0d847663bd7bc,9481722,0xb7BD8F6407F0DC96800272066dB0eB388516C9e7,0x956962C34687A954e611A83619ABaA37Ce6bC78A,1e-06,0.001,confirmed
2025-10-24T17:56:42.075961,ethereum_tx,0x17fb50fed357020b22722a950813d2b8be1feb01e774d6d6dab893de31728b73,9481722,0x282ec3068b2BE4F069CA02BE7eE6c4194216D175,0x956962C34687A954e611A83619ABaA37Ce6bC78A,1e-06,0.001,confirmed
2025-10-24T17:56:42.075961,ethereum_tx,0x70cfd993447eaebf2ff36dbc3af9795c1406bcb7e9f253233a7fe855eb242722,9481722,0x82E9F31E954bf72D9dE1DA0d818d8aA9D50E87ea,0x956962C34687A954e611A83619ABaA37Ce6bC78A,0.0,0.001,confirmed
2025-10-24T17:56:42.075961,ethereum_tx,0x3f7c64476dfcc6b6ff49760b45690409c114afe9216314dc95fcf8fcfe282095,9481722,0x65141CA3329DA9A83458017474b5Bc62097Cf24f,0x69C6b28Fdc74618817fa380De29a653060e14009,1e-18,0.001200012,confirmed
2025-10-24T17:56:42.075961,ethereum_tx,0x74739787b1dff36da8e20d4671edc02f8c824f9df312c65a70ec259b7839f9ac,9481722,0xC7AF91293dC7dF3DdF0bF0dDD14AaA96aE63BD4E,0xF694E3E9Bd8a15A88e7839409434c85e55bbCA89,0.0,0.001000012,confirmed
2025-10-24T17:56:42.075961,ethereum_tx,0xba31c6843dd4912813d05297b9c7007fa75eb13a465be4aace3a9e9a73f3acbd,9481722,0xC7AF91293dC7dF3DdF0bF0dDD14AaA96aE63BD4E,0xc1E019D9FBfcBBc7A388396e46b5a767343D5De4,0.0,0.001000012,confirmed
2025-10-24T17:56:42.075961,ethereum_tx,0x44b38c37e6927c79796a805571e71b73eee17b6f4315ad71b233f0b26190e35f,9481722,0xC7AF91293dC7dF3DdF0bF0dDD14AaA96aE63BD4E,0x1f7344a6D9d85565A4F0eaA364DF4E77F1F2e7B2,0.0,0.001000012,confirmed
2025-10-24T17:56:42.075961,ethereum_tx,0xad11911257786a13fbf8719facd52ec29c69c2f769f097920fdcd865b7bccc43,9481722,0x038aB65C959dae0A6E08aCD32350deA86DCA798f,0x3eDF60dd017aCe33A0220F78741b5581C385A1BA,0.0,0.001052644,confirmed
2025-10-24T17:56:42.075961,ethereum_tx,0xf26d5842e9bcdf6b6a510f6a29c45c4a9e4a2b5d6c914ccc60d62df3f76a467e,9481722,0xa064Fd158896B71Eb9C9e42d1389AC23D1AC44C8,0x03C66CB1826BDB0395BF31E68Bf7E873e9564fFB,0.0,0.001000012,confirmed
2025-10-24T17:56:42.075961,ethereum_tx,0xeaf538303b8d46eecbde92873dfd4bbea652a2cc579d7b8ad7ab7460d771b5aa,9481722,0xeF423ab9f0cFA3954883DF9B7556a143Cb807A84,0x03C66CB1826BDB0395BF31E68Bf7E873e9564fFB,0.0,0.001000012,confirmed
2025-10-24T17:56:42.075961,ethereum_tx,0x663c4d8a1dc0eb71ecab3f79b30553cf58f98d4fdf5995245d83ed470169d45c,9481722,0x1Cb6F1C4c20392fEF6d561E922E9ACD91fa98ecd,0x03C66CB1826BDB0395BF31E68Bf7E873e9564fFB,0.0,0.001000012,confirmed
2025-10-24T17:56:42.075961,ethereum_tx,0x39824a6030b403e9f539e73b89a623554a2258324488b991a2170ac3d0b741e6,9481722,0xC7AF91293dC7dF3DdF0bF0dDD14AaA96aE63BD4E,0xF694E3E9Bd8a15A88e7839409434c85e55bbCA89,0.0,0.001000012,confirmed
2025-10-24T17:56:42.075961,ethereum_tx,0xab01d7add758662d6dfa6ea51561909b439a15b89daf41c1d1fd46408ff71e7c,9481722,0x38a48A7c32A60c32853255F4CDC43B5A09B67373,0x853758425e953739F5438fd6fd0Efe04A477b039,0.0001,0.001000012,confirmed
2025-10-24T17:56:42.075961,ethereum_tx,0xa518fc428b7a890151552f0077f66c3f61e7f838ec465677dcae8e261e449b0c,9481722,0x91228373Efca77D17034Bc1bacd29Ad69F2e5E93,0x403Aff7375C5853A1D9051AbB0dD36d6c08B1b12,1.58e-06,0.001000012,confirmed
2025-10-24T17:56:42.075961,ethereum_tx,0xa18d2e114234fa737003674d26aee447fa5b3f4958ff6259a1b36e5b6852b5e8,9481722,0x3e2Fab2522c59E6d7Ae8f06901366203dD75c9d4,0xf556DD9CE34305579377AE1e7c97AABB9527abAF,5.84e-06,0.001000012,confirmed
2025-10-24T17:56:42.075961,ethereum_tx,0x8d9904365ea164f08026e3cc5efb5dfccd6e148286caa3a4d3a63e7595af5c30,9481722,0xc3252278994b662d2754828426a94A3Feb4ed2e4,0x853758425e953739F5438fd6fd0Efe04A477b039,0.0001,0.001000012,confirmed
2025-10-24T17:56:42.075961,ethereum_tx,0x6088c057ac5b832f91919ed5807e675e3d4bd21bf2856401bbd8b7d675806252,9481722,0x2E009773eF943B4A87f00b3B60B9CF1386D92a50,0x08d2b0a37F869FF76BACB5Bab3278E26ab7067B7,1.04e-05,0.001000012,confirmed
2025-10-24T17:56:42.075961,ethereum_tx,0x5544ca5a465ffd8effdbb3a1ae025c96584a350ebe33798e79db3b8f01c5e351,9481722,0x6d50EDC485a5c5C8E57e45994de1C8f8A11A7cee,0x8241343EbD9B7Cd034A3f245761D1C2E53d794ba,4.7e-05,0.001000012,confirmed
2025-10-24T17:56:42.075961,ethereum_tx,0x4e4cb56a293da2a27fbd9f7c6c033024b5c40c9de43cda0f3f2a56a41d0e1981,9481722,0x73DA155ca8351Aa206c9ad1e1510134a3987166a,0x08d2b0a37F869FF76BACB5Bab3278E26ab7067B7,4e-05,0.001000012,confirmed
2025-10-24T17:56:42.075961,ethereum_tx,0x30f2d6c125265ee0c44bad8ca8c0dfc85d81207e0116c034d81c4ee44dd49de1,9481722,0x82530F65F0eD60197bE329DC634D1eD47049E205,0xDA0e6DE79DC5B64A4249ea0ac89801f8A0dd049C,0.0001,0.001000012,confirmed
2025-10-24T17:56:42.075961,ethereum_tx,0x27ac6768ce535b1948bee2666089d35d4f077e4f59f66369ec531ccbcadc58ec,9481722,0x08cAFbA672a0Ca10A23e05b9DAc516e294F2e0B2,0x59878EdA1175244548A2089E76Cd8e2FEd92a8c8,2.03e-06,0.001000012,confirmed
2025-10-24T17:56:42.075961,ethereum_tx,0x06adb82a34d2da774363ace9f990c3305e99040b3e59eb259335ca13e71ed2e0,9481722,0xb0279602AAfF868318e0Dd68f597A25c445019D9,0x0000000000000000000000000000000000000000,1e-05,0.001000012,confirmed
2025-10-24T17:56:42.075961,ethereum_tx,0x6385804f72d2221020d4f1e8f206e0c4fb7830ca525e2b911bdd32c7779df616,9481722,0x78Bdc100555672a193359bd3e9CD68F23015A051,0xF3fB62E0CC08eB1fE9fa090aa4f18A09B49e4f96,0.0,2.7e-08,confirmed
2025-10-24T17:56:42.075961,ethereum_tx,0xc22c4ab510108569f6ab3a84aebd3190411f828148634cfdfb6db3d097417d2f,9481722,0x13CB6AE34A13a0977F4d7101eBc24B87Bb23F0d5,0x0c06B6D4EC451987e8C0B772ffcf7F080c46447A,0.006063356142413737,1.2e-08,confirmed
2025-10-24T17:56:42.075961,ethereum_tx,0x2bcf869201dec29a52425afd390aac7826a1179c702e8b468e327d50078e0c9e,9481723,0x91944fB037a7eAdB96a59DAd68Ab4B210939E2D9,0xcA11bde05977b3631167028862bE2a173976CA11,0.0,3.000000012,confirmed
2025-10-24T17:56:42.075961,ethereum_tx,0xfb28e0f7cd20fa48ccde88bc38c0a3841422fd87d02b4307ea2296c855321f09,9481723,0x55A07F9f7eD7F110c2Ddd8f2f5d8677Dc94aF4E2,0xeA30c4B8b44078Bbf8a6ef5b9f1eC1626C7848D9,0.0,2.200000012,confirmed
2025-10-24T17:56:42.075961,ethereum_tx,0x30abf3aa4cf22548c347306f808db97e413b7a4b446e7539be0bd33d2666a3ee,9481723,0xc5d959A56de33F79f318c806cA069652769d7e75,0x73B668d8374DDB42c9e2f46fd5B754Ac215495bc,0.0,2.000000012,confirmed
2025-10-24T17:56:42.075961,ethereum_tx,0x8e1637416cb21e5187ad2c87635f22d507ba67fb86507453b4f6027aa7986637,9481723,0x6Cc9397c3B38739daCbfaA68EaD5F5D77Ba5F455,0x9665aaFe06cc940194eb651baf6F9f72aE01fb64,1.23516275,2.000000012,confirmed
2025-10-24T17:56:42.075961,ethereum_tx,0xb84d47837c90bdcbcc0e7c3c920c4ebac801087e1629d3c7c89d152699b03a5c,9481723,0xc001e185538A55CF12f6C7CB70633917cFD47BE1,0x73B668d8374DDB42c9e2f46fd5B754Ac215495bc,0.0,2.000000012,confirmed
2025-10-24T17:56:42.075961,ethereum_tx,0x3c39d9764d579e1be27a9c78a83a7a5f1d202d47e95af01f87268d6aea16c6be,9481723,0xc47176667F8d876c2a98ac5c765d52Af45a71Da3,0x73B668d8374DDB42c9e2f46fd5B754Ac215495bc,0.0,2.000000012,confirmed
2025-10-24T17:56:42.075961,ethereum_tx,0xcdd399de5841b7bd14b13dd8e3bf33f15ceb17a3a48d1c71150850e0f0316adf,9481723,0x666538E16732bb1fCb52CC60b8714F54B66E573a,0xc6255a594299F1776de376d0509aB5ab875A6E3E,0.0,1.500000012,confirmed
2025-10-24T17:56:42.075961,ethereum_tx,0x9050a539e8029411881be9054049a96b88376d5328b324309a8b71f93830b19c,9481723,0x803F813CFd778e8f3c947FE3B28d33F3fb6F854a,0xCaC524BcA292aaade2DF8A05cC58F0a65B1B3bB9,0.0,1.500000012,confirmed
2025-10-24T17:56:42.075961,ethereum_tx,0x3b4119644bec87e3924c68273dfe7fe4aaff8ea78f3e4e6d853f6ee93c5ce119,9481723,0x410B629233ADc97edfd43D65A1790e5EDbd16F77,0xC89d689ECc58262D2E7476C2896574594Df9e69d,0.0,1.500000012,confirmed
2025-10-24T17:56:42.075961,ethereum_tx,0x31181b08f3c406d123ae7a750ea9695609fad0d5b08ed7159975bc75bfc13049,9481723,0xFFC153CF9C5d5b2FA1c230Cf37AC77a147618C09,0x956962C34687A954e611A83619ABaA37Ce6bC78A,0.01,1.500000012,confirmed
2025-10-24T17:56:42.075961,ethereum_tx,0xa36fdbf6329184d8b0d7637ecccd439c4fca6e8456816618ad52fdc4eb809a52,9481723,0x39DFd1F6A97844d43FACfBcf0efC055C00e60099,0x0fEa1dE3f1dfDAa0E0CB848aa85625Ce2433689B,0.02,1.500000012,confirmed
2025-10-24T17:56:42.075961,ethereum_tx,0xc3fcb9c10049f109106fad7d38ad410bcc04932c0338286feca7bf4026b9cfd1,9481723,0x93d5b54566176dc5c35AF67f5B415eAB207AC6c4,0x83cEe2ED20a814448B6524B97A91B4DD1140D149,0.0,1.500000012,confirmed
2025-10-24T17:56:42.075961,ethereum_tx,0x11792536dca2dd34ccfb552da1ca7cccdf0bdfd68d28963aa079017040bf142b,9481723,0x3fD8A1B863F8d37433d346a091318F8442b37e40,0x87A3effB84CBE1E4caB6Ab430139eC41d156D55A,0.1,1.500000012,confirmed
2025-10-24T17:56:42.075961,ethereum_tx,0xfe760c6135b4c8f22e4aefb734604af03922b36b2b110413d1a8fbb78e37f693,9481723,0x568690BdE004D8Ae4eC2Bc174e4d32234f6D651f,0xc6255a594299F1776de376d0509aB5ab875A6E3E,0.0,1.5,confirmed
2025-10-24T17:56:42.075961,ethereum_tx,0xa3cc93abebe96cdb2c66aa149817968cd4951b1cbbcf307fead15d6a21b4ce0b,9481723,0xF4d0dE1B19283a25D01152919f561bEfB30435dE,0xc6255a594299F1776de376d0509aB5ab875A6E3E,0.0,1.5,confirmed
2025-10-24T17:56:42.075961,ethereum_tx,0xdeba66e021cc7cdc0b30154219c7cf3683b67270d6cbfc2bd5045baf6024f261,9481723,0x7cd0b66696881b0B952e5C3636BfE7a0Ae4dfFf3,0x2A4496bbC344414e3bDbE6a8E7c40EF007DAeEd1,0.0,1.5,confirmed
2025-10-24T17:56:42.075961,ethereum_tx,0xd9069d82f0590c4cda5594cde526e4da436fd4c338635b35bdb6a075b35320c4,9481723,0x82be1B555B0Cacf7C8109108D36Fc1917629Fcc4,0x2A4496bbC344414e3bDbE6a8E7c40EF007DAeEd1,0.0,1.5,confirmed
2025-10-24T17:56:42.075961,ethereum_tx,0xf93f5494ca19a1e10ab591b524f6425f1eb61bff0ba925cafed11c4273b5e15b,9481723,0x4A8e6bBd564532d2fa7a9e6A9c0C18475A9Ac4CC,0xc6255a594299F1776de376d0509aB5ab875A6E3E,0.0,1.5,confirmed
2025-10-24T17:56:42.075961,ethereum_tx,0xb1114b97461900b5fdb3043639aa08fc12598980cb6d4221d57d3dcc919de1e7,9481723,0x5013609FFEcb9B9288005d700055D45dab1C6682,0xc6255a594299F1776de376d0509aB5ab875A6E3E,0.0,1.5,confirmed
2025-10-24T17:56:42.075961,ethereum_tx,0x044f954e3483ae6fdd76e98e1126580d8852691b6d2989643b82f424e30c1303,9481723,0xeaCb5b87F1Ce863F6bCF8dD3E4812812F855fAa6,0xc6255a594299F1776de376d0509aB5ab875A6E3E,0.0,1.5,confirmed
2025-10-24T17:56:42.075961,ethereum_tx,0xb343b59538e575e8ae0f99ba7cc5a61e68db4a6fc2148dd9253c0e8b540cfd22,9481723,0x6db729603f7450295BC52C89Db21ec266BA5De7c,0x57c5dC670eB6f571bDD8Fc1CF178c46c9A917A74,0.0,1.5,confirmed
2025-10-24T17:56:42.075961,ethereum_tx,0x3c5660917aa6ca277cb505d5609a348b98d1139ebf59ed06b52307b309b2b4ce,9481723,0x2885d814ac723fd206022F07B0976117E6672eAc,0xc6255a594299F1776de376d0509aB5ab875A6E3E,0.0,1.5,confirmed
2025-10-24T17:56:42.075961,ethereum_tx,0x62d9ccad7a8a0e3c937511c16528e1d5f474e1d45fe977a89d45f8b740900ab9,9481723,0xF38E5D49F751F3116BC22ab7CBF53B8B97FB29D9,0x2A4496bbC344414e3bDbE6a8E7c40EF007DAeEd1,0.0,1.5,confirmed
2025-10-24T17:56:42.075961,ethereum_tx,0xe82dcb233fc3b921afa82deb28ecdae0c0c5d483f8018f4e9850d76f08984ffb,9481723,0x19A8a65e6c6E12AE5fD83E11a46E384a02E4271D,0x2A4496bbC344414e3bDbE6a8E7c40EF007DAeEd1,0.0,1.5,confirmed
2025-10-24T17:56:42.075961,ethereum_tx,0x93b646f89b7e13621adfe49b2aba9a3ba1ead724a691a8fa030c1950fbcfe250,9481723,0xE061F3DC672e97dDf34C1647dC0B6F25F89C392B,0xc6255a594299F1776de376d0509aB5ab875A6E3E,0.0,1.5,confirmed
2025-10-24T17:56:42.075961,ethereum_tx,0x8c66326deddd662d987510043fbd4388d8ceb29556a7aae9181a7e05d9da4e20,9481723,0xc0FE1EaC76b260c9cd833b8788948c1c71039388,0xc6255a594299F1776de376d0509aB5ab875A6E3E,0.0,1.5,confirmed
2025-10-24T17:56:42.075961,ethereum_tx,0xba58e9e2d0a867c2b807c3a28afa39115d2ce374e44064cb4b17222352d7be36,9481723,0xeE01Acd9C14b4cD7Bc13fdCA785c6C865807e839,0xc6255a594299F1776de376d0509aB5ab875A6E3E,0.0,1.5,confirmed
2025-10-24T17:56:42.075961,ethereum_tx,0xb53c857231766a62f8a4e8d7d130dd886f896c401893155634f0776e46a3673a,9481723,0xd1E2F21985265C91Ef95A7f30A523671dA256eE6,0xc6255a594299F1776de376d0509aB5ab875A6E3E,0.0,1.5,confirmed
2025-10-24T17:56:42.075961,ethereum_tx,0xd215df0d30b90dbfe5bf8652e273523091853a6b003418261a169232c7f4dede,9481723,0x8392ADB8D844ee54a1CB3355f94Fe6e66Eb339C5,0xEaB0A59f4e6bC3DC4E9Ba4113775AA5c310C8a5e,0.0,1.000000012,confirmed
2025-10-24T17:56:42.075961,ethereum_tx,0x70efa18c880610edc9b099f20b1c82b8fdf0ed80303c769fa25363d8546ae506,9481723,0xEA52e1330d19084008a28b9e3Dee42314706C532,0x00061188fd428f9B615Ff9664442126E847c3418,0.0,1.000000012,confirmed
2025-10-24T17:56:42.075961,ethereum_tx,0x2640a9f427b361726974b25ab0a6db15f82cbaa4028e945a3a2882ec42e25c81,9481723,0xF0FEd0C0192539a1076d8BDa1233f414704d98Be,0x00D22efF04CF7d0f5A355A6D9A06E43120398dA6,0.0,1.000000012,confirmed
2025-10-24T17:56:42.075961,ethereum_tx,0x0b3322872668052b78e37430336a92800ceacbd9e8c89d4a071528dff6f8b670,9481723,0x7876adF8a936347A543d1C41859e23034C021f2C,0xAd440Db2B4f8c67E1181E050D509812fBf1C59bf,0.0,1.000000012,confirmed
2025-10-24T17:56:42.075961,ethereum_tx,0x5de15e24f36bfaafdbddf72ceaa650ae5e4c973977b8985e8ad27e4241eecef0,9481723,0xc5eAEa93552D1405704e4f1ff9eF9524b031C126,0x483aB4a3804ba7737aA55608E165d25bAa0BeF3F,0.0,1.000000012,confirmed
2025-10-24T17:56:42.075961,ethereum_tx,0xdaab3f93bc15c75824305023dd65bff2b6307456a1260a974fb9858a66060aaf,9481723,0x8E0838fb6f4DF31A8AE02dD4d5B66bAC9d0dd133,0x1F1A8BD7093e68C49F857c1dc4aEa6275018aaA1,0.0,1.000000012,confirmed
2025-10-24T17:56:42.075961,ethereum_tx,0x41e4436406d4a623180abc8ca49b1131948f80a4f13bd5512be520462fa9b0e7,9481723,0xe59C24676fBF48f2b3F52dbF4D4938610378B081,0xFf00000000000000000000000000000000048888,0.0,1.000000012,confirmed
2025-10-24T17:56:42.075961,ethereum_tx,0xf5631aaa2c094ca31c974feecf387143bb78d8e47523c5ce9de0e13e34b33b8a,9481723,0xC1E12dfED78bA03659b5D25487Cc8Eba7b75Eb10,0xf993E10C83Fe26DddFc6cb5E82444C44201e8a9C,1e-06,0.020000012,confirmed
2025-10-24T17:56:42.075961,ethereum_tx,0xc832aecfa2e4406ec9fed9e226d9ff6af307222bb270420fd885364e72a99228,9481723,0x6e866746f3F508a8F3eBE49EdF181cd57ab65d69,0xf993E10C83Fe26DddFc6cb5E82444C44201e8a9C,1e-06,0.020000012,confirmed
2025-10-24T17:56:42.075961,ethereum_tx,0xc02379adecbcd0b3853b03d243813b7e62e6d9b98c1140320eef41bd2cdec073,9481723,0xA8974e043c2498298473784ceF0881CE0bd5B2CA,0xf993E10C83Fe26DddFc6cb5E82444C44201e8a9C,1e-06,0.020000012,confirmed
2025-10-24T17:56:42.075961,ethereum_tx,0x603317a1e4245b786b703a39d15888fe51fbefceef4f9625aeb490fe0e4bca8f,9481723,0xe40fA7119b740e27046BE3C30F5021D76EB888D2,0xf993E10C83Fe26DddFc6cb5E82444C44201e8a9C,1e-06,0.020000012,confirmed
2025-10-24T17:56:42.075961,ethereum_tx,0x455fdf0b10392a127fde988471f47d3a5397d526a10d8d563940f504f851ed1a,9481723,0x6a51d08e253EE36D866D2413F6522eEddD3B15F1,0xD88317e85204092Fa85a9B656Ea4696e32908980,0.0,0.001210012,confirmed
2025-10-24T17:56:42.075961,ethereum_tx,0xb79716dd6deaf2f34327179965810afb8fda9c736be2bf6da6c2635a9663134d,9481723,0x7c6fDCF2Ea8Fa9D7164aFC02D7C7e99204ba1757,0xC959483DBa39aa9E78757139af0e9a2EDEb3f42D,0.0,0.001200014,confirmed
2025-10-24T17:56:42.075961,ethereum_tx,0x8a3f90f822a8b272cb03f9a31ed1cf75426fcef069772aa9b87f73ccdaa8a8c4,9481723,0x94eDC8E0D150Ca41Ab78F479dCd202458C9375bF,0xc6255a594299F1776de376d0509aB5ab875A6E3E,0.0,0.001100013,confirmed
2025-10-24T17:56:42.075961,ethereum_tx,0x48691eaf2d21b30e73dd2f4c7ee131547baa3d1aa1ff11022065b7da22d4fb36,9481723,0x152e6F5A560A68266581A8147aBa8C29F1D9b655,0x69C6b28Fdc74618817fa380De29a653060e14009,0.0,0.001100012,confirmed
2025-10-24T17:56:42.075961,ethereum_tx,0xbdca6f991df8c3d96ff798b33c89825399ef93dec60b5afc02042c1273a116b8,9481723,0xDB41c0cbFCEf2F0ff1f02Cc5E25A9C6673b4a958,0x15757363a4C87AF695cBb91dfc44DEfcF61b979B,0.0,0.001100012,confirmed
2025-10-24T17:56:42.075961,ethereum_tx,0x6310d618244ea615eabb53181da5e824a2d70e3563af0cfe88fdd6272648de4a,9481723,0x065bb664C4Bf610558297150b4EDF18c8Ba494e8,,8.61e-16,0.001100012,confirmed
2025-10-24T17:56:42.075961,ethereum_tx,0x93bc215baf888a739957a0d84df5b844af7498a548ecaa14e8ea2e9e9855446d,9481723,0x2D1A477e22F93b66F70a781D1f6aB73C3a62f09b,0xA73aFb610aC79A729A393D679029fCf9618854AD,0.0,0.001100012,confirmed
2025-10-24T17:56:42.075961,ethereum_tx,0x02a4884a49a5f87a5c75d94da42283fffec9c6c48edde9c1d2a8225d864703dc,9481723,0xB4fC80AEc34911C5d761259E74aE8a24c2C5D995,0x72de35dC43acfC49B6B21e559F8cA586e0E12011,0.0,0.001100012,confirmed
2025-10-24T17:56:42.075961,ethereum_tx,0x0172e68e34f800c8de58905f205dea722d8a6179647bf4877b047bf54736ef4d,9481723,0x9A85bF1bA88d76Bef8fe13e99b96BD04F74DAa5E,0x15B0E3766B144fbB190AeA6F01d8676af20C5aef,0.0,0.001100012,confirmed
2025-10-24T17:56:42.075961,ethereum_tx,0x1b085b46098b215c12b42da1bd15b4d817bb5b2014738b3e095564c3c84838b7,9481723,0xa9E00dB10A756e659eACb8d2A6d0E91f3289602a,0x7215691F60C4fA7Bb82c5Ac44c7d57dc32bB0493,0.0,0.001052644,confirmed
2025-10-24T17:56:42.075961,ethereum_tx,0x735d4a9f386f2fe803486bfe3d0002162ff2480ed8d86c4d5bb2ab5936101125,9481723,0xAFc6eA562509c399e4DA646922115a4777d8b6Ff,0x7215691F60C4fA7Bb82c5Ac44c7d57dc32bB0493,0.0,0.001052644,confirmed
2025-10-24T17:56:42.075961,ethereum_tx,0x58f95291b9011b5abd3e1972bc42f6ddba0fedc650c764ed5be355965e330a55,9481723,0x43370188473A398394E4ba4a7C7cbb2c6265e22A,0x0000000071727De22E5E9d8BAf0edAc6f37da032,0.0,0.001000929,confirmed
2025-10-24T17:56:42.075961,ethereum_tx,0x0a1237074e94a2c3e494e81c313663010a9097fb30e8446f221da26e18e72954,9481723,0xC7AF91293dC7dF3DdF0bF0dDD14AaA96aE63BD4E,0xc1E019D9FBfcBBc7A388396e46b5a767343D5De4,0.0,0.001000012,confirmed
2025-10-24T17:56:42.075961,ethereum_tx,0x715177586c02a9c504eb998c3267d445adeb2e7b0936ce79bb2e8d5cb2fd6937,9481723,0x0B0e2673A1CE96a115c2c53e1304eD4640294856,0x08d2b0a37F869FF76BACB5Bab3278E26ab7067B7,3e-06,0.001000012,confirmed
2025-10-24T17:56:42.075961,ethereum_tx,0x21205e797fee001c0b061c54594d24d85c4d75dc5ac43b9d604576169cadd2e8,9481723,0xC7AF91293dC7dF3DdF0bF0dDD14AaA96aE63BD4E,0x1f7344a6D9d85565A4F0eaA364DF4E77F1F2e7B2,0.0,0.001000012,confirmed
2025-10-24T17:56:42.075961,ethereum_tx,0x3490243a87ef78baf1ea58a0edf3756ae60b8eddd50ec72b56f50e25849f6b13,9481723,0x3e2Fab2522c59E6d7Ae8f06901366203dD75c9d4,0xE01273bD494a768C9708a31Ac46d9f0a1f53c280,1.31e-06,0.001000012,confirmed
2025-10-24T17:56:42.075961,ethereum_tx,0x6f7ea5128e336ec4a908e126440765cc6a28dab63be266d4581b71fd02eb2e9b,9481723,0xb0279602AAfF868318e0Dd68f597A25c445019D9,0x0000000000000000000000000000000000000000,1e-05,0.001000012,confirmed
2025-10-24T17:56:42.075961,ethereum_tx,0x1f0ee47105583734a5d89e7a0ab0676bfc67fd6133032097e5aec68cb1ff25b0,9481723,0xC7AF91293dC7dF3DdF0bF0dDD14AaA96aE63BD4E,0x9FB3F146DA357D9C8CD85563dFE1541330278a09,0.0,0.001000012,confirmed
2025-10-24T17:56:42.075961,ethereum_tx,0x927d6eb289b14858a5c3e6f104bf6f97ae7f94ff805f73347596050488cdd16a,9481723,0x512e780ED91DF982f07Fe011C31e8c21507b3107,0x87A3effB84CBE1E4caB6Ab430139eC41d156D55A,0.0,0.001000012,confirmed
2025-10-24T17:56:42.075961,ethereum_tx,0xff8fba7897cd1d73e2f6c9e11fee5b3ddd7dc355110e0ba4645e60fb1e562149,9481723,0xF4781425165Ad555F3869A71ED0Aa975873B0Df0,0x08d2b0a37F869FF76BACB5Bab3278E26ab7067B7,5e-05,0.001000012,confirmed
2025-10-24T17:56:42.075961,ethereum_tx,0x12e042ba2efb166d8f910962dce085a293c452a26a5cce4cc6c4905746f2f408,9481723,0xDb95d4E30E6e7967563567621Dc4297024BDAf66,0x0000000000000000000000000000000000000000,2e-05,0.001000012,confirmed
2025-10-24T17:56:42.075961,ethereum_tx,0xd3c3d199fa39530fb29449c4029596a29318e9221e2b67b3372dd7d358240a1a,9481723,0x91228373Efca77D17034Bc1bacd29Ad69F2e5E93,0xbe0fE48AF30e9e47EC70642C3BA8E020713bCAaC,2.1e-06,0.001000012,confirmed
2025-10-24T17:56:42.075961,ethereum_tx,0x96390665fae72da2adcca3e0d4d056cfd823bbf7b0318085132c4af56af389f9,9481723,0x3565cbD9713d4EEc0c57A5FEc65b4cd9358C7dd0,0x03C66CB1826BDB0395BF31E68Bf7E873e9564fFB,0.0,0.001000012,confirmed
2025-10-24T17:56:42.075961,ethereum_tx,0x9c9d4433e8ac772423ff5050b61dc314264de6d0724377cae55b08f85e4cb5bf,9481723,0x0568CDF4E29de99758c7867fCFfF0bbb67DaC701,0x03C66CB1826BDB0395BF31E68Bf7E873e9564fFB,0.0,0.001000012,confirmed
2025-10-24T17:56:42.075961,ethereum_tx,0x7f13fa945418d6b7751e8df3ee42f6315908175c2dc078b60e3b7f0fb32ad02b,9481723,0xC7AF91293dC7dF3DdF0bF0dDD14AaA96aE63BD4E,0xF694E3E9Bd8a15A88e7839409434c85e55bbCA89,0.0,0.001000012,confirmed
2025-10-24T17:56:42.075961,ethereum_tx,0x0b52bd463b4976e7446118eaa43f23e5cb8d81e4ccf0087a19b4d03c9528a044,9481723,0xC7AF91293dC7dF3DdF0bF0dDD14AaA96aE63BD4E,0xc1E019D9FBfcBBc7A388396e46b5a767343D5De4,0.0,0.001000012,confirmed
2025-10-24T17:56:42.075961,ethereum_tx,0x438445295c7e0bace4f5b8fc578d0f075f154e155f5b6785397ba1fc2d25aac6,9481724,0x3C95c2633296B264d051498C4b2e982EbB526A53,0x3C95c2633296B264d051498C4b2e982EbB526A53,0.0,4.1,confirmed
2025-10-24T17:56:42.075961,ethereum_tx,0x5c7d7840a0c53a6aabdc3020c5155af3b50a1080a157b9d2b2cd0198f48371b6,9481724,0xc28A2Af7965aDEFc19e7644a7DBb80b4e39DD64F,0x73B668d8374DDB42c9e2f46fd5B754Ac215495bc,0.0,2.000000012,confirmed
2025-10-24T17:56:42.075961,ethereum_tx,0x0d4b5c5be6787266e19de8f3b8425228c4bb2dadd9f895de38a441510d2ae3fc,9481724,0x8d07558E3996Aa9dca649237C4429Fd375F5b75D,0x5cFA7ffA14d6dd40551832b9D4c2eCff3db7d3fB,0.0,1.500000012,confirmed
2025-10-24T17:56:42.075961,ethereum_tx,0xd8a9f7ae9e239b95108e1317236b8102573e4f3faf6ac56d4ab536ddbf1fde75,9481724,0x00000f04950edDBea6c0B007dEbCE7210Fa4ff6A,0x108F68829B41C6e4E5A4cd709A5e3173283bb5be,0.0,1.500000012,confirmed
2025-10-24T17:56:42.075961,ethereum_tx,0x689d6838ad7df520c7a43e4a7bd4fc35ab38d2e858ff8f587124456294ffdadf,9481724,0x803F813CFd778e8f3c947FE3B28d33F3fb6F854a,0x844737f8977b57d2931caAF987307Ce9AD2f01eB,0.0,1.500000012,confirmed
2025-10-24T17:56:42.075961,ethereum_tx,0xc7906c95ddb8f36f72821e11f1bf0a6314d349936dfa453f6dffc2fa0e9e0bb5,9481724,0xAFBe647c86E0C913e02f16917D30C8d3BaB1E2A7,0xba1FCc7a596140e5feC52B3aB80a8F000C9Af104,0.0,1.5,confirmed
2025-10-24T17:56:42.075961,ethereum_tx,0xf076c0f0e2f180b3318b82405e9874b4af6d383112fb7f39dc93415f0725f277,9481724,0x7cB6063e1057E2e08BBA2e45C218068C5aF29B1E,0xc6255a594299F1776de376d0509aB5ab875A6E3E,0.0,1.5,confirmed
2025-10-24T17:56:42.075961,ethereum_tx,0xe95c623be2afe0b4d9ae46fb0b39a89c5b00d87c4e5e1a19f80d7cd06190e47e,9481724,0xb3C8127e6E66c886ac556df7b91fac68D8641358,0xc6255a594299F1776de376d0509aB5ab875A6E3E,0.0,1.5,confirmed
2025-10-24T17:56:42.075961,ethereum_tx,0x2f36922e24bcea982d55dfe6c181bf73b2176ae2bccf45f0d61c7c932b8844bc,9481724,0x929d51c252661D9cD3377DC93878F27185167Db6,0xc6255a594299F1776de376d0509aB5ab875A6E3E,0.0,1.5,confirmed
2025-10-24T17:56:42.075961,ethereum_tx,0xdd7a13d0513533ba6666d6f5eebc8a371148472b7e74bcb33675950a2cd2f072,9481724,0x0236abd448B0049609688b66b013eFab59fB4E23,0xc6255a594299F1776de376d0509aB5ab875A6E3E,0.0,1.5,confirmed
2025-10-24T17:56:42.075961,ethereum_tx,0xe3a1baf745087774a018bc1aac1a56d303414ee455460ebbfabb916e9e3075ea,9481724,0x5BAC2361073aAC279fDD97531705bb97a19Aa54E,0xc6255a594299F1776de376d0509aB5ab875A6E3E,0.0,1.5,confirmed
2025-10-24T17:56:42.075961,ethereum_tx,0x20cf21e66f547d5a3f253b608994223958b4976f1debb2d2e4898ccabb457277,9481724,0x2cB5cCbe2C5a9c1b7C7Fd20A282582c676500aD8,0xc6255a594299F1776de376d0509aB5ab875A6E3E,0.0,1.5,confirmed
2025-10-24T17:56:42.075961,ethereum_tx,0x6f05ea4fa4510a68b53096ac8916083af388a46678a9eb095e2ced6e16087224,9481724,0x7Db562093e357eF35628F8DCD4B072e88158D6eD,0xc6255a594299F1776de376d0509aB5ab875A6E3E,0.0,1.5,confirmed
2025-10-24T17:56:42.075961,ethereum_tx,0x6a78a6ff84a189e6b444c0fd7d3998f0a794454106a4456911d58454ebb4e46c,9481724,0x9b9f21Fd5a1f410d97B104Ce5946AaB6dF899DE7,0xc6255a594299F1776de376d0509aB5ab875A6E3E,0.0,1.5,confirmed
2025-10-24T17:56:42.075961,ethereum_tx,0x3abf438a0025123114d553ef91b27c48ac0dfd2a3b14757927df62e572ad4525,9481724,0x53e435B8b0a25225D6557e353b0a32e0FeF185B0,0x2A4496bbC344414e3bDbE6a8E7c40EF007DAeEd1,0.0,1.5,confirmed
2025-10-24T17:56:42.075961,ethereum_tx,0xc768e325ee4fce00cb4fd8b5258d5e8b73f5ec9c2e4d03fe2e1ff068deaffda8,9481724,0xA7585a65F21F6d8976A601A9ba50aC19bDA362eD,0x2A4496bbC344414e3bDbE6a8E7c40EF007DAeEd1,0.0,1.5,confirmed
2025-10-24T17:56:42.075961,ethereum_tx,0xcfac4a47d6968c8bd25603f097bb470a772da745c227016662d92debeb64e167,9481724,0xad816c1F0F29f9F289e7397dbeE3D749fB468719,0xc6255a594299F1776de376d0509aB5ab875A6E3E,0.0,1.5,confirmed
2025-10-24T17:56:42.075961,ethereum_tx,0x881b1e1fd98487f7a69a9cc1faf334948f1d4a6297dcbf5b9dbb1fde33a3d9e6,9481724,0x3f1Fb60C13A5b4Dcb7E20dc9B969069C389641cb,0x2A4496bbC344414e3bDbE6a8E7c40EF007DAeEd1,0.0,1.5,confirmed
2025-10-24T17:56:42.075961,ethereum_tx,0xe1f9796edeac471ce50c657107ba983c59b6968e022456a79aa8881120cbd961,9481724,0x6038C5D29d96c3f8ee219E6553C38dE08aDFFC86,0x2A4496bbC344414e3bDbE6a8E7c40EF007DAeEd1,0.0,1.5,confirmed
2025-10-24T17:56:42.075961,ethereum_tx,0x001afc7ef8750fc54eb1f8f8e127edb1525a440ad009db9acd5ca3bbbce6bcef,9481724,0xAEf0Cb25bb9Db352f3A7233C02C4f156824aBDDB,0x2A4496bbC344414e3bDbE6a8E7c40EF007DAeEd1,0.0,1.5,confirmed
2025-10-24T17:56:42.075961,ethereum_tx,0x67796fd08c4034f9f23be91868d368f9f453fb165ca223d5ef700874f9441e05,9481724,0xAD1fe5D86ecb9903Ac72aa87CcFB9EcF3B0aDE78,0x2A4496bbC344414e3bDbE6a8E7c40EF007DAeEd1,0.0,1.5,confirmed
2025-10-24T17:56:42.075961,ethereum_tx,0x26c0506139382c4cb4c6366a31e5c10cd12ba2214bb2375312089e7fd184c6ee,9481724,0xD8615FF65005221fB64B363DDFac0eaD65A13F8A,0x2A4496bbC344414e3bDbE6a8E7c40EF007DAeEd1,0.0,1.5,confirmed
2025-10-24T17:56:42.075961,ethereum_tx,0xaa41c398b6b228fbbb07e2ad4d87cba890bb0df483ea7708a07900983fa653c5,9481724,0x1F722976BE5B99e833555Fb624Af1Be4367Ce401,0xCB890257386A1832B2414b3AA1Df227E1a3C07aC,1.17e-05,1.5,confirmed
2025-10-24T17:56:42.075961,ethereum_tx,0x37c39bd062083e9112fde92fc9b9d8409e539a9b3e39dbe16437948af5ce078f,9481724,0xa3830c786C9173019373662874a8967EE69a446B,0xc6255a594299F1776de376d0509aB5ab875A6E3E,0.0,1.5,confirmed
2025-10-24T17:56:42.075961,ethereum_tx,0xae46a1ac4df93177ad63ed5275c66653bdb6c0ceeba9c27dba24cd53a0512f82,9481724,0xeaCb5b87F1Ce863F6bCF8dD3E4812812F855fAa6,0xc6255a594299F1776de376d0509aB5ab875A6E3E,0.0,1.5,confirmed
2025-10-24T17:56:42.075961,ethereum_tx,0x66c1492417002cba630c00285e5ed2f0b2add38d54c054ee07f33825f763ece5,9481724,0x54B16c408208f8D5fDb9281afb28Ec3b3d611024,0x57c5dC670eB6f571bDD8Fc1CF178c46c9A917A74,0.0,1.5,confirmed
2025-10-24T17:56:42.075961,ethereum_tx,0x70d39cae1b3307458900a7b96d09c24aab150db9ac63f01c673fcb9fc3c4d041,9481724,0x48BcB4065C0D9194aDa8EDd7FB3E6d8c8C5abBBc,0xBB478d897ffF53fC09a52Dade83032c612F48c93,0.0,1.000000012,confirmed
2025-10-24T17:56:42.075961,ethereum_tx,0xa7040ae27538742f7693877f37ff90f6e1dcc0a106c9c95eb31e0e3064f471d7,9481724,0x2FdB93b96A5ECaEE0ca930E0DF345fD248f7A797,0xfD3B55f8307A7c8BE6Aec2a4bEaAC1928Ed46BB2,0.0,1.000000012,confirmed
2025-10-24T17:56:42.075961,ethereum_tx,0x112d7833854443b3002aa5287545491465ffff6d03c836ff14f2fff3b33da6ed,9481724,0xF0FEd0C0192539a1076d8BDa1233f414704d98Be,0x00D22efF04CF7d0f5A355A6D9A06E43120398dA6,0.0,1.000000012,confirmed
2025-10-24T17:56:42.075961,ethereum_tx,0xb9045c42eace9b7bd73420a2afc09dcb686e9487f137acf397d3f6d471c404c3,9481724,0xAA397907a6a1DBF181715a282C95E522B84c9375,0x38528f56a7Cd7c3688830bAe68373360b0489033,0.0,1.000000012,confirmed
2025-10-24T17:56:42.075961,ethereum_tx,0x89cbe817b2c6c1c5eac0f4e3f2eb545edf2240a668d63a0146b2f4661f681374,9481724,0x94DD4ea773d5e8E5a636FB5a02D5BF1dE93683e1,0x956962C34687A954e611A83619ABaA37Ce6bC78A,0.002,1.000000012,confirmed
2025-10-24T17:56:42.075961,ethereum_tx,0x47a2e65536c760a9da8eb63899001096bd8fa7c88f63b57e04121cc670aef43f,9481724,0x331F8071c58E6db2F286597A44EbcDAC75532f7c,0x42eBf272Ce569dc324E7f72a9E98A59CD3a06136,0.0,1.000000012,confirmed
2025-10-24T17:56:42.075961,ethereum_tx,0x7e409c34efd49555e65cd6c07fd756224086a3262d2c9f62724026c800d80d20,9481724,0xD6f7F5b882CDEe6b9fBB1A658b8Cce53A7c84Dc1,0x0011891A6Cc29226B06fD6b4f709cc2012736bc1,0.0,1.000000012,confirmed
2025-10-24T17:56:42.075961,ethereum_tx,0x834c1224165ab59fa9ce3c437744085fad19221939833eddbdfcaf94bd2cefb7,9481724,0x4A4AFB35557608A7470C9da71F387e9933A1Cb4e,0xeC3EE228c6287a52CEd04B4521e61C3DBA106648,0.0,1.000000012,confirmed
2025-10-24T17:56:42.075961,ethereum_tx,0x62539478e3e421cc318a25df6fa772486168c28a2918884f49846cf9b5897897,9481724,0x0204523dCC4436bb7d02962b5387981035F39120,0x914418c795Bbc3dABB5Ed665c79eE270F345BCdd,0.0,1.000000012,confirmed
2025-10-24T17:56:42.075961,ethereum_tx,0x26656d5c61ca0faa55d4ce3a446e378bbb627558e5fa5e10c703b6de6712e163,9481724,0x747401d96E16b6080A304C38c4FBc1eeD0F5eF9F,0xE6D7bf11A6264BACa59e8fAD7f6985FaC8f62e60,0.0,0.050000012,confirmed
2025-10-24T17:56:42.075961,ethereum_tx,0x16e1256a78ce2c2fa1be478aeada1de247cf9708d12acb48ecd7404909a195ad,9481724,0x02dB2951ef9e34237c92Bc8Bb9223c7D16A45c26,0xf993E10C83Fe26DddFc6cb5E82444C44201e8a9C,1e-06,0.020000012,confirmed
2025-10-24T17:56:42.075961,ethereum_tx,0x035a5f9bfb72ac8f45d0193c46f1fe811f9c48982e19b693c134c30221a06603,9481724,0x315181bCAf4f144C15d97d87a4035257B6B7Bd53,0xf993E10C83Fe26DddFc6cb5E82444C44201e8a9C,1e-06,0.020000012,confirmed
2025-10-24T17:56:42.075961,ethereum_tx,0x7fd27de64401067b73e03214685ec160ede50d781d4086024dcfb7625b776026,9481724,0x2b56912e8225371D033908c45bCC105714d3EC6F,0xf993E10C83Fe26DddFc6cb5E82444C44201e8a9C,1e-06,0.020000012,confirmed
2025-10-24T17:56:42.075961,ethereum_tx,0xcbb1b6ee71b3b267344b387787296e006b5168de42a8b06b738574024394a379,9481724,0x8E9134Db6CE9A3dd83E5971f3986c516eD8233f0,0xf993E10C83Fe26DddFc6cb5E82444C44201e8a9C,1e-06,0.020000012,confirmed
2025-10-24T17:56:42.075961,ethereum_tx,0x3577b05f178ef3d843972e1f85a84b1491139d1a4ff5c02af53d0f29869b6f8e,9481724,0xab297055cD9aC03A3986675CdD1e29193cc1d09f,0x9f54e6A87429E7bB2fe7B9f0ACCA3A31560FF198,0.0,0.001750019,confirmed
2025-10-24T17:56:42.075961,ethereum_tx,0xe16399d6d7e5afe7a65af433ce653da8a2aa2c6bd42109724b154ba3841a9ade,9481724,0xeBa4918fFbbDD720a669EAcAc1435fAdBdBf4ED9,0x956962C34687A954e611A83619ABaA37Ce6bC78A,2.002641761654e-06,0.001500018,confirmed
2025-10-24T17:56:42.075961,ethereum_tx,0x7d9b6146cb7fc48748b8d3d915c691dd5b2147bdd18b1a451ec044b0d7f3923e,9481724,0x3d18AaCB31c04509dd286dcA7d7b250385289463,0x956962C34687A954e611A83619ABaA37Ce6bC78A,2.4722015909776e-05,0.001500018,confirmed
2025-10-24T17:56:42.075961,ethereum_tx,0xd160edda635ef1fd9f031d99ea442b181f52311fb692e78d9e7fa2b7e39b5a7f,9481724,0x83fdEEFdDc2bb45ABE2f5285E87a44f26541d426,0xcA11bde05977b3631167028862bE2a173976CA11,0.0,0.001500012,confirmed
2025-10-24T17:56:42.075961,ethereum_tx,0xfd3ad431b6cabf12814a5c22db4bdd6e2dc7c140f44a279b6c4b90ef0e572760,9481724,0xd25DB2Ff2263A31b192EE117eB83E7792C01d58f,0x956962C34687A954e611A83619ABaA37Ce6bC78A,0.000221,0.001200014,confirmed
2025-10-24T17:56:42.075961,ethereum_tx,0x58260697dc99e2c1deee160d38562f5707e22e0caba784384b8d675796c5d3a1,9481724,0x7c6fDCF2Ea8Fa9D7164aFC02D7C7e99204ba1757,0xC959483DBa39aa9E78757139af0e9a2EDEb3f42D,0.0,0.001200014,confirmed
2025-10-24T17:56:42.075961,ethereum_tx,0xb071e566efe9a20ff1980b3df845517ee41f059fdd210ca7eb6871ad3c60b69c,9481724,0xE4765a5D7335DAd51b3058d0b8eDeE540D149a21,0x83458E8Bf8206131Fe5c05127007FA164c0948A2,1e-18,0.001200012,confirmed
2025-10-24T17:56:42.075961,ethereum_tx,0x72faa7f6ca213ea2ec983c2a76acfbcbbaba22becedca0ad5ff70ca6a4d00eea,9481724,0x7afDdcF824E319Fa1dA5099dB1c7C8f4eFfC146c,0x83458E8Bf8206131Fe5c05127007FA164c0948A2,0.0,0.001100012,confirmed
2025-10-24T17:56:42.075961,ethereum_tx,0x310fe20840a368c991394a4adbb469434f97e873b2edd64220ab46ef8f76b18c,9481724,0xB5988d5d9ADd3d98CF45211bE37cf9b3372054C9,0xd0dbB2486e3Fbf371D1B2e35Fa330bef6529d2f4,0.0,0.001100012,confirmed
2025-10-24T17:56:42.075961,ethereum_tx,0xe8821d578e3b9d39fd7952009253978a6a805c68539d33bfedbb360cf6701d8f,9481724,0x49c36b3BEc6b6e0e77305273FAFC68f479630535,0xd0dbB2486e3Fbf371D1B2e35Fa330bef6529d2f4,0.0,0.001100012,confirmed
2025-10-24T17:56:42.075961,ethereum_tx,0xec93f6178bee81074fbf1b0db84d5761bd7af5671739e9df91cb18536cada9a6,9481724,0x3Da763C42E438eB17880fB6A83040d6cf13eF03b,0xFf00000000000000000000000000000000042069,0.0,0.001100012,confirmed
2025-10-24T17:56:42.075961,ethereum_tx,0x28ad285edaf01fa438b08a0d7b547be5c1ef2cd8025b591ef02d9f17acc049f4,9481724,0x065bb664C4Bf610558297150b4EDF18c8Ba494e8,,8.61e-16,0.001100012,confirmed
2025-10-24T17:56:42.075961,ethereum_tx,0xd145ec90d831e11da43fd0a65ca08a012706ed3b2ff74b07247d4ae1a84f9bfa,9481724,0xDB41c0cbFCEf2F0ff1f02Cc5E25A9C6673b4a958,0xc5445e3F1a7428Fb6C39c3016244799D6Cd47e75,0.0,0.001100012,confirmed
2025-10-24T17:56:42.075961,ethereum_tx,0x13d6874acf1d698f93c7adf69e2df5ddd699f8ad736abbd028e9bc4664b70024,9481724,0x715d1084b1237Ba6a61447890F282E2505471EEC,0xb5A49949C49dEDD852F9f0f419b17aD2785032db,0.0,0.001100012,confirmed
2025-10-24T17:56:42.075961,ethereum_tx,0x4b828a1af7d5c515d95cc63f5b4fff5f1691c79db20b507676ab8c93e93528d0,9481724,0xaB3599E71EC894De2A30655345F61DFb910e19e3,0xaB3599E71EC894De2A30655345F61DFb910e19e3,0.0,0.001100012,confirmed
2025-10-24T17:56:42.075961,ethereum_tx,0x50e780fc1e11d4cdc6943ad9080afca1e1d87b0a9cdde64069c96246ba06140d,9481724,0xb3a1956Cff1ecc8054B81b0C83b9847CB71384b8,0xCf8EDB3333Fae73b23f689229F4De6Ac95d1f707,0.0,0.001100012,confirmed
2025-10-24T17:56:42.075961,ethereum_tx,0x94c7a389f54a2ebb0dfd585cbd5ff7d5e006c68dafcbba1bfffc13814c1f0b16,9481724,0x9a0C272bD8bb40edB2689bF48B395F8EcB561d55,0x5dC18AaA98705559381F30c76F8ad6e7C9f8011A,0.05,0.001100012,confirmed
2025-10-24T17:56:42.075961,ethereum_tx,0x0f2d493eb9f8c9c5618a1a0c9a11f0ff4f3557baa555b4f870b0ca7bb31b1a3b,9481724,0x1f5Fa087790632De326F652d20975f38371C5400,0x3eDF60dd017aCe33A0220F78741b5581C385A1BA,0.0,0.001052644,confirmed
2025-10-24T17:56:42.075961,ethereum_tx,0x433c51b7fd4895eb118e0b850e64413071756e8f320effb01eabfdad9ce34c8e,9481724,0x038aB65C959dae0A6E08aCD32350deA86DCA798f,0x7215691F60C4fA7Bb82c5Ac44c7d57dc32bB0493,0.0,0.001052644,confirmed
2025-10-24T17:56:42.075961,ethereum_tx,0x57bfbbdf2fadc945b6e46478a102aa4953548f03dacb9ee09935d7cc75a35994,9481724,0x4175013ECe004621eE96e31D9E8b65cabd9D0a9D,0x08d2b0a37F869FF76BACB5Bab3278E26ab7067B7,6.62e-05,0.001000012,confirmed
2025-10-24T17:56:42.075961,ethereum_tx,0x1cbea300e5f0c7bee6c347df110a35cc7b3be4434ad9d467b47e8434dddf8d95,9481724,0xA7E4EF0a9e15bDEf215E2ed87AE050f974ECD60b,0x75Ae41096D6FE364994f84f815dcA8c416c754d3,0.1,0.001000012,confirmed
2025-10-24T17:56:42.075961,ethereum_tx,0xbec72bd54446a93dc1a8ed294af70a9bd6d344953765886245b7a9833c7a3f51,9481724,0xC7AF91293dC7dF3DdF0bF0dDD14AaA96aE63BD4E,0x1f7344a6D9d85565A4F0eaA364DF4E77F1F2e7B2,0.0,0.001000012,confirmed
2025-10-24T17:56:42.075961,ethereum_tx,0x25311cc33f046455c4faa0062393fa4e346eba507583e8b314f8d1cc4ff609f2,9481724,0xbfB331f5383C9dE87Dba14E0229C9e46B2Aa33C3,0x853758425e953739F5438fd6fd0Efe04A477b039,0.0001,0.001000012,confirmed
2025-10-24T17:56:42.075961,ethereum_tx,0x870e75896e375e306c948ab3337852abb6fc381e1ad7f62c18fa177e04b75e3e,9481724,0x0B0e2673A1CE96a115c2c53e1304eD4640294856,0x08d2b0a37F869FF76BACB5Bab3278E26ab7067B7,4e-05,0.001000012,confirmed
2025-10-24T17:56:42.075961,ethereum_tx,0xf6db1ca3ab13b56e9d94efb62b317009bc7123a472a853266a691c748f7d1667,9481724,0x6d50EDC485a5c5C8E57e45994de1C8f8A11A7cee,0xB440907E5f80C931d3ada7d392AfEa4C2828c5e7,8.2e-05,0.001000012,confirmed
2025-10-24T17:56:42.075961,ethereum_tx,0x63b902f2994435671dc627bf8ea79c88199436bd70044ea5ed7a1686bc1f8cce,9481724,0x63E2089A80Ca98a742AAae8150D6dE5d8f87101a,0x87A3effB84CBE1E4caB6Ab430139eC41d156D55A,0.0,0.001000012,confirmed
2025-10-24T17:56:42.075961,ethereum_tx,0x329316bb5207c83b4ce3d2329c09e54a73a9bc5e47d62def5aa0c2139944661b,9481724,0xBD4eE1B20697bA40a93088c8a367F3554120d2e6,0x03C66CB1826BDB0395BF31E68Bf7E873e9564fFB,0.0,0.001000012,confirmed
2025-10-24T17:56:42.075961,ethereum_tx,0x70632063cd5822ab34fb2475c91c7fa6eae083b61d2e7b329e5e32757f344390,9481724,0x0D2037F1AE9fb1B0AaE5C3434C9195153a64dDF8,0x03C66CB1826BDB0395BF31E68Bf7E873e9564fFB,0.0,0.001000012,confirmed
2025-10-24T17:56:42.075961,ethereum_tx,0x98e66ade8ddc3b350365b869208a2638cacb67f4bdf06f5f8d1f39ef9641ff8e,9481724,0xfAABc2c892CA03537e7Cd9bc6896948dB3a50917,0x03C66CB1826BDB0395BF31E68Bf7E873e9564fFB,0.0,0.001000012,confirmed
2025-10-24T17:56:42.075961,ethereum_tx,0xe68ae19ce03ec3726d2200e1d20beb6c6a0ab882a79d488d501747c1e656ed2a,9481724,0xb0279602AAfF868318e0Dd68f597A25c445019D9,0x0000000000000000000000000000000000000000,1e-05,0.001000012,confirmed
2025-10-24T17:56:42.075961,ethereum_tx,0xfa128c0dc4530360d087265ce44b8a5e6eab7b1a3de136b7a8b28b21dd7678bb,9481724,0xC7AF91293dC7dF3DdF0bF0dDD14AaA96aE63BD4E,0x9FB3F146DA357D9C8CD85563dFE1541330278a09,0.0,0.001000012,confirmed
2025-10-24T17:56:42.075961,ethereum_tx,0x21f86e075685c6467e3eb0faceb61b5e88985d42edaa3b048bb3453c681b5dc2,9481724,0x6211d46e5fD68a44Ceb52F93783106Ed2c436eC8,0x03C66CB1826BDB0395BF31E68Bf7E873e9564fFB,0.0,0.001000012,confirmed
2025-10-24T17:56:42.075961,ethereum_tx,0xeb340071a3b48184a35a8f94fa20a09de2c16388f6b941f411663a7382e66fca,9481724,0xde555142C979A8B13337BDa97Cb5d1e378EfEF89,0xc6255a594299F1776de376d0509aB5ab875A6E3E,0.0,0.001000012,confirmed
2025-10-24T17:56:42.075961,ethereum_tx,0x6db29a9f4a54fc04a9635c41a3c17f990cbf3283f9f60ff6a9fca107274f13f3,9481724,0x4c5C93E3cbc8cD29F7438cE433027dc1358e7129,0x08d2b0a37F869FF76BACB5Bab3278E26ab7067B7,2.44e-05,0.001000012,confirmed
2025-10-24T17:56:42.075961,ethereum_tx,0x1f7e56996874fe4819ae8e0b3049fcdce56580d4c97aa080602838ff5096e886,9481724,0xB817a7dE5735d4C4961f7685085ac85D1a13a021,0x03C66CB1826BDB0395BF31E68Bf7E873e9564fFB,0.0,0.001000012,confirmed
2025-10-24T17:56:42.075961,ethereum_tx,0xb0a58a75cb0e53d34de9dea13ea260c3bbbc3c1de76d3b8ebb82ef6b5e635da6,9481724,0xC7AF91293dC7dF3DdF0bF0dDD14AaA96aE63BD4E,0xF694E3E9Bd8a15A88e7839409434c85e55bbCA89,0.0,0.001000012,confirmed
2025-10-24T17:56:42.075961,ethereum_tx,0xe4e4c97c9f1448ac4f1296912fe15a5819ea9657767c40b3c518e10cc52b4429,9481724,0x98B9B0C6BC2D2F64c9B8928287Be2552D1A0cE57,0x62a775e246BbDcFB81a7cB68Ab08Bd48D3eC9E7a,5.08e-06,0.001000012,confirmed
2025-10-24T17:56:42.075961,ethereum_tx,0x493ea00ddc3843c3978fa9409fbec7ba9abf39f26ce4da23e282f5f1ab51dffb,9481724,0xCB513654199cb4300A7C5ed1891b42e77605202a,0x03C66CB1826BDB0395BF31E68Bf7E873e9564fFB,0.0,0.001000012,confirmed
2025-10-24T17:56:42.075961,ethereum_tx,0x35d1da6abd3415789a2b5b6bc225552db5124f0808092e6146d39d3c91f3883d,9481724,0xF0662a5a22D91D5e9b0bb9C6B5171D8527542eef,0x03C66CB1826BDB0395BF31E68Bf7E873e9564fFB,0.0,0.001000012,confirmed
2025-10-24T17:56:42.075961,ethereum_tx,0x36cf409c340d5cf4eb1ee1a7233d8ab826516fb16d141d9873f711b62a7f6345,9481724,0x71A6D6a1ca08FFC667F85050f72d9aAE327Aa29A,0x6A44Ce126f6895c59d8F1bF35caE8F00295be3AD,8.9e-05,0.001000012,confirmed
2025-10-24T17:56:42.075961,ethereum_tx,0x27632f8c7472b0f4cd3b21007a68335a33a9f1959ce080bf6a4ff959154e39c7,9481724,0xC7AF91293dC7dF3DdF0bF0dDD14AaA96aE63BD4E,0xc1E019D9FBfcBBc7A388396e46b5a767343D5De4,0.0,0.001000012,confirmed
2025-10-24T17:56:42.075961,ethereum_tx,0x7f5cb6c694688dc09386ad47228e423703397c671a60597c045b9707a56297d4,9481724,0x7250b2453578Bca4d4B6ee3e713949641Ec74652,0x938736Db82135bC8aE27144ae1A8c54BDD9f93b8,1.62e-06,0.001000012,confirmed
2025-10-24T17:56:42.075961,ethereum_tx,0x0786e427a4dd30a16689e68d21b83b1d3ee191a86f1f7f5080e4386fc9fad94a,9481724,0xfA1C4c71201C2EDB890e45849Cba1Dae100eC8DA,0x08d2b0a37F869FF76BACB5Bab3278E26ab7067B7,2.94e-05,0.001000012,confirmed
2025-10-24T17:56:42.075961,ethereum_tx,0x8f27c837e33ff4c59c644c268cfda5175db49f9c4a7007ea32400106ff0cea5d,9481724,0xE15242D687a282c3F53baC817aa3e4246760794e,0x00C0887713509578a85f49fE6095e7653c7c36Be,1e-05,0.001000012,confirmed
2025-10-24T17:56:42.075961,ethereum_tx,0xe71b1a22c0e2b07538e0b48c7abde221130fbc3967d3051c805afecf253a5af6,9481724,0xC7AF91293dC7dF3DdF0bF0dDD14AaA96aE63BD4E,0x1f7344a6D9d85565A4F0eaA364DF4E77F1F2e7B2,0.0,0.001000012,confirmed
2025-10-24T17:56:42.075961,ethereum_tx,0x771d3df89cfa7eaff78c56d870fe58103f162576019ecc0c323585950b28b8a8,9481725,0x274Dd670cB946FDc6F5Aac30b8FE81373F63119C,0xcA11bde05977b3631167028862bE2a173976CA11,0.0,3.000000012,confirmed
2025-10-24T17:56:42.075961,ethereum_tx,0xe859c8e38083761308f0421c7a2c585ef5b60171adb69d3db9fa31c6bc167150,9481725,0xba26Fee2fA917443e05E65dE8d4350bcd2F59222,0x1C3B85A2108784EaB6A4BF56CDD6F722E415B331,0.0,2.000000012,confirmed
2025-10-24T17:56:42.075961,ethereum_tx,0xd1a1bd719f69ed20c8bbacd19c05e0a7d43d85ae846e3f5f8fe6ce513558f384,9481725,0xddc6f1827fB6a8460359491c24772Fd3fD4e4b8c,0x34F5A25B627f50Bb3f5cAb72807c4D4F405a9232,0.0,1.800000012,confirmed
2025-10-24T17:56:42.075961,ethereum_tx,0xf2037895afd599b254caafe31edefce2639000b9b71d8f0874d8020a50b0d762,9481725,0x912Bc3a3aD27fc31492877AAAB7e17D963cfC24f,0xBC04d69Ecd7890699b2BE7924eA86474e15098E6,0.599968499999832,1.500000012,confirmed
2025-10-24T17:56:42.075961,ethereum_tx,0xf6e71339d5e497efee15f1907c13246057c0fdf367d2b9bea6f6dd4015a9c2f3,9481725,0x018Ecd0cC400C083a74E44a69056D82Adb089F41,0x5e60a4e290DF0439384D9Fdb506DE601F9D4B038,0.0,1.500000012,confirmed
2025-10-24T17:56:42.075961,ethereum_tx,0xfa5c423e4e0d6a92dfa58426fa2fe7c877a3e6fc3b63264304b6767972850487,9481725,0xa3830c786C9173019373662874a8967EE69a446B,0xc6255a594299F1776de376d0509aB5ab875A6E3E,0.0,1.5,confirmed
2025-10-24T17:56:42.075961,ethereum_tx,0x01a4ac4d422c9e4aca643e993e1285d2a68c2de6121cfc99167f260c26eef441,9481725,0x7Db562093e357eF35628F8DCD4B072e88158D6eD,0xc6255a594299F1776de376d0509aB5ab875A6E3E,0.0,1.5,confirmed
2025-10-24T17:56:42.075961,ethereum_tx,0xffe6842245d24bec8cdfc2d3c34b62da443c155b42e3fd7d7c35eda105b30837,9481725,0x4A8e6bBd564532d2fa7a9e6A9c0C18475A9Ac4CC,0xc6255a594299F1776de376d0509aB5ab875A6E3E,0.0,1.5,confirmed
2025-10-24T17:56:42.075961,ethereum_tx,0x10d29a286df0469d1212f65b6170a702b6e31faff877fe469396cedd0ad5726e,9481725,0xeaCb5b87F1Ce863F6bCF8dD3E4812812F855fAa6,0xc6255a594299F1776de376d0509aB5ab875A6E3E,0.0,1.5,confirmed
2025-10-24T17:56:42.075961,ethereum_tx,0x771be3399e76e4f3b5920669b3febb8b308d830f2255d049c17c827805152a75,9481725,0xc0FE1EaC76b260c9cd833b8788948c1c71039388,0xc6255a594299F1776de376d0509aB5ab875A6E3E,0.0,1.5,confirmed
2025-10-24T17:56:42.075961,ethereum_tx,0x3c4c46383f051febe5652f45cdd7c2709fc965add01d001d26225724166cd8b6,9481725,0xeE01Acd9C14b4cD7Bc13fdCA785c6C865807e839,0xc6255a594299F1776de376d0509aB5ab875A6E3E,0.0,1.5,confirmed
2025-10-24T17:56:42.075961,ethereum_tx,0x409976e5453151276b171c271ab52ba30197b4ea23720f3e429a1c78288984a9,9481725,0x568690BdE004D8Ae4eC2Bc174e4d32234f6D651f,0xc6255a594299F1776de376d0509aB5ab875A6E3E,0.0,1.5,confirmed
2025-10-24T17:56:42.075961,ethereum_tx,0x97b22e008788cac9c7dfc51e598ad8041c66057d4fd303f13ad1dcf81e2c128e,9481725,0x0236abd448B0049609688b66b013eFab59fB4E23,0xc6255a594299F1776de376d0509aB5ab875A6E3E,0.0,1.5,confirmed
2025-10-24T17:56:42.075961,ethereum_tx,0xaf940befbfbf4cbf720e8d17eae681d8d900c97f745e0b82df31b78e2139fc05,9481725,0xF4d0dE1B19283a25D01152919f561bEfB30435dE,0xc6255a594299F1776de376d0509aB5ab875A6E3E,0.0,1.5,confirmed
2025-10-24T17:56:42.075961,ethereum_tx,0x5636bbb8cc43a81867225d488f767df4be6c2d8ef525d553084ff02b0b9ac0b2,9481725,0x7cB6063e1057E2e08BBA2e45C218068C5aF29B1E,0xc6255a594299F1776de376d0509aB5ab875A6E3E,0.0,1.5,confirmed
2025-10-24T17:56:42.075961,ethereum_tx,0xb41eec947cc2777e66c6a3f526b8a2624c22118054b4330b455876e3874adf20,9481725,0xb3C8127e6E66c886ac556df7b91fac68D8641358,0xc6255a594299F1776de376d0509aB5ab875A6E3E,0.0,1.5,confirmed
2025-10-24T17:56:42.075961,ethereum_tx,0x7ec4f9216c5bfc9e7103f3c7568a2b42bdda494c4d7a1e0058a3a81e368d13d0,9481725,0x3AB01e16a9112409c1fC512879a30De4B2D3D102,0x57c5dC670eB6f571bDD8Fc1CF178c46c9A917A74,0.0,1.5,confirmed
2025-10-24T17:56:42.075961,ethereum_tx,0x7f391b59053ced65e778b193073012328fd604f4e6308a449bd56f8003092150,9481725,0x615569320Cd8abA3a70A2F2FFe4Cfc3E053d6339,0x2A4496bbC344414e3bDbE6a8E7c40EF007DAeEd1,0.0,1.5,confirmed
2025-10-24T17:56:42.075961,ethereum_tx,0xbb924dd79ea446859eb2f70d3a168acb369a47dfc51418a6a21d6da0947bea37,9481725,0xB18CC846a310Df5F5D949Dc0d48d5aEa95009bfe,0x2A4496bbC344414e3bDbE6a8E7c40EF007DAeEd1,0.0,1.5,confirmed
2025-10-24T17:56:42.075961,ethereum_tx,0x7c33f85eebc2b28bfde5c6928564e25d4deb75a0e9cc17e83656e35cfccee3f2,9481725,0x76588bF2aCF1CAb1de32078c71be0943deF8901b,0x2A4496bbC344414e3bDbE6a8E7c40EF007DAeEd1,0.0,1.5,confirmed
2025-10-24T17:56:42.075961,ethereum_tx,0xbfe96b6fd140c94d7e4fe4c413526cb185506d34a2c469a5f92be7ec036d1461,9481725,0x753434f9b577b315EEfa28C448559c97fb57001C,0x57c5dC670eB6f571bDD8Fc1CF178c46c9A917A74,0.0,1.5,confirmed
2025-10-24T17:56:42.075961,ethereum_tx,0x098425c065133fd2d2aab0b2a73302d4598d9a8142008a9b5a498bc194f0d98b,9481725,0x01243f3Eca77aA70a4beC9cb7F8cc3EFD7df6411,0x2A4496bbC344414e3bDbE6a8E7c40EF007DAeEd1,0.0,1.5,confirmed
2025-10-24T17:56:42.075961,ethereum_tx,0x845d9b4747eeaeaa57d15dd51d07b8d36c395c8ed7b76298ca3c518cdda0ddb8,9481725,0xC43AC93336B9ad39B1a8b7cf873ccAaf5bd7b9F6,0x2A4496bbC344414e3bDbE6a8E7c40EF007DAeEd1,0.0,1.5,confirmed
2025-10-24T17:56:42.075961,ethereum_tx,0x4e3c2c85fca566446263da88371e0fd03d15f9c5482e73180b758472c629f13f,9481725,0x6D436Dc5CC05Ee73C098423Bb7a6DcCd410454a1,0x85FB1087Dc47B3373D6E2AddF4DF9879db9B94B5,1e-05,1.5,confirmed
2025-10-24T17:56:42.075961,ethereum_tx,0xbd9f5c22086f4ba05785f5cf6a66ae4f62416d1c62d7469b9440bbfebd84cda1,9481725,0xdDC1dc7F02067EEe8c49ae57E73fCbf138f46Bc0,0x2A4496bbC344414e3bDbE6a8E7c40EF007DAeEd1,0.0,1.5,confirmed
2025-10-24T17:56:42.075961,ethereum_tx,0x805b59b539ad793c6fe01972768ba62a30ade77e84f92033738356578951d831,9481725,0x6FC0436e980e1107192441064E9baDe0aB2072df,0x2A4496bbC344414e3bDbE6a8E7c40EF007DAeEd1,0.0,1.5,confirmed
2025-10-24T17:56:42.075961,ethereum_tx,0x1db4e2be73dd249e98a315ffb716a48decdc278d857d9acc7f81611ac83529c9,9481725,0x13409A45bA7028eF67bbADCe08b5F654eB59deb8,0x002D56d908CE65B6764dFb9f5F2Ef8c1A6e1Af80,0.0,1.000000012,confirmed
2025-10-24T17:56:42.075961,ethereum_tx,0x46c70be7b22ad294cb10095115f688a920cf60efd0bd7dbb6defddd088b52a7b,9481725,0x4F2d212F64Fa80AbdBC5024000Ab59B73e5efB2E,0x00EF7AE78fC56F5fcaddc2834BcA466c738DD0DA,0.0,1.000000012,confirmed
2025-10-24T17:56:42.075961,ethereum_tx,0x89782467d6352afc82c71dd70b63701d769aad915b9ce79115be9b751d2b8f3c,9481725,0x4FA8025bC94d061692eAf0F288C74E3A96c1BD00,0x0051d955349963e6924a74b3DE8E2A746Eb1EC6B,0.0,1.000000012,confirmed
2025-10-24T17:56:42.075961,ethereum_tx,0x16f9baeae42500583fcaa7865d30d0b7f0fabaf8afb0881705aac89933797be2,9481725,0x7F09a9800753B15950780654Fd0cBDC0Ede41F37,0x7123772374Ce9148919698C8edFC84873a99cCe0,0.0,1.000000012,confirmed
2025-10-24T17:56:42.075961,ethereum_tx,0x2e00f2c33f79772ee03484153e7f201307917272e69086d2d5fb92a68e5119e4,9481725,0x6a2E1C4B0fb05314bBcaDbf8d2F3D7FAa7040374,0xAD2b3007be548062d9BCEd4bb698c06a3375e129,0.0,1.000000012,confirmed
2025-10-24T17:56:42.075961,ethereum_tx,0x1eaebda834abcc7f8f368043e94de5c882f931b2f4f2f531ac16678e256e7b15,9481725,0xBfC0ecA4E0194889aeFaBDbdC1FE5d5E00eD7894,0x663D29704Ed4a531Ae367AD8473f7c7503f05aEC,0.0,1.000000012,confirmed
2025-10-24T17:56:42.075961,ethereum_tx,0xa421f6f1d4b0129ec96bd026241f7cd772d52ad2b6bf29425eb3f9cd8835fbb0,9481725,0x069AB8EbD0Ae4b2976661A9eacd378B0bf2d434E,0x9430de719fcA6c631dF83Ea4dD16087beEBCFC23,0.0,1.000000012,confirmed
2025-10-24T17:56:42.075961,ethereum_tx,0x51ad3ad7cad6924783f49d807a16852c01c35b6ccddaa6d00d4b3f313fe8e204,9481725,0x7e44215dB97d1dA208e05164d7821022fd853C0a,0x1074F09bD2Ec34E5c755E1a9dc5F563bd65D8c45,0.0,1.000000012,confirmed
2025-10-24T17:56:42.075961,ethereum_tx,0x52bf7d67f6c170d99e9d0195cbb91914aea29bbeda247b508c60ebd518e90189,9481725,0x3A76FB973Efb6C200c1C971604d920F2A28b2D10,0xC084142720ad7fb2b43769cafcC2777fd86F2fe8,0.0,1.000000012,confirmed
2025-10-24T17:56:42.075961,ethereum_tx,0x889b6181b131326eb98683335248203523e4698794a38b449f01bb015563fb87,9481725,0x25da8BFcD391841ddC5E7eE2C46dbfbD17a09503,0xbC48FEd343E7Db06318ba83814a7Fa2DADE7E505,0.0,1.000000012,confirmed
2025-10-24T17:56:42.075961,ethereum_tx,0xbef4981ca9b452f80bb4a36234957e0e3211d310e88c5699b37e580aae388bb6,9481725,0xF0FEd0C0192539a1076d8BDa1233f414704d98Be,0x00D22efF04CF7d0f5A355A6D9A06E43120398dA6,0.0,1.000000012,confirmed
2025-10-24T17:56:42.075961,ethereum_tx,0xb376975e86e5cf11c5a91c32679cbac1720f069ee83ee98c5f995bda6ae3c494,9481725,0x81D8061076ba0A19c110b5BFf2b9Dd03F8446aa1,0x9d2D950Ff3EE1B75875b8C0FA318644f437924C8,0.0,1.000000012,confirmed
2025-10-24T17:56:42.075961,ethereum_tx,0x9fd4b9525a3b616c2332da0e7d76f6c8a46a6a9868659cdc88d014c2179a8def,9481725,0x001C124488545022f32c963CAFA2CEf7fCb2796F,0x5627B89Ec33CEce4D22Cf99d6C775490de31d18D,0.0,1.000000012,confirmed
2025-10-24T17:56:42.075961,ethereum_tx,0x2d919b6f81704c697d88ee78b13e992315f616fd95110c453a2f2a5563610744,9481725,0x747401d96E16b6080A304C38c4FBc1eeD0F5eF9F,0x64Fea9fC40Fe37D2f27FAcb7657f6a67D5E33591,0.0,0.050000012,confirmed
2025-10-24T17:56:42.075961,ethereum_tx,0x0f443786c71738b24af67e9e598ad40d10777d40ae77fb63271db3c2a6fb6dcd,9481725,0xc6B6315935b7db3820E45266B32fDDFE519EF748,0xf993E10C83Fe26DddFc6cb5E82444C44201e8a9C,1e-06,0.020000012,confirmed
2025-10-24T17:56:42.075961,ethereum_tx,0xf0aa150762e9d3ffb1c136d53f28afa4455ec5fe3f4c5fdd06ec8194ca1808e4,9481725,0x8491d2cceee33656F0476d6408E566bFA487509A,0xf993E10C83Fe26DddFc6cb5E82444C44201e8a9C,1e-06,0.020000012,confirmed
2025-10-24T17:56:42.075961,ethereum_tx,0xab1d4bba9cfd6f0e482328387da77d2cd3a7b3858a3e50b318c56c076c6e3b3c,9481725,0x3E8e1F7f97722A47358CACd66C872234E4531c9D,0xf993E10C83Fe26DddFc6cb5E82444C44201e8a9C,1e-06,0.020000012,confirmed
2025-10-24T17:56:42.075961,ethereum_tx,0x878bb1565479dff5ba4f88925226f8d9cebe6db55a0e64625f6cfce00ebadbec,9481725,0x627fdf757bbd0b6eE2B881047e265DD69dCfE1CA,0xf993E10C83Fe26DddFc6cb5E82444C44201e8a9C,1e-06,0.020000012,confirmed
2025-10-24T17:56:42.075961,ethereum_tx,0xa3b8e065e6433cd91aef3a7b131bdec0ff91a81f6b7d161e4daba5ace585b53f,9481725,0x4BA56bDa2009816e260921970041d6Eb005D7272,0xC764A997C86dC22B50Eb637626e3f46bfd82534A,0.0,0.001500018,confirmed
2025-10-24T17:56:42.075961,ethereum_tx,0x933a459cbc9cdc6e9eb3e41b7d9a98a32b0cf01a46b564045d9c0760883326ef,9481725,0x6d7927C0D236388319864007681BC0C6b844Def8,0x12e1181a741b70BE6A9D81f85af3E92B6ba41897,0.0,0.001300015,confirmed
2025-10-24T17:56:42.075961,ethereum_tx,0x5add43ec52d6023bf5aac6d192e5d70975d161333a850df0c62752159a169b24,9481725,0x7cE347ce7dbf3FC95e1abaa6E9994f4217b03764,0xA73aFb610aC79A729A393D679029fCf9618854AD,0.0,0.001200014,confirmed
2025-10-24T17:56:42.075961,ethereum_tx,0xdfd2fb04b176d263b463c1416aa2e1a3c373f875a65fcf465103726f634ca0d2,9481725,0x49c36b3BEc6b6e0e77305273FAFC68f479630535,0xd0dbB2486e3Fbf371D1B2e35Fa330bef6529d2f4,0.0,0.001200014,confirmed
2025-10-24T17:56:42.075961,ethereum_tx,0x4560a2ed1f061336d5af201e36b93d7e3a57c4b25b1c55c8a87a5c66a69bca0c,9481725,0xFF1218066b4b5Cd9dE2A73639862082bcC98bf0D,0xd0dbB2486e3Fbf371D1B2e35Fa330bef6529d2f4,0.0,0.001100012,confirmed
2025-10-24T17:56:42.075961,ethereum_tx,0xa620907934a17e80e5a5991783ac187db744aa571ecd5f4fe2c9b01d780ea2bd,9481725,0xFF1218066b4b5Cd9dE2A73639862082bcC98bf0D,0xd0dbB2486e3Fbf371D1B2e35Fa330bef6529d2f4,0.0,0.001200014,confirmed
2025-10-24T17:56:42.075961,ethereum_tx,0x1d7027be37590e19e3fe6b954159d2e723ea948d513fc83c423ac951d6f1accd,9481725,0xf286c79b4a613a1fE480C8e4fB17B837E7D8ba03,0xd0dbB2486e3Fbf371D1B2e35Fa330bef6529d2f4,0.0,0.001200014,confirmed
2025-10-24T17:56:42.075961,ethereum_tx,0xf60522a5ae527129b47ca0558a3eda6fd261e3091324d41bcf0d71ce87c462eb,9481725,0x860235D5Db42eF568665900BBD6bA3DB2fA4f33f,0xd0dbB2486e3Fbf371D1B2e35Fa330bef6529d2f4,0.0,0.001200014,confirmed
2025-10-24T17:56:42.075961,ethereum_tx,0x0e037b7565a852fb50bc25d16b7824fe1444f91f536c73c601942a868b0d127c,9481725,0x7c6fDCF2Ea8Fa9D7164aFC02D7C7e99204ba1757,0xC959483DBa39aa9E78757139af0e9a2EDEb3f42D,0.0,0.001200014,confirmed
2025-10-24T17:56:42.075961,ethereum_tx,0x275f48c32cd7d209a9104d4c02878d3645dc64c043832d5e0733a81484ed1f42,9481725,0x94eDC8E0D150Ca41Ab78F479dCd202458C9375bF,0xc6255a594299F1776de376d0509aB5ab875A6E3E,0.0,0.001100013,confirmed
2025-10-24T17:56:42.075961,ethereum_tx,0x2f53f8c4efd11e4493a58ad0b3c477cccecd70bd30cb7ecfe8c9e4dfa9a38b88,9481725,0x827F93f3594f2e5250ebFc1Ad341FF47668Da3a9,0xF9BdF7C59490D6A4fC341613fd6cfa094b7b0C37,0.0,0.001100012,confirmed
2025-10-24T17:56:42.075961,ethereum_tx,0x67d8131805d39a52077a099a8e2548744cac46a0d2ac04e3c9c2f57ec8d7c4eb,9481725,0x065bb664C4Bf610558297150b4EDF18c8Ba494e8,,8.61e-16,0.001100012,confirmed
2025-10-24T17:56:42.075961,ethereum_tx,0x0d9dc3daba7901ea9e84a28dd31d398db0d985111e38c9906303dae3ef463f4c,9481725,0x3Da763C42E438eB17880fB6A83040d6cf13eF03b,0xFf00000000000000000000000000000000042069,0.0,0.001100012,confirmed
2025-10-24T17:56:42.075961,ethereum_tx,0xc441f7c58c41922ebf41b88368b1aae8fdd59aa9196cd6f048ba35fd715efc40,9481725,0x9905E8C3A4f82037170a8c411CD8b11D4894066f,0xd0dbB2486e3Fbf371D1B2e35Fa330bef6529d2f4,0.0,0.001100012,confirmed
2025-10-24T17:56:42.075961,ethereum_tx,0x373cb950ae8969ef1c72037338fea293203f755e24fe59f66713c91e0cf4495d,9481725,0xb3a1956Cff1ecc8054B81b0C83b9847CB71384b8,0xCf8EDB3333Fae73b23f689229F4De6Ac95d1f707,0.0,0.001100012,confirmed
2025-10-24T17:56:42.075961,ethereum_tx,0xb53f72dade6720843c478cbd7ea1c62d4fdc631c875987c8b89e92d01be51c40,9481725,0xb3a1956Cff1ecc8054B81b0C83b9847CB71384b8,0xCf8EDB3333Fae73b23f689229F4De6Ac95d1f707,0.0,0.001100012,confirmed
2025-10-24T17:56:42.075961,ethereum_tx,0xeee44b7e2f3378b5635f03cbd802496913fe96435d69fb5fd032d937e76ae7db,9481725,0x61d8838f9A00250C9AF13D622DA7c08c372ee587,0xCf8EDB3333Fae73b23f689229F4De6Ac95d1f707,0.0,0.001100012,confirmed
2025-10-24T17:56:42.075961,ethereum_tx,0x3d9859e93105660e419d705e20f17398e9ed85279cbf44f8d9a0e19b41e044cf,9481725,0xDB41c0cbFCEf2F0ff1f02Cc5E25A9C6673b4a958,0xc5445e3F1a7428Fb6C39c3016244799D6Cd47e75,0.0,0.001100012,confirmed
2025-10-24T17:56:42.075961,ethereum_tx,0x1e7d50ee44661a154bc0557c7e1ca77c28e2d984741919775a2b10fc831e2239,9481725,0xfdEd9558621D73BeA075A3b376E9792874F36eC8,0x3eDF60dd017aCe33A0220F78741b5581C385A1BA,0.0,0.001052644,confirmed
2025-10-24T17:56:42.075961,ethereum_tx,0xa8b7cc14c6867b3ea87704ccec66fa5b69af7bf180800e23649d09559d7a0cb1,9481725,0x01a235b346D77f3045da3154ff679Bf29eE0deda,0xDA895177CD1f3CF9A228DB841abCb2E3a35c7aE3,0.0,0.001000012,confirmed
2025-10-24T17:56:42.075961,ethereum_tx,0x8dac542c081eb85feab3d422a9fe7ec0c94af2a9a588c83da914241e4a0f4077,9481725,0xDb95d4E30E6e7967563567621Dc4297024BDAf66,0x0000000000000000000000000000000000000000,2.61e-05,0.001000012,confirmed
2025-10-24T17:56:42.075961,ethereum_tx,0x668e7e8296b98008eac8ece6202eb60a071ccc31e47b64a79ba3f8799a1f72f9,9481725,0xb0279602AAfF868318e0Dd68f597A25c445019D9,0x0000000000000000000000000000000000000000,1e-05,0.001000012,confirmed
2025-10-24T17:56:42.075961,ethereum_tx,0x5e035e13b8834f3e4a10bda45be85ce261e51580779f00498c9669ba0f891cba,9481725,0x7250b2453578Bca4d4B6ee3e713949641Ec74652,0xd3cF98e9A9EA79Cb0aE23D119C4f043DB1f58196,2.02e-06,0.001000012,confirmed
2025-10-24T17:56:42.075961,ethereum_tx,0xe90a3547ff0a44c6f543a8c00573acc4ea5209dcca93c45480540a89b32ffef2,9481725,0x05Dd32De55110e885482Dda7bF0c0A3042ebaF70,0x03C66CB1826BDB0395BF31E68Bf7E873e9564fFB,0.0,0.001000012,confirmed
2025-10-24T17:56:42.075961,ethereum_tx,0x88708994041e77cab6c37db41ff1bf7d2b5246a3319fa2640ac05dd908cf7370,9481725,0x08cAFbA672a0Ca10A23e05b9DAc516e294F2e0B2,0xfc483b356282aa3085F00157380c0Ef1507fb7E8,1.06e-06,0.001000012,confirmed
2025-10-24T17:56:42.075961,ethereum_tx,0xf5c6c34ee48cc4f87ab254b669276c7fa1a5c1b1dc9043fe148c560cabf00649,9481725,0xA1F3fC644FB215C61930A0d09d2C64C18E93A6c7,0x03C66CB1826BDB0395BF31E68Bf7E873e9564fFB,0.0,0.001000012,confirmed
2025-10-24T17:56:42.075961,ethereum_tx,0x6ea4437320cc27cafc994bdb80bedf500fa133159c412d3fbc7465f97b279c4f,9481725,0x82530F65F0eD60197bE329DC634D1eD47049E205,0xDA0e6DE79DC5B64A4249ea0ac89801f8A0dd049C,0.0001,0.001000012,confirmed
2025-10-24T17:56:42.075961,ethereum_tx,0x588943ba67a7f08888bb0e53c12d0337ac4c1a110f2dc6943e559bb322249f72,9481725,0x8D12d12F62C7DBc25b9CB6dBf7deddDf4618e892,0x03C66CB1826BDB0395BF31E68Bf7E873e9564fFB,0.0,0.001000012,confirmed
2025-10-24T17:56:42.075961,ethereum_tx,0x5e6d833d3ea8a5180a62e33ab212043545b8b1087c21fdde681a5a36e6585d6c,9481725,0xDdF7e92D44B7FE80e937ED96989F5A95c285E623,0x03C66CB1826BDB0395BF31E68Bf7E873e9564fFB,0.0,0.001000012,confirmed
2025-10-24T17:56:42.075961,ethereum_tx,0x1de9c15da715ee9c814c128f5bc4dbe46b7ff5a7499b5bd89d9659bda5789911,9481725,0x07F609db18F0c99F90fDcF9bcE4fe6f2638ab2E2,0x03C66CB1826BDB0395BF31E68Bf7E873e9564fFB,0.0,0.001000012,confirmed
2025-10-24T17:56:42.075961,ethereum_tx,0x5fd8315e94f69bb929f9067d2618424e66008e7bbe590dd80dd91e9b73aa282c,9481725,0x12BA31a1a722d991dcFE50b3D6c71E9e98bc519C,0x03C66CB1826BDB0395BF31E68Bf7E873e9564fFB,0.0,0.001000012,confirmed
2025-10-24T17:56:42.075961,ethereum_tx,0x08172f7fd6cd950ba1ede4b31c8a069435d6c5430dc8571a664045e41d45891c,9481725,0xC7AF91293dC7dF3DdF0bF0dDD14AaA96aE63BD4E,0x9FB3F146DA357D9C8CD85563dFE1541330278a09,0.0,0.001000012,confirmed
2025-10-24T17:56:42.075961,ethereum_tx,0x02668bc901daac855be8961998934e17fae2e48f780b6d870be2c0947d981ce2,9481725,0xb3Fb53Aec32a7B31e21d155364E7A7eE9c20A39f,0x87A3effB84CBE1E4caB6Ab430139eC41d156D55A,0.0,0.001000012,confirmed
2025-10-24T17:56:42.075961,ethereum_tx,0x1492483d6b5ebbb2730c5fe322b6e0fb27cdc067b1081f672e1ce455551f5a14,9481725,0xcD12Ed9b63603bc9685Cda552c0156d9b297b41F,0x87A3effB84CBE1E4caB6Ab430139eC41d156D55A,0.0,0.001000012,confirmed
2025-10-24T17:56:42.075961,ethereum_tx,0x8b5d29127ebf055e553fa6f4d6a22456b763f8295d84447034563813c256ee14,9481725,0x2E009773eF943B4A87f00b3B60B9CF1386D92a50,0x08d2b0a37F869FF76BACB5Bab3278E26ab7067B7,3.14e-05,0.001000012,confirmed
2025-10-24T17:56:42.075961,ethereum_tx,0x82f4d55340bed70718cdc1af614c87e38b161bc487e964381037ebe04b82c7e2,9481725,0x940308Ea04F4020B28935E4C1470b6f1F1bA6f7E,0x08d2b0a37F869FF76BACB5Bab3278E26ab7067B7,5.64e-05,0.001000012,confirmed
2025-10-24T17:56:42.075961,ethereum_tx,0x8a73d401d08e158730c1eb4d2985591fafd65946a589805aa1212bc02c5248dc,9481725,0x73DA155ca8351Aa206c9ad1e1510134a3987166a,0x08d2b0a37F869FF76BACB5Bab3278E26ab7067B7,5e-05,0.001000012,confirmed
2025-10-24T17:56:42.075961,ethereum_tx,0xd3f3aeaeb242fa8bec7944eccf4b9e0ca6ac5c9657e97d8fea5356d1c2cf06af,9481725,0x0B0e2673A1CE96a115c2c53e1304eD4640294856,0x08d2b0a37F869FF76BACB5Bab3278E26ab7067B7,3e-06,0.001000012,confirmed
2025-10-24T17:56:42.075961,ethereum_tx,0xa2ad38357f39527d482456bfbb4e7c5ce5a1cc03a3d46c67a08660d6ad20e2f8,9481725,0xE15242D687a282c3F53baC817aa3e4246760794e,0x00C0887713509578a85f49fE6095e7653c7c36Be,1e-05,0.001000012,confirmed
2025-10-24T17:56:42.075961,ethereum_tx,0xa761190f6c02920fa3f5407c142641280a5c728083978c2f44a892d73ac4d4e6,9481725,0xBd07429B3caD07cEbcd940380f6fBE0845B03553,0x87A3effB84CBE1E4caB6Ab430139eC41d156D55A,0.0,0.001000012,confirmed
2025-10-24T17:56:42.075961,ethereum_tx,0x9221f3eb2ea223e86aa680db2fd6ccc0a19cad51ca7bc0a662c61d88bf490a02,9481725,0x98B9B0C6BC2D2F64c9B8928287Be2552D1A0cE57,0x4A5aA4FBB922897d3A8D31762152F81BFDC513BE,4.9e-06,0.001000012,confirmed
2025-10-24T17:56:42.075961,ethereum_tx,0x791f09502719f246e2eefa22952745a49756e057b583f2bf85495b2d93c2b59a,9481725,0x5d72984B2e1170EAA0DA4BC22B25C87729C5EBB3,0xd4116f515A6958da851080B390DDE4B81f408978,0.0,0.001000001,confirmed
2025-10-24T17:56:42.075961,ethereum_tx,0x45480b03aafebb673b9aba9409b44c97afe846b36914129ca3743d35ba9e6afd,9481725,0xb7BD8F6407F0DC96800272066dB0eB388516C9e7,0x956962C34687A954e611A83619ABaA37Ce6bC78A,1e-06,0.001,confirmed
2025-10-24T17:56:42.075961,ethereum_tx,0xb87a92f01df52fd3123c6a6a7cbe87b1296004142d71c085c170f57d55356033,9481725,0x0b21b7d6362Cdd4A8711b6B72052c1073B9da83A,0x956962C34687A954e611A83619ABaA37Ce6bC78A,0.0,0.001,confirmed
2025-10-24T17:56:42.075961,ethereum_tx,0xc1e00935e59aa426ba912e35460c706c68faaec7f6b0fd06c4d076ab0ec7f445,9481725,0xa1F1D58bbc4E67d3C043625470077E91AcB71aCd,0x956962C34687A954e611A83619ABaA37Ce6bC78A,1e-06,0.001,confirmed
2025-10-24T17:56:42.075961,ethereum_tx,0x161fe25295f7b7629865e8bd6560d232b625790ab535af98d767b543639a8659,9481725,0x7dC9191Fc140030E7f3a40676E8F0E96Ca49ff8C,0x956962C34687A954e611A83619ABaA37Ce6bC78A,3e-06,0.001,confirmed
2025-10-24T17:56:42.075961,ethereum_tx,0xe808cb790c5806451b1a6ae227c0343baf2b314e76d97a1ed19e752a673d7621,9481725,0xBf7fC55DAD6aa8e72B8160A4c48E2565AfaEeeD9,0x956962C34687A954e611A83619ABaA37Ce6bC78A,1e-05,0.001,confirmed
2025-10-24T17:56:42.075961,ethereum_tx,0xa79a05615e3073483700790ecff3a49976be38167d6bb43848a111c114de9e8e,9481725,0x282ec3068b2BE4F069CA02BE7eE6c4194216D175,0x956962C34687A954e611A83619ABaA37Ce6bC78A,1e-06,0.001,confirmed
2025-10-24T17:56:42.075961,ethereum_tx,0x2ff97b21e7dc9513258c652ba3a1570cf14ddcbed27ffadddf268de2f229ca68,9481725,0x369fbf121668CE13D47A6B1B7c80decdDE711dE5,0x956962C34687A954e611A83619ABaA37Ce6bC78A,1e-07,0.001,confirmed
2025-10-24T17:56:42.075961,ethereum_tx,0xd4b09559ff92d08ba79568f810f809e14e3cbb3f4ed23cff7296dc5a88d09394,9481725,0xDCF84dA6158c44eed338B8fdC56d6d61Fb2E5d04,0x956962C34687A954e611A83619ABaA37Ce6bC78A,1e-07,0.001,confirmed
2025-10-24T17:56:42.075961,ethereum_tx,0x1a36609c6d4d9b84d6f711ab924384a6ce597670bfc7602ac01ab02b4c5af596,9481725,0x1CEC97bfF5D6440659c56FB200A66c45152c7298,0x956962C34687A954e611A83619ABaA37Ce6bC78A,1e-06,0.001,confirmed
2025-10-24T17:56:42.075961,ethereum_tx,0x1f7fe31d88443652557809f0114f080e7c6211c04ca9d0c605025d852d995ec2,9481725,0xE1Be830A56cf5979333feD8b6be88e1e2E45178A,0x956962C34687A954e611A83619ABaA37Ce6bC78A,1e-06,0.001,confirmed
2025-10-24T17:56:42.075961,ethereum_tx,0x5da1c168d03f0166a2b6fbeeda93e2ef0204ac0e4e24612eb5a58932d5e845c2,9481725,0xe03F5Eea59b3e719653d522811A49E089FA0DE8e,0x956962C34687A954e611A83619ABaA37Ce6bC78A,0.001,0.001,confirmed
2025-10-24T17:56:42.075961,ethereum_tx,0xf4b95005c538078c1530ff7decb7b34cb67d7d1d1237ae0f469353c23583b5d3,9481725,0x55FE1ab3390E3d66064D4f4F11B92c2ED0F03C20,0x956962C34687A954e611A83619ABaA37Ce6bC78A,1e-06,0.001,confirmed
2025-10-24T17:56:42.075961,ethereum_tx,0x5e4ba384c7d2959300d98053d5694a0a52671494af7943a8e81c6c2d965030ea,9481725,0x3029af9a320BC000d45EAC857FeAaaefb2ff3863,0x956962C34687A954e611A83619ABaA37Ce6bC78A,1e-06,0.001,confirmed
2025-10-24T17:56:42.075961,ethereum_tx,0x6e982691473454b4bb603f046fac50bf5472731d31b86715d5e44998938e7e2d,9481725,0xcC05E956be7B2F3AdCD13cc6005C1C87bc3E5F78,0x956962C34687A954e611A83619ABaA37Ce6bC78A,0.0001,0.001,confirmed
2025-10-24T17:56:42.075961,ethereum_tx,0xdb4686765cbe032128712ec225b77b710d35bc7065d27afe09980106ae33b247,9481725,0xdcC8dB3296eA8bAF6a7Ae681f4a47CDfEB1A61bD,0x329630163D90404ae55D11BE8Cc76B0479555282,0.0,0.001,confirmed
2025-10-24T17:56:42.075961,ethereum_tx,0xfa65a8218ef678a9043d92aadd243b142b3b37bb1bee9b01d90c123ec8cf8181,9481725,0xbA288D5841f1d2702A096679C01838cB945CBc6B,0x956962C34687A954e611A83619ABaA37Ce6bC78A,0.0002,0.001,confirmed
2025-10-24T17:56:42.075961,ethereum_tx,0x314c47627bfc903f9e0cb20e9299de227cb781e9947009df6ed98954c606f1b8,9481725,0x7E71608178d18B56C7E478867D6777b90f46C71A,0x956962C34687A954e611A83619ABaA37Ce6bC78A,0.0001,0.001,confirmed
2025-10-24T17:56:42.075961,ethereum_tx,0x55aee0595f81e67461b77c1c77476656d38d963b8bad450d43519ee4ac192029,9481725,0xEdcD42580b4F1e6FF119cDA571B4E50A386bE2bd,0x956962C34687A954e611A83619ABaA37Ce6bC78A,0.0001,0.001,confirmed
2025-10-24T17:56:42.075961,ethereum_tx,0x52289a4bfe7038a20816ba3bfa6ca8ce3db484d7b7fb5b53b33a4b17ecf95c8c,9481725,0x9C8FaA60ac71ad698FA1E9ba77C7F409eF4834cf,0x956962C34687A954e611A83619ABaA37Ce6bC78A,0.000132,0.001,confirmed
2025-10-24T17:56:42.075961,ethereum_tx,0xa92a06eb98f2417a103b1610475bb6bf0d70e1c9824f57be8f5273e383e184a6,9481725,0x3147f2B54f644d58360c70FCA54826d0dd36f0aD,0x956962C34687A954e611A83619ABaA37Ce6bC78A,0.0001,0.001,confirmed
2025-10-24T17:56:42.075961,ethereum_tx,0x9c70c578306f4065563df48176e7c0baf82599c691c4cd2d2b71e21c0afb549d,9481725,0xF7067502F610fBcFA7158416af7550c0Bb24C020,0x956962C34687A954e611A83619ABaA37Ce6bC78A,1e-07,0.001,confirmed
2025-10-24T17:56:42.075961,ethereum_tx,0xa5368ad006e8548692b80173ec1d0ca87a046bb2488ecc6d6d922e8b3ffeac3d,9481725,0x94B794E59838De302CCf043d1c7C5E14fc6473A1,0x956962C34687A954e611A83619ABaA37Ce6bC78A,1e-07,0.001,confirmed
2025-10-24T17:56:42.075961,ethereum_tx,0x083dd1bb443cb225d2b901384033c36b24e536477f9d190492846c79b7be6d93,9481725,0x3E2aEB729b82Edb5ce1Af01c02746625C71C79f5,0x956962C34687A954e611A83619ABaA37Ce6bC78A,1e-07,0.001,confirmed
2025-10-24T17:56:42.075961,ethereum_tx,0x914abc225e2eaf8c7c80deb31ccadc7c81cad112df2dfacee8eb2e727b126756,9481725,0xB0752cCA8b78aAB13eA9bE15f9C2b88Fd8B6F043,0x956962C34687A954e611A83619ABaA37Ce6bC78A,1e-07,0.001,confirmed
2025-10-24T17:56:42.075961,ethereum_tx,0xf60f67d3aa83adb6e7ced6a0a076cbba2ac381a61efa22ea8ceb83a811d37c68,9481725,0x572e2B3140ea2a46F48E3ffe72e418C0883cE2C3,0x956962C34687A954e611A83619ABaA37Ce6bC78A,1e-07,0.001,confirmed
2025-10-24T17:56:42.075961,ethereum_tx,0xf17d39d90c341e080b7e1e70cda04c6f8f7628c9107a45a900d7e5abc25dbb60,9481726,0x3C95c2633296B264d051498C4b2e982EbB526A53,0x3C95c2633296B264d051498C4b2e982EbB526A53,0.0,4.1,confirmed
2025-10-24T17:56:42.075961,ethereum_tx,0x1d77a5453d37ebf2aae157495020595e03eda79f4ec8a74ede7d1c8622d8e285,9481726,0xCA45965Ec997b040Dd8E285Fa1b34ae9e8acCa4b,0xcA11bde05977b3631167028862bE2a173976CA11,0.0,3.000000012,confirmed
2025-10-24T17:56:42.075961,ethereum_tx,0xa0bd08fc54c21b1e0d47dadfa35e290d5f1cd197d77fccc13d53d7fc0dc2f270,9481726,0x55A07F9f7eD7F110c2Ddd8f2f5d8677Dc94aF4E2,0xeA30c4B8b44078Bbf8a6ef5b9f1eC1626C7848D9,0.0,2.200000012,confirmed
2025-10-24T17:56:42.075961,ethereum_tx,0xb84f7685dd8ff42f2cb840518d1c1d0079989ca763055844976297e3d00159a0,9481726,0xD844ba11F64d23a7481E24474D2f184e350B9B3d,0x1c7D4B196Cb0C7B01d743Fbc6116a902379C7238,0.0,2.000000012,confirmed
2025-10-24T17:56:42.075961,ethereum_tx,0x439af30d86b22c7c4ad5cdad45b1ca28a0c7de7261c036e552b7e592037ec856,9481726,0x2cB5cCbe2C5a9c1b7C7Fd20A282582c676500aD8,0xc6255a594299F1776de376d0509aB5ab875A6E3E,0.0,1.5,confirmed
2025-10-24T17:56:42.075961,ethereum_tx,0xcaf4d7180240d210a3768b14c9ca6b5bfa07a5b484f25220a9b7dbcce50e2967,9481726,0xd1E2F21985265C91Ef95A7f30A523671dA256eE6,0xc6255a594299F1776de376d0509aB5ab875A6E3E,0.0,1.5,confirmed
2025-10-24T17:56:42.075961,ethereum_tx,0x42e4c8625cba46b8678922b10cf719852945ae43497d601620119cf7a7580fb3,9481726,0x2B682821FaF1e4e65B358bF0De8eb5c82CF1BE18,0xc6255a594299F1776de376d0509aB5ab875A6E3E,0.0,1.5,confirmed
2025-10-24T17:56:42.075961,ethereum_tx,0xed5ba2e8e5969c748216f602be4ad1ef444ad5112bd5e9fa44da983302ee3bfc,9481726,0x9b9f21Fd5a1f410d97B104Ce5946AaB6dF899DE7,0xc6255a594299F1776de376d0509aB5ab875A6E3E,0.0,1.5,confirmed
2025-10-24T17:56:42.075961,ethereum_tx,0xd4976010b93633d7b5454eed086d53942f72f74d42d9a73d892c5ad432e56278,9481726,0x82be1B555B0Cacf7C8109108D36Fc1917629Fcc4,0x2A4496bbC344414e3bDbE6a8E7c40EF007DAeEd1,0.0,1.5,confirmed
2025-10-24T17:56:42.075961,ethereum_tx,0x14edf5af244ef892c8e0aff48e027a1fe0b033f12f444d8cbd9cbe9b49693028,9481726,0xeeD730dEF0186134EC0A6923d83d0d2D7CFb2d7E,0x2A4496bbC344414e3bDbE6a8E7c40EF007DAeEd1,0.0,1.5,confirmed
2025-10-24T17:56:42.075961,ethereum_tx,0x121b4eb4a2047a22eec85e7a4dd86c40d0462abe8ec1fc82125d40b23ee15c9e,9481726,0xD1b855C1A4824B5b5E3669dC2b2eeb01F166ADEC,0x57c5dC670eB6f571bDD8Fc1CF178c46c9A917A74,0.0,1.5,confirmed
2025-10-24T17:56:42.075961,ethereum_tx,0x3ff6067027dde2d55e620819bd5361d6d6d2692e37f756116cacfc042737400e,9481726,0xD4B14018514B32813e8E495DA1275450dE16f447,0x57c5dC670eB6f571bDD8Fc1CF178c46c9A917A74,0.0,1.5,confirmed
2025-10-24T17:56:42.075961,ethereum_tx,0x15abde69fd82262a7eb34e953681c454a50ce10aaf16b534daf8a9a6507df70e,9481726,0x4A8e6bBd564532d2fa7a9e6A9c0C18475A9Ac4CC,0xc6255a594299F1776de376d0509aB5ab875A6E3E,0.0,1.5,confirmed
2025-10-24T17:56:42.075961,ethereum_tx,0x429d92d2961a197c14597caa36c71648040ee0c6a5a8aa4d3469593c7fd9d14b,9481726,0xc0FE1EaC76b260c9cd833b8788948c1c71039388,0xc6255a594299F1776de376d0509aB5ab875A6E3E,0.0,1.5,confirmed
2025-10-24T17:56:42.075961,ethereum_tx,0x384c3b34f773ed2ec90ad55780f32f8fa5c792ffaa637f3106adbb2821989848,9481726,0x01846850749d7EaBd9765EB765391434DfEF3E2B,0x768499a1F272C916e80c8046b27E8bc535206e33,0.0,1.000000012,confirmed
2025-10-24T17:56:42.075961,ethereum_tx,0x88a604c894087cc1930e21d595f07fcf0f4457d35eb362a08ead8ce2368432ef,9481726,0xffb026F67DA0869EB3ABB090cB7F015CE0925CdF,0x4473EaE1011E18B0e3Ef89E9B912ede68d921423,0.0,1.000000012,confirmed
2025-10-24T17:56:42.075961,ethereum_tx,0xa1fe974fcb6baa2e33aab83b02bff9925a8cf9d94d2d84702d90604e807f8481,9481726,0x2e3392e6bBA85AFA1C4534A5c0cdC0c462dbb455,0x00Ce61f80A424ec033149A4Ca065aF1768955295,0.0,1.000000012,confirmed
2025-10-24T17:56:42.075961,ethereum_tx,0x67d6ae96e0f30f669821e6198c0619cefdb548a94622a045b92f8e01231e9542,9481726,0x45A9E762151139bA4059404989DcFAb068D69823,0xFf00000000000000000000000000260011155008,0.0,1.000000012,confirmed
2025-10-24T17:56:42.075961,ethereum_tx,0x68e85d50da205168620e94988117dbadd345c254c61ed92b46180a6d2019ef58,9481726,0xF0FEd0C0192539a1076d8BDa1233f414704d98Be,0x00D22efF04CF7d0f5A355A6D9A06E43120398dA6,0.0,1.000000012,confirmed
2025-10-24T17:56:42.075961,ethereum_tx,0xe9d4c1da397d09322810dedaf27ae4d7ab3716c65e01980efb8f739aafae4a07,9481726,0x7B52f71Ca50Bce413eaFF4a4287Cf4b9685f7602,0xD20103fE723A801056f5B063874861c623Cacd87,0.0,1.000000012,confirmed
2025-10-24T17:56:42.075961,ethereum_tx,0xfebef58d148288b0a6caa5870d193e9fea9b2a2a2e04483caaceb88ae4c76f0a,9481726,0xa029e2E511d10CC73b681a7BA0A0cb443AE956Ed,0x5F9364fd5F86091f0c654910c9Db71D3E2c889c3,0.0,1.000000012,confirmed
2025-10-24T17:56:42.075961,ethereum_tx,0x218ed3e468aed80e2cab34e5ba292e56e04b2673725210e0424cbbda638b996b,9481726,0x5433Edc9F6490408a2D01DA6292c18Ead2AaeA6f,0x7976dFd7fB1293F61aD32c4396B89fCB65D07246,0.0,1.000000012,confirmed
2025-10-24T17:56:42.075961,ethereum_tx,0xadde429aa1b14309498fa401e2705ff6bfd68be62ac583b382cfd3a37b6967cb,9481726,0x51db1d62C31c5949a58b36dF32d72f1b2A89DeD3,0x467A324E8b24E044bFB55Be5f5feD9E5466FE661,0.0,1.000000012,confirmed
2025-10-24T17:56:42.075961,ethereum_tx,0xa41d3de185b8ec1acc33edbd47a9976a83fe5b8652d2322a40a9cb5d1fef3b74,9481726,0x747401d96E16b6080A304C38c4FBc1eeD0F5eF9F,0x64Fea9fC40Fe37D2f27FAcb7657f6a67D5E33591,0.0,0.050000012,confirmed
2025-10-24T17:56:42.075961,ethereum_tx,0x18c9558c9e7f6cc5a27308c077716b9eebdac259c123ac88386d4f98c3a1e204,9481726,0x6CcDa25fa256B9CFb24C224D2Bc45B19d3D2A7d7,0xf993E10C83Fe26DddFc6cb5E82444C44201e8a9C,1e-06,0.020000012,confirmed
2025-10-24T17:56:42.075961,ethereum_tx,0xbaf5b0d3c6b62bd645a9d88141e0be2672c47e3ddd824e7d05d91dd017323cac,9481726,0xf95f22c668D2fCA52E153D35Cc299849eF4c8f5E,0xf993E10C83Fe26DddFc6cb5E82444C44201e8a9C,1e-06,0.020000012,confirmed
2025-10-24T17:56:42.075961,ethereum_tx,0x7e8bc80299d490abb3a3b27fd423cb1b2290f77bf4f63491dad657c036cb1250,9481726,0x6A868f9C53AA65d0A750e14a064480dED4893001,0xf993E10C83Fe26DddFc6cb5E82444C44201e8a9C,1e-06,0.020000012,confirmed
2025-10-24T17:56:42.075961,ethereum_tx,0xdb80c2bf86639800f4fd19106a1671e3b55fdca228628328c85de63a24cd892f,9481726,0x8C18224805f434Bf78DC6a361764bB179C9454a9,0xf993E10C83Fe26DddFc6cb5E82444C44201e8a9C,1e-06,0.020000012,confirmed
2025-10-24T17:56:42.075961,ethereum_tx,0x776a88f2d23c83c7253b7ece345d08bd35de5be8daf319aea35df18881196291,9481726,0x4777B3a45c29E93e9afcDE7AefF5d35cabCB2323,0xd82F42477B6A1D8521866Cbf394e75eC3136CE7e,0.0,0.002000012,confirmed
2025-10-24T17:56:42.075961,ethereum_tx,0x6f71b69bc60eb4764c555976e7f9dd8ae3f6f8e3efad41ab3d0cca322187023a,9481726,0xe3AeaAFFa89d385343a8c4C07F4335C6b7598C81,0x956962C34687A954e611A83619ABaA37Ce6bC78A,2.8314336938288e-05,0.001500018,confirmed
2025-10-24T17:56:42.075961,ethereum_tx,0x4e20c196bfd2a7501ee5797616ea35a158b8a83a258de73304aa13dcfe738db1,9481726,0x277b5bC85a14E03e83D101900cDC2ed62D6b2e85,0x956962C34687A954e611A83619ABaA37Ce6bC78A,2.3770336556e-06,0.001500018,confirmed
2025-10-24T17:56:42.075961,ethereum_tx,0x25721d4674b31841f5a1dffef73dd861b327bfdd1d12c6647a44d9035808677e,9481726,0x7c6fDCF2Ea8Fa9D7164aFC02D7C7e99204ba1757,0xC959483DBa39aa9E78757139af0e9a2EDEb3f42D,0.0,0.001200014,confirmed
2025-10-24T17:56:42.075961,ethereum_tx,0x333811f56771d0531e697684507ab731ceb8a3237d16573fd0b8708b4935ea11,9481726,0x3Da763C42E438eB17880fB6A83040d6cf13eF03b,0xFf00000000000000000000000000000000042069,0.0,0.001100012,confirmed
2025-10-24T17:56:42.075961,ethereum_tx,0x235f10ebe40d10b0894835e7ea02ef60965b62ed4a08e0b52adf84f8fb9f4dda,9481726,0xE3926a167486568213F73752cBfA47053Ee74096,,0.0,0.001100012,confirmed
2025-10-24T17:56:42.075961,ethereum_tx,0x7cf3689c7a05cee43854b00b80955201f99105f6bf8ce354d561e799f48a3021,9481726,0xDB41c0cbFCEf2F0ff1f02Cc5E25A9C6673b4a958,0xc5445e3F1a7428Fb6C39c3016244799D6Cd47e75,0.0,0.001100012,confirmed
2025-10-24T17:56:42.075961,ethereum_tx,0x8b62fd6ac9b36b76237c6f87e634ce7ffd25f9f7b0ebb0f968b431ddf39bd48e,9481726,0x065bb664C4Bf610558297150b4EDF18c8Ba494e8,,8.61e-16,0.001100012,confirmed
2025-10-24T17:56:42.075961,ethereum_tx,0x2c6fb97543e9cc5b9933957e5f0abc0634db07206bcbc00c4c7848504678970e,9481726,0xFA646594bF2241061314d53e850A466815B3600a,0x738e96D813a47552499fe1C82E8dD415f7afB7C3,0.0,0.001100012,confirmed
2025-10-24T17:56:42.075961,ethereum_tx,0xdbb063d15e85b9cbc493fdc926a9bbecb272927501775901d30a055dfb66f406,9481726,0xA2bfAc45e6878fbE04525C23dFbb11fFb224Ea60,0xd0dbB2486e3Fbf371D1B2e35Fa330bef6529d2f4,0.0,0.001100012,confirmed
2025-10-24T17:56:42.075961,ethereum_tx,0x672b1733f6bb81d323e20cf3b09a7ea28028ef4aa23bbfe6fe71407292cb5bf2,9481726,0x36a46774A3743641D4C274b385608Cb455B5B6b8,0xd0dbB2486e3Fbf371D1B2e35Fa330bef6529d2f4,0.0,0.001100012,confirmed
2025-10-24T17:56:42.075961,ethereum_tx,0x535b6ea42a54bfc8efd7d2bf7be5fa97eb1276567f07b8df751cf1fcdef595c9,9481726,0x715d1084b1237Ba6a61447890F282E2505471EEC,0xb5A49949C49dEDD852F9f0f419b17aD2785032db,0.0,0.001100012,confirmed
2025-10-24T17:56:42.075961,ethereum_tx,0x815731b96fc3bbb1f74e5c3205511c6fb4a5e48742246aaea34124f86de1108d,9481726,0xb3a1956Cff1ecc8054B81b0C83b9847CB71384b8,0xCf8EDB3333Fae73b23f689229F4De6Ac95d1f707,0.0,0.001100012,confirmed
2025-10-24T17:56:42.075961,ethereum_tx,0x25003a29573f605b7d9778c5a8f07e7cec46e28627ef172571bd8cb88c0ecd27,9481726,0xb3a1956Cff1ecc8054B81b0C83b9847CB71384b8,0xCf8EDB3333Fae73b23f689229F4De6Ac95d1f707,0.0,0.001100012,confirmed
2025-10-24T17:56:42.075961,ethereum_tx,0xc56d54551f7eb5fe1ec87c39a3d00f53dfb9ff868960e779e3931bcf75c62346,9481726,0x95A13F457C76d10A40D7e8497eD4F40c53F4d04b,0xf6aC130554263b3f54772917da4aaEf718fdC2d3,0.05,0.001100012,confirmed
2025-10-24T17:56:42.075961,ethereum_tx,0xcdc74d9d1b4d0d985e792716f27e5be171675185c7c6eb33cc20ca58383e9549,9481726,0x1f5Fa087790632De326F652d20975f38371C5400,0x7215691F60C4fA7Bb82c5Ac44c7d57dc32bB0493,0.0,0.001052644,confirmed
2025-10-24T17:56:42.075961,ethereum_tx,0xcfc5399fc22ff2e5ae2c506043f9efbf06d79c85a0db4eeab826239579880ed2,9481726,0xe1f3100A1601Eb2F67ae18AC2339fF214F426186,0xC22834581EbC8527d974F8a1c97E1bEA4EF910BC,0.0,0.001000012,confirmed
2025-10-24T17:56:42.075961,ethereum_tx,0x6e0630f98b1d95ef3186a89acb0b81268efefd5f524bbc61e30fba2e5e645eee,9481726,0x2cd38c141c4eD05327b6A20f5E382A586d45F3aE,0xD4C3B70Ac1547D66Bc89F8607C58Dd544412e8B7,0.0,0.001000012,confirmed
2025-10-24T17:56:42.075961,ethereum_tx,0xd4f4f250c7a4394c6494138a0cbf052893550d9863cae6cfc740fdb476bb6505,9481726,0xF4781425165Ad555F3869A71ED0Aa975873B0Df0,0x08d2b0a37F869FF76BACB5Bab3278E26ab7067B7,3e-05,0.001000012,confirmed
2025-10-24T17:56:42.075961,ethereum_tx,0xe37030b5e081c1707338638ea9843678465d9c661d257f9d66567c3870938dc9,9481726,0xd0df7330563aA552E4c9146c0742DcE48C88c766,0x853758425e953739F5438fd6fd0Efe04A477b039,0.0001,0.001000012,confirmed
2025-10-24T17:56:42.075961,ethereum_tx,0xde21ee9df3daf3c329db048641c1f954b3f715bad507236dbd4525b093ac624a,9481726,0xb0279602AAfF868318e0Dd68f597A25c445019D9,0x0000000000000000000000000000000000000000,1e-05,0.001000012,confirmed
2025-10-24T17:56:42.075961,ethereum_tx,0x45e008f0302ba9417979a43d976b7ad5537813389cb23705a17c1a37f020177a,9481726,0x6d95AbF89c16Bb1682DEa4b31C85e311D569567e,0xEa1499503adDDC74Fc284a5707D29bCAc8cd48ca,0.0,0.001000012,confirmed
2025-10-24T17:56:42.075961,ethereum_tx,0x6d6264c6cb2fcaac072bcd809040f79e07c18c781eee5cacab83a5f5b3d8b0cc,9481726,0x4cf1C581b081b600E33D75756dbB4615d248da19,0x03C66CB1826BDB0395BF31E68Bf7E873e9564fFB,0.0,0.001000012,confirmed
2025-10-24T17:56:42.075961,ethereum_tx,0xd37da1cc1e1ded23f408d6574e9153b06ce7170dac5e19d76a58b0cf309539aa,9481726,0xcEca18e0C39682EC291b57550dEBD604a1409eb2,0x87A3effB84CBE1E4caB6Ab430139eC41d156D55A,0.0,0.001000012,confirmed
2025-10-24T17:56:42.075961,ethereum_tx,0x74bc4d69a1834c31de16db63f103d40eaa86acecd4cf56af3ee17b02949b3da1,9481726,0xf9D62E4c9E06234965be1E06f742717537cCf0b2,0xD4C3B70Ac1547D66Bc89F8607C58Dd544412e8B7,0.0,0.001000012,confirmed
2025-10-24T17:56:42.075961,ethereum_tx,0xd98e96a8d9f223392e1f1854245867a0fd7ff332fb2a5d7e046e9b10e6252dd6,9481726,0xcC8f2A1f74dA812568017Cd850Dfb2d659c496da,0x03C66CB1826BDB0395BF31E68Bf7E873e9564fFB,0.0,0.001000012,confirmed
2025-10-24T17:56:42.075961,ethereum_tx,0x108876277daf8e4ef81fb91644a644534bb056c63c2cb50c30150016352a722b,9481726,0x201fF2620e102b62350261d471f9710EE0fEfb12,0x5e4fa26cBA6A82434482B6Cca4cabFDb61f7e789,0.0,0.001000012,confirmed
2025-10-24T17:56:42.075961,ethereum_tx,0x75cd1caa7f71fa9a2bbf681643fe8d181c2dc3a929ddf98f33195a7a89dc1669,9481726,0xba32009EBEb8D17A5C47df1b2e1aa040e28A096e,0x08d2b0a37F869FF76BACB5Bab3278E26ab7067B7,6e-05,0.001000012,confirmed
2025-10-24T17:56:42.075961,ethereum_tx,0x124743866c184686e788e19cbefc5b99d9ea71931ec08abc4ba7c916343ed556,9481726,0xd8FAad3C2b7e952bAE8061ee289552A757d70A72,0x03C66CB1826BDB0395BF31E68Bf7E873e9564fFB,0.0,0.001000012,confirmed
2025-10-24T17:56:42.075961,ethereum_tx,0x175169bda8543427c1e0dcee5d47d8747aa7b10bb6cbe8810cb371acc3b1480b,9481726,0xcD12Ed9b63603bc9685Cda552c0156d9b297b41F,0x87A3effB84CBE1E4caB6Ab430139eC41d156D55A,0.0,0.001000012,confirmed
2025-10-24T17:56:42.075961,ethereum_tx,0xd8dca0937027b0af75f46e17a110fabdf987d9678ca37894558c164e4ea32522,9481726,0x092Bf77B76797f9F8aE96a621c29B6F28184b117,0x03C66CB1826BDB0395BF31E68Bf7E873e9564fFB,0.0,0.001000012,confirmed
2025-10-24T17:56:42.075961,ethereum_tx,0xd3a2fe680e609a5311a500fb4a75e4bf73ea48fc52f039809541cafcbb2ab745,9481726,0x512e780ED91DF982f07Fe011C31e8c21507b3107,0x87A3effB84CBE1E4caB6Ab430139eC41d156D55A,7.8e-05,0.001000012,confirmed
2025-10-24T17:56:42.075961,ethereum_tx,0x45c1fb1f6f8939e4a947bb554b0c858f687f8bc9ea8afce08f77edcdc84a26bf,9481726,0x75e2b7a0157719447d64EBb8f40c48e255245f85,0x03C66CB1826BDB0395BF31E68Bf7E873e9564fFB,0.0,0.001000012,confirmed
2025-10-24T17:56:42.075961,ethereum_tx,0x67341052ae15738e2dccafaefc2e8b8216ad37f1a69e9ebe4d8db173e744949b,9481726,0x7E94934a1718a76Fa87d22625b3478694b1cFa79,0x03C66CB1826BDB0395BF31E68Bf7E873e9564fFB,0.0,0.001000012,confirmed
2025-10-24T17:56:42.075961,ethereum_tx,0xf6698befe1ccbf214366c2bc5617dac637ffcd87a6b4485ce60f1a8b801bafa2,9481726,0xecf212a269125F69B625Ad82bfb9722c1CF2F476,0x03C66CB1826BDB0395BF31E68Bf7E873e9564fFB,0.0,0.001000012,confirmed
2025-10-24T17:56:42.075961,ethereum_tx,0xfe066254476265e8e0014d7e84234cce93e2036806be7f589d726f3629307936,9481726,0x0B0e2673A1CE96a115c2c53e1304eD4640294856,0x08d2b0a37F869FF76BACB5Bab3278E26ab7067B7,2e-06,0.001000012,confirmed
2025-10-24T17:56:42.075961,ethereum_tx,0xfdecb4bca27d91357350ce4ab28e7f11a16667efa3b8024caa01a01e01ac776a,9481726,0x6d50EDC485a5c5C8E57e45994de1C8f8A11A7cee,0x6d50EDC485a5c5C8E57e45994de1C8f8A11A7cee,6.8e-05,0.001000012,confirmed
2025-10-24T17:56:42.075961,ethereum_tx,0xc5dfda9b2d4251f8313563fc4b9383e2f413fdb20696cb943cdf5ba4883f638c,9481726,0x86B83B6b8B96Bfd83d795AbAa8e7718F76A27eC1,0x03C66CB1826BDB0395BF31E68Bf7E873e9564fFB,0.0,0.001000012,confirmed
2025-10-24T17:56:42.075961,ethereum_tx,0xf87435c1ce96939b43c8b5ca4c0ed28e805afab7191fe73d76165bbe0c86786b,9481726,0x453b44130afA449d6657Bc6f18D64267B8e7d219,0x62899dC38702f149Ff3DB4329857c4601252701E,2.66e-06,0.001000012,confirmed
2025-10-24T17:56:42.075961,ethereum_tx,0xf24343b9315be6a5826b5ee953fa6a30aa7ed28d55d4b3a1727c21322c569dd0,9481726,0x2B4A381737D282224766461F49D2B40342f49D79,0x03C66CB1826BDB0395BF31E68Bf7E873e9564fFB,0.0,0.001000012,confirmed
2025-10-24T17:56:42.075961,ethereum_tx,0x716fdb5b4dfa2718d04e7a3dc4296d05adef299d49d01a4ddcdc377081f1cbba,9481726,0xF9510FFe7EB562c308B3e46823A235F0282d8e65,0x75Dff412dcBfEaf861d0Aa51a1c245262e06ad6F,1.33e-06,0.001000012,confirmed
